# n +  27Al: Production of  24Na - Total
# Q-value    =-3.13255E+00 mass=  23.990963
# E-threshold= 3.24966E+00
# # energies =   592
#     E          xs
 1.00000E-11 0.00000E+00
 2.53000E-08 0.00000E+00
 1.00000E-05 0.00000E+00
 2.25000E-03 0.00000E+00
 2.50000E-03 0.00000E+00
 9.00000E-03 0.00000E+00
 1.00000E-02 0.00000E+00
 3.00000E-02 0.00000E+00
 4.50000E-02 0.00000E+00
 5.00000E-02 0.00000E+00
 7.00000E-02 0.00000E+00
 1.00000E-01 0.00000E+00
 3.00000E-01 0.00000E+00
 5.00000E-01 0.00000E+00
 7.00000E-01 0.00000E+00
 8.00000E-01 0.00000E+00
 8.45000E-01 0.00000E+00
 8.48000E-01 0.00000E+00
 8.50000E-01 0.00000E+00
 8.52000E-01 0.00000E+00
 8.54000E-01 0.00000E+00
 8.56000E-01 0.00000E+00
 8.59000E-01 0.00000E+00
 8.62000E-01 0.00000E+00
 8.64000E-01 0.00000E+00
 8.68000E-01 0.00000E+00
 8.72000E-01 0.00000E+00
 8.75000E-01 0.00000E+00
 8.78000E-01 0.00000E+00
 8.85000E-01 0.00000E+00
 8.95000E-01 0.00000E+00
 9.05000E-01 0.00000E+00
 9.10000E-01 0.00000E+00
 9.14000E-01 0.00000E+00
 9.16500E-01 0.00000E+00
 9.18000E-01 0.00000E+00
 9.20000E-01 0.00000E+00
 9.22000E-01 0.00000E+00
 9.27000E-01 0.00000E+00
 9.29000E-01 0.00000E+00
 9.33000E-01 0.00000E+00
 9.36000E-01 0.00000E+00
 9.38000E-01 0.00000E+00
 9.40000E-01 0.00000E+00
 9.44000E-01 0.00000E+00
 9.50000E-01 0.00000E+00
 9.64000E-01 0.00000E+00
 9.68000E-01 0.00000E+00
 9.69500E-01 0.00000E+00
 9.70600E-01 0.00000E+00
 9.71500E-01 0.00000E+00
 9.72500E-01 0.00000E+00
 9.74000E-01 0.00000E+00
 9.79000E-01 0.00000E+00
 9.81000E-01 0.00000E+00
 9.86000E-01 0.00000E+00
 9.95000E-01 0.00000E+00
 1.00500E+00 0.00000E+00
 1.01600E+00 0.00000E+00
 1.02000E+00 0.00000E+00
 1.02500E+00 0.00000E+00
 1.02650E+00 0.00000E+00
 1.02900E+00 0.00000E+00
 1.03400E+00 0.00000E+00
 1.03800E+00 0.00000E+00
 1.04000E+00 0.00000E+00
 1.04300E+00 0.00000E+00
 1.05000E+00 0.00000E+00
 1.06000E+00 0.00000E+00
 1.08000E+00 0.00000E+00
 1.08400E+00 0.00000E+00
 1.09000E+00 0.00000E+00
 1.09400E+00 0.00000E+00
 1.10000E+00 0.00000E+00
 1.10400E+00 0.00000E+00
 1.11500E+00 0.00000E+00
 1.14000E+00 0.00000E+00
 1.14700E+00 0.00000E+00
 1.15020E+00 0.00000E+00
 1.15060E+00 0.00000E+00
 1.15150E+00 0.00000E+00
 1.16600E+00 0.00000E+00
 1.17600E+00 0.00000E+00
 1.18400E+00 0.00000E+00
 1.19300E+00 0.00000E+00
 1.21000E+00 0.00000E+00
 1.23800E+00 0.00000E+00
 1.25000E+00 0.00000E+00
 1.25600E+00 0.00000E+00
 1.26200E+00 0.00000E+00
 1.27500E+00 0.00000E+00
 1.28400E+00 0.00000E+00
 1.29100E+00 0.00000E+00
 1.31000E+00 0.00000E+00
 1.32200E+00 0.00000E+00
 1.34000E+00 0.00000E+00
 1.34600E+00 0.00000E+00
 1.35000E+00 0.00000E+00
 1.35500E+00 0.00000E+00
 1.36000E+00 0.00000E+00
 1.36800E+00 0.00000E+00
 1.37500E+00 0.00000E+00
 1.39000E+00 0.00000E+00
 1.40100E+00 0.00000E+00
 1.41400E+00 0.00000E+00
 1.42600E+00 0.00000E+00
 1.43600E+00 0.00000E+00
 1.44400E+00 0.00000E+00
 1.45100E+00 0.00000E+00
 1.46000E+00 0.00000E+00
 1.51000E+00 0.00000E+00
 1.53000E+00 0.00000E+00
 1.54200E+00 0.00000E+00
 1.55200E+00 0.00000E+00
 1.55900E+00 0.00000E+00
 1.56020E+00 0.00000E+00
 1.56200E+00 0.00000E+00
 1.58000E+00 0.00000E+00
 1.59800E+00 0.00000E+00
 1.60200E+00 0.00000E+00
 1.61000E+00 0.00000E+00
 1.62700E+00 0.00000E+00
 1.63100E+00 0.00000E+00
 1.63700E+00 0.00000E+00
 1.64400E+00 0.00000E+00
 1.65800E+00 0.00000E+00
 1.67400E+00 0.00000E+00
 1.70000E+00 0.00000E+00
 1.73000E+00 0.00000E+00
 1.73450E+00 0.00000E+00
 1.73900E+00 0.00000E+00
 1.74800E+00 0.00000E+00
 1.75800E+00 0.00000E+00
 1.78200E+00 0.00000E+00
 1.82800E+00 0.00000E+00
 1.84700E+00 0.00000E+00
 1.85300E+00 0.00000E+00
 1.85750E+00 0.00000E+00
 1.87400E+00 0.00000E+00
 1.89000E+00 0.00000E+00
 1.90000E+00 0.00000E+00
 1.91000E+00 0.00000E+00
 1.93000E+00 0.00000E+00
 1.95000E+00 0.00000E+00
 1.96000E+00 0.00000E+00
 1.97400E+00 0.00000E+00
 1.98400E+00 0.00000E+00
 2.00000E+00 0.00000E+00
 2.00800E+00 0.00000E+00
 2.01200E+00 0.00000E+00
 2.03400E+00 0.00000E+00
 2.04200E+00 0.00000E+00
 2.04950E+00 0.00000E+00
 2.06150E+00 0.00000E+00
 2.06850E+00 0.00000E+00
 2.08600E+00 0.00000E+00
 2.10000E+00 0.00000E+00
 2.11200E+00 0.00000E+00
 2.13600E+00 0.00000E+00
 2.15000E+00 0.00000E+00
 2.16800E+00 0.00000E+00
 2.18800E+00 0.00000E+00
 2.19800E+00 0.00000E+00
 2.20800E+00 0.00000E+00
 2.21800E+00 0.00000E+00
 2.23600E+00 0.00000E+00
 2.25400E+00 0.00000E+00
 2.28000E+00 0.00000E+00
 2.31000E+00 0.00000E+00
 2.33000E+00 0.00000E+00
 2.35000E+00 0.00000E+00
 2.35800E+00 0.00000E+00
 2.37400E+00 0.00000E+00
 2.39200E+00 0.00000E+00
 2.40600E+00 0.00000E+00
 2.42000E+00 0.00000E+00
 2.43200E+00 0.00000E+00
 2.45400E+00 0.00000E+00
 2.48200E+00 0.00000E+00
 2.50600E+00 0.00000E+00
 2.52600E+00 0.00000E+00
 2.54000E+00 0.00000E+00
 2.55200E+00 0.00000E+00
 2.56400E+00 0.00000E+00
 2.60000E+00 0.00000E+00
 2.62000E+00 0.00000E+00
 2.64500E+00 0.00000E+00
 2.66500E+00 0.00000E+00
 2.68500E+00 0.00000E+00
 2.71500E+00 0.00000E+00
 2.73500E+00 0.00000E+00
 2.74500E+00 0.00000E+00
 2.75500E+00 0.00000E+00
 2.77000E+00 0.00000E+00
 2.78500E+00 0.00000E+00
 2.79500E+00 0.00000E+00
 2.80500E+00 0.00000E+00
 2.82500E+00 0.00000E+00
 2.84500E+00 0.00000E+00
 2.85500E+00 0.00000E+00
 2.86500E+00 0.00000E+00
 2.87500E+00 0.00000E+00
 2.88500E+00 0.00000E+00
 2.89500E+00 0.00000E+00
 2.90500E+00 0.00000E+00
 2.91500E+00 0.00000E+00
 2.92000E+00 0.00000E+00
 2.93000E+00 0.00000E+00
 2.94000E+00 0.00000E+00
 2.95000E+00 0.00000E+00
 2.96500E+00 0.00000E+00
 2.98000E+00 0.00000E+00
 3.00500E+00 0.00000E+00
 3.01000E+00 0.00000E+00
 3.02000E+00 0.00000E+00
 3.03000E+00 0.00000E+00
 3.05000E+00 0.00000E+00
 3.06000E+00 0.00000E+00
 3.08500E+00 0.00000E+00
 3.09500E+00 0.00000E+00
 3.10500E+00 0.00000E+00
 3.11630E+00 0.00000E+00
 3.12500E+00 0.00000E+00
 3.13500E+00 0.00000E+00
 3.14500E+00 0.00000E+00
 3.15500E+00 0.00000E+00
 3.16500E+00 0.00000E+00
 3.17500E+00 0.00000E+00
 3.19000E+00 0.00000E+00
 3.20500E+00 0.00000E+00
 3.21500E+00 0.00000E+00
 3.23000E+00 0.00000E+00
 3.24500E+00 0.00000E+00
 3.25000E+00 0.00000E+00
 3.26500E+00 0.00000E+00
 3.27500E+00 0.00000E+00
 3.29000E+00 0.00000E+00
 3.30500E+00 0.00000E+00
 3.32000E+00 0.00000E+00
 3.35000E+00 0.00000E+00
 3.36000E+00 0.00000E+00
 3.37000E+00 0.00000E+00
 3.38500E+00 0.00000E+00
 3.39500E+00 0.00000E+00
 3.41000E+00 0.00000E+00
 3.42500E+00 0.00000E+00
 3.45000E+00 0.00000E+00
 3.46500E+00 0.00000E+00
 3.48500E+00 0.00000E+00
 3.49500E+00 0.00000E+00
 3.51000E+00 0.00000E+00
 3.52500E+00 0.00000E+00
 3.53500E+00 0.00000E+00
 3.56000E+00 0.00000E+00
 3.58000E+00 0.00000E+00
 3.60000E+00 0.00000E+00
 3.62000E+00 0.00000E+00
 3.63000E+00 0.00000E+00
 3.64500E+00 0.00000E+00
 3.67000E+00 0.00000E+00
 3.68000E+00 0.00000E+00
 3.69500E+00 0.00000E+00
 3.70500E+00 0.00000E+00
 3.71500E+00 0.00000E+00
 3.72500E+00 0.00000E+00
 3.75000E+00 0.00000E+00
 3.78000E+00 1.03927E-12
 3.80000E+00 3.07483E-12
 3.84500E+00 9.46510E-12
 3.86000E+00 1.21283E-11
 3.88000E+00 4.06998E-11
 3.89500E+00 1.01474E-10
 3.91500E+00 2.01382E-10
 3.94500E+00 3.89995E-10
 3.97000E+00 5.81715E-10
 3.99000E+00 1.65529E-09
 4.00000E+00 2.52006E-09
 4.02000E+00 4.56549E-09
 4.03000E+00 5.74311E-09
 4.05000E+00 8.40090E-09
 4.06500E+00 1.06529E-08
 4.07500E+00 1.22750E-08
 4.09000E+00 2.19373E-08
 4.10000E+00 3.19125E-08
 4.11000E+00 4.31046E-08
 4.12000E+00 5.55002E-08
 4.12500E+00 6.21447E-08
 4.13000E+00 6.90852E-08
 4.14000E+00 8.38406E-08
 4.14500E+00 9.16514E-08
 4.15000E+00 9.97495E-08
 4.15500E+00 1.08134E-07
 4.17000E+00 1.34965E-07
 4.17500E+00 1.44464E-07
 4.18500E+00 1.71477E-07
 4.20000E+00 2.93192E-07
 4.21500E+00 4.38105E-07
 4.24000E+00 7.29785E-07
 4.24500E+00 7.95485E-07
 4.25000E+00 8.63622E-07
 4.26000E+00 1.00704E-06
 4.27500E+00 1.23988E-06
 4.29000E+00 1.56906E-06
 4.29500E+00 1.81205E-06
 4.30000E+00 2.07004E-06
 4.32000E+00 3.25038E-06
 4.33000E+00 3.92816E-06
 4.34500E+00 5.05219E-06
 4.35000E+00 5.45510E-06
 4.37500E+00 7.67738E-06
 4.38000E+00 8.16277E-06
 4.39000E+00 9.17366E-06
 4.40000E+00 1.13523E-05
 4.42000E+00 1.67582E-05
 4.43000E+00 1.98487E-05
 4.44000E+00 2.31932E-05
 4.45000E+00 2.67885E-05
 4.46500E+00 3.26457E-05
 4.47000E+00 3.47201E-05
 4.47500E+00 3.68545E-05
 4.49500E+00 4.60323E-05
 4.50000E+00 5.04789E-05
 4.50500E+00 5.51586E-05
 4.52000E+00 7.05913E-05
 4.53000E+00 8.20262E-05
 4.54500E+00 1.00872E-04
 4.55000E+00 1.07599E-04
 4.56000E+00 1.21714E-04
 4.57000E+00 1.36704E-04
 4.60000E+00 1.87986E-04
 4.60500E+00 2.02706E-04
 4.62000E+00 2.50978E-04
 4.63500E+00 3.05323E-04
 4.64500E+00 3.44856E-04
 4.65000E+00 3.65599E-04
 4.66000E+00 4.09033E-04
 4.68000E+00 5.03547E-04
 4.70000E+00 6.00849E-04
 4.73000E+00 8.55112E-04
 4.74000E+00 9.54932E-04
 4.75000E+00 1.06109E-03
 4.76000E+00 1.16542E-03
 4.77000E+00 1.27889E-03
 4.78000E+00 1.39857E-03
 4.79000E+00 1.52392E-03
 4.80000E+00 1.65516E-03
 4.82000E+00 2.01270E-03
 4.83000E+00 2.22741E-03
 4.84000E+00 2.45591E-03
 4.85000E+00 2.69797E-03
 4.87000E+00 3.22102E-03
 4.88000E+00 3.50165E-03
 4.90000E+00 4.10089E-03
 4.91000E+00 4.41965E-03
 4.94000E+00 5.80627E-03
 4.95000E+00 6.32425E-03
 4.96000E+00 6.86935E-03
 4.97000E+00 7.44093E-03
 4.98000E+00 8.03891E-03
 4.99000E+00 8.66346E-03
 5.00000E+00 9.30853E-03
 5.01000E+00 9.98017E-03
 5.03000E+00 1.17056E-02
 5.05000E+00 1.36998E-02
 5.07000E+00 1.58968E-02
 5.09000E+00 1.82921E-02
 5.10000E+00 1.95643E-02
 5.12255E+00 2.27484E-02
 5.13000E+00 2.40350E-02
 5.15000E+00 2.77399E-02
 5.18000E+00 3.39668E-02
 5.20000E+00 3.85597E-02
 5.21000E+00 4.09877E-02
 5.22000E+00 4.34994E-02
 5.23000E+00 4.64793E-02
 5.24000E+00 4.96608E-02
 5.25000E+00 5.29949E-02
 5.26000E+00 5.64785E-02
 5.27000E+00 6.01105E-02
 5.29000E+00 6.78103E-02
 5.30000E+00 7.18876E-02
 5.32000E+00 8.04804E-02
 5.33000E+00 8.54483E-02
 5.34906E+00 9.65200E-02
 5.35000E+00 9.70914E-02
 5.37000E+00 1.09866E-01
 5.39000E+00 1.23743E-01
 5.40000E+00 1.31104E-01
 5.42000E+00 1.46677E-01
 5.43000E+00 1.54861E-01
 5.44000E+00 1.63303E-01
 5.44440E+00 1.67097E-01
 5.45192E+00 1.73624E-01
 5.47000E+00 1.89978E-01
 5.49000E+00 2.08993E-01
 5.50000E+00 2.18877E-01
 5.50213E+00 2.21011E-01
 5.51000E+00 2.29031E-01
 5.51810E+00 2.37442E-01
 5.55000E+00 2.78376E-01
 5.56000E+00 2.93710E-01
 5.57000E+00 3.09554E-01
 5.58000E+00 3.25890E-01
 5.58916E+00 3.41293E-01
 5.60000E+00 3.60041E-01
 5.61000E+00 3.77912E-01
 5.62252E+00 4.01011E-01
 5.63590E+00 4.24222E-01
 5.64171E+00 4.33848E-01
 5.66000E+00 4.66790E-01
 5.69000E+00 5.23757E-01
 5.70000E+00 5.43310E-01
 5.70540E+00 5.54046E-01
 5.74000E+00 6.21657E-01
 5.75000E+00 6.48060E-01
 5.75820E+00 6.70340E-01
 5.76000E+00 6.75274E-01
 5.78000E+00 7.30734E-01
 5.79788E+00 7.82151E-01
 5.80000E+00 7.88345E-01
 5.81000E+00 8.17961E-01
 5.82434E+00 8.61672E-01
 5.83000E+00 8.79278E-01
 5.84000E+00 9.10793E-01
 5.85000E+00 9.42819E-01
 5.85471E+00 9.58167E-01
 5.86000E+00 9.75507E-01
 5.87885E+00 1.03875E+00
 5.89000E+00 1.07338E+00
 5.90000E+00 1.10653E+00
 5.92000E+00 1.17508E+00
 5.95000E+00 1.28443E+00
 5.97000E+00 1.37424E+00
 6.00000E+00 1.51700E+00
 6.03000E+00 1.66906E+00
 6.05000E+00 1.77630E+00
 6.10000E+00 2.06024E+00
 6.13000E+00 2.24309E+00
 6.15000E+00 2.37095E+00
 6.18000E+00 2.59058E+00
 6.20000E+00 2.74379E+00
 6.23000E+00 2.98046E+00
 6.25960E+00 3.22700E+00
 6.27362E+00 3.34715E+00
 6.30000E+00 3.57926E+00
 6.33647E+00 3.91567E+00
 6.37000E+00 4.24405E+00
 6.40000E+00 4.56453E+00
 6.45000E+00 5.13083E+00
 6.47000E+00 5.37070E+00
 6.50000E+00 5.73816E+00
 6.52203E+00 6.01433E+00
 6.57000E+00 6.64804E+00
 6.60000E+00 7.08074E+00
 6.61991E+00 7.37966E+00
 6.66000E+00 8.01634E+00
 6.70000E+00 8.67791E+00
 6.71945E+00 9.00916E+00
 6.75524E+00 9.60699E+00
 6.78836E+00 1.01869E+01
 6.80000E+00 1.03901E+01
 6.85000E+00 1.12953E+01
 6.90000E+00 1.22599E+01
 6.90467E+00 1.23485E+01
 6.94000E+00 1.30079E+01
 7.01150E+00 1.44424E+01
 7.04000E+00 1.50315E+01
 7.07000E+00 1.57076E+01
 7.10000E+00 1.63408E+01
 7.14000E+00 1.72210E+01
 7.25000E+00 1.96223E+01
 7.30000E+00 2.08579E+01
 7.46000E+00 2.45629E+01
 7.60000E+00 2.79664E+01
 7.70000E+00 3.08545E+01
 7.86000E+00 3.47938E+01
 7.90000E+00 3.63885E+01
 7.94000E+00 3.74243E+01
 8.00000E+00 3.85875E+01
 8.12000E+00 4.26349E+01
 8.18000E+00 4.44866E+01
 8.25000E+00 4.54906E+01
 8.40000E+00 5.00824E+01
 8.70000E+00 6.02672E+01
 8.95000E+00 6.64745E+01
 9.20000E+00 7.47523E+01
 9.50000E+00 8.08302E+01
 9.70000E+00 8.74311E+01
 9.80000E+00 9.02044E+01
 1.00000E+01 9.16623E+01
 1.02000E+01 9.77118E+01
 1.02500E+01 9.83751E+01
 1.03500E+01 1.01684E+02
 1.04000E+01 1.02825E+02
 1.05000E+01 1.00559E+02
 1.05500E+01 1.01142E+02
 1.06000E+01 1.04124E+02
 1.08000E+01 1.07830E+02
 1.09000E+01 1.10371E+02
 1.10000E+01 1.07051E+02
 1.11500E+01 1.10157E+02
 1.12000E+01 1.10657E+02
 1.12500E+01 1.11573E+02
 1.14000E+01 1.15732E+02
 1.15000E+01 1.15472E+02
 1.16000E+01 1.12087E+02
 1.18000E+01 1.16117E+02
 1.20000E+01 1.19200E+02
 1.22000E+01 1.17964E+02
 1.24000E+01 1.20251E+02
 1.25000E+01 1.21783E+02
 1.26000E+01 1.17921E+02
 1.28000E+01 1.21080E+02
 1.30000E+01 1.23558E+02
 1.32000E+01 1.21868E+02
 1.34000E+01 1.23415E+02
 1.35000E+01 1.24431E+02
 1.36000E+01 1.20724E+02
 1.37500E+01 1.21616E+02
 1.38000E+01 1.21668E+02
 1.40000E+01 1.23687E+02
 1.42000E+01 1.18224E+02
 1.42500E+01 1.19447E+02
 1.44000E+01 1.19044E+02
 1.44801E+01 1.18426E+02
 1.45000E+01 1.19636E+02
 1.46000E+01 1.18110E+02
 1.47500E+01 1.15012E+02
 1.48000E+01 1.14556E+02
 1.50000E+01 1.11904E+02
 1.52000E+01 1.08288E+02
 1.54000E+01 1.07436E+02
 1.55000E+01 1.04763E+02
 1.56000E+01 1.04261E+02
 1.58000E+01 1.00232E+02
 1.60000E+01 9.68148E+01
 1.62000E+01 9.16628E+01
 1.65000E+01 9.00319E+01
 1.68000E+01 8.19681E+01
 1.70000E+01 8.03330E+01
 1.72000E+01 7.91605E+01
 1.75000E+01 7.22088E+01
 1.76000E+01 7.09995E+01
 1.78000E+01 6.80232E+01
 1.80000E+01 6.47159E+01
 1.84000E+01 6.04380E+01
 1.85000E+01 5.95423E+01
 1.86000E+01 5.89644E+01
 1.90000E+01 5.31304E+01
 1.94000E+01 4.91492E+01
 1.95000E+01 4.90933E+01
 1.96000E+01 4.82640E+01
 2.00000E+01 4.38979E+01
 2.10000E+01 3.66251E+01
 2.20000E+01 3.02082E+01
 2.30000E+01 2.65682E+01
 2.40000E+01 2.21203E+01
 2.50000E+01 1.89083E+01
 2.60000E+01 1.72456E+01
 2.70000E+01 1.45070E+01
 2.80000E+01 1.31826E+01
 2.90000E+01 1.14858E+01
 3.00000E+01 1.09079E+01
 3.20000E+01 1.08397E+01
 3.40000E+01 1.23672E+01
 3.60000E+01 1.48008E+01
 3.80000E+01 1.70699E+01
 4.00000E+01 1.95041E+01
 4.20000E+01 2.14369E+01
 4.40000E+01 2.36715E+01
 4.60000E+01 2.53855E+01
 4.80000E+01 2.70454E+01
 5.00000E+01 2.86221E+01
 5.20000E+01 3.01664E+01
 5.40000E+01 3.10526E+01
 5.60000E+01 3.18888E+01
 5.80000E+01 3.12585E+01
 6.00000E+01 3.14459E+01
 6.50000E+01 2.97026E+01
 7.00000E+01 2.73757E+01
 7.50000E+01 2.50350E+01
 8.00000E+01 2.22429E+01
 9.00000E+01 1.80730E+01
 1.00000E+02 1.47750E+01
 1.10000E+02 1.19787E+01
 1.20000E+02 1.03058E+01
 1.30000E+02 8.96687E+00
 1.40000E+02 7.94033E+00
 1.50000E+02 7.29479E+00
 1.60000E+02 6.81670E+00
 1.80000E+02 5.90840E+00
 2.00000E+02 5.42298E+00
