# n + 115In Total alpha    production
# Q-value    = 2.69378E+00
# 
# # energies =    40
#    E         xs         Yield
 1.00000E+00 0.00000E+00 0.00000E+00
 2.00000E+00 1.58449E-15 1.02406E-18
 3.00000E+00 5.21427E-12 2.81715E-15
 4.00000E+00 5.58403E-08 2.79452E-11
 5.00000E+00 4.10727E-06 1.94272E-09
 6.00000E+00 5.09848E-05 2.40446E-08
 7.00000E+00 3.23687E-04 1.56751E-07
 8.00000E+00 1.68962E-03 8.40624E-07
 9.00000E+00 1.00483E-02 5.07601E-06
 1.00000E+01 4.81215E-02 2.44094E-05
 1.10000E+01 1.69769E-01 8.60497E-05
 1.20000E+01 4.51753E-01 2.28818E-04
 1.30000E+01 9.61167E-01 4.87385E-04
 1.40000E+01 1.74973E+00 8.90591E-04
 1.50000E+01 2.86528E+00 1.46861E-03
 1.60000E+01 4.32604E+00 2.23850E-03
 1.70000E+01 6.23219E+00 3.25801E-03
 1.80000E+01 8.78833E+00 4.63710E-03
 1.90000E+01 1.23794E+01 6.58025E-03
 2.00000E+01 1.63632E+01 8.74480E-03
 2.10000E+01 1.95663E+01 1.04982E-02
 2.20000E+01 2.22990E+01 1.20072E-02
 2.30000E+01 2.25527E+01 1.21952E-02
 2.40000E+01 2.36267E+01 1.28472E-02
 2.50000E+01 2.49120E+01 1.36411E-02
 2.60000E+01 2.63218E+01 1.45296E-02
 2.70000E+01 2.78582E+01 1.55093E-02
 2.80000E+01 2.94581E+01 1.65395E-02
 2.90000E+01 3.11089E+01 1.76077E-02
 3.00000E+01 3.28128E+01 1.87131E-02
 3.10000E+01 3.45214E+01 1.98285E-02
 3.20000E+01 3.62464E+01 2.09630E-02
 3.30000E+01 3.79837E+01 2.21178E-02
 3.40000E+01 3.97853E+01 2.33264E-02
 3.50000E+01 4.16096E+01 2.45673E-02
 3.60000E+01 4.33968E+01 2.58053E-02
 3.70000E+01 4.50870E+01 2.70036E-02
 3.80000E+01 4.67035E+01 2.81730E-02
 3.90000E+01 4.85782E+01 2.95129E-02
 4.00000E+01 5.02669E+01 3.07529E-02
