# n + 113In Total helium-3 production
# Q-value    =-8.01155E+00
# 
# # energies =    40
#    E         xs         Yield
 1.00000E+00 0.00000E+00 0.00000E+00
 2.00000E+00 0.00000E+00 0.00000E+00
 3.00000E+00 0.00000E+00 0.00000E+00
 4.00000E+00 0.00000E+00 0.00000E+00
 5.00000E+00 0.00000E+00 0.00000E+00
 6.00000E+00 0.00000E+00 0.00000E+00
 7.00000E+00 0.00000E+00 0.00000E+00
 8.00000E+00 0.00000E+00 0.00000E+00
 9.00000E+00 0.00000E+00 0.00000E+00
 1.00000E+01 0.00000E+00 0.00000E+00
 1.10000E+01 6.37216E-37 3.23689E-40
 1.20000E+01 1.27398E-23 6.48376E-27
 1.30000E+01 3.20335E-17 1.63572E-20
 1.40000E+01 1.64542E-14 8.44509E-18
 1.50000E+01 4.08547E-11 2.11244E-14
 1.60000E+01 3.46274E-09 1.80696E-12
 1.70000E+01 1.41317E-07 7.44553E-11
 1.80000E+01 2.78363E-06 1.47948E-09
 1.90000E+01 3.20243E-05 1.71425E-08
 2.00000E+01 2.46471E-04 1.32646E-07
 2.10000E+01 1.38565E-03 7.48760E-07
 2.20000E+01 6.00513E-03 3.25672E-06
 2.30000E+01 2.06053E-02 1.12218E-05
 2.40000E+01 5.68071E-02 3.11081E-05
 2.50000E+01 1.28746E-01 7.09938E-05
 2.60000E+01 2.48055E-01 1.37890E-04
 2.70000E+01 4.20962E-01 2.36024E-04
 2.80000E+01 6.48762E-01 3.66866E-04
 2.90000E+01 9.29542E-01 5.29944E-04
 3.00000E+01 1.27918E+00 7.34847E-04
 3.10000E+01 1.67647E+00 9.69971E-04
 3.20000E+01 2.09070E+00 1.21793E-03
 3.30000E+01 2.54108E+00 1.49030E-03
 3.40000E+01 3.02364E+00 1.78539E-03
 3.50000E+01 3.53481E+00 2.10170E-03
 3.60000E+01 4.07136E+00 2.43785E-03
 3.70000E+01 4.63047E+00 2.79250E-03
 3.80000E+01 5.20963E+00 3.16433E-03
 3.90000E+01 5.80669E+00 3.55210E-03
 4.00000E+01 6.41960E+00 3.95456E-03
