# n + 115In Total helium-3 production
# Q-value    =-9.36940E+00
# 
# # energies =    40
#    E         xs         Yield
 1.00000E+00 0.00000E+00 0.00000E+00
 2.00000E+00 0.00000E+00 0.00000E+00
 3.00000E+00 0.00000E+00 0.00000E+00
 4.00000E+00 0.00000E+00 0.00000E+00
 5.00000E+00 0.00000E+00 0.00000E+00
 6.00000E+00 0.00000E+00 0.00000E+00
 7.00000E+00 0.00000E+00 0.00000E+00
 8.00000E+00 0.00000E+00 0.00000E+00
 9.00000E+00 0.00000E+00 0.00000E+00
 1.00000E+01 0.00000E+00 0.00000E+00
 1.10000E+01 0.00000E+00 0.00000E+00
 1.20000E+01 0.00000E+00 0.00000E+00
 1.30000E+01 7.34060E-28 3.72224E-31
 1.40000E+01 1.50807E-19 7.67587E-23
 1.50000E+01 1.19135E-14 6.10628E-18
 1.60000E+01 1.73010E-11 8.95238E-15
 1.70000E+01 2.39572E-09 1.25242E-12
 1.80000E+01 1.03305E-07 5.45083E-11
 1.90000E+01 2.03893E-06 1.08379E-09
 2.00000E+01 2.32589E-05 1.24300E-08
 2.10000E+01 1.77054E-04 9.49972E-08
 2.20000E+01 5.08577E-04 2.73851E-07
 2.30000E+01 2.51426E-03 1.35956E-06
 2.40000E+01 9.66959E-03 5.25790E-06
 2.50000E+01 2.93975E-02 1.60972E-05
 2.60000E+01 7.18942E-02 3.96855E-05
 2.70000E+01 1.46405E-01 8.15071E-05
 2.80000E+01 2.58699E-01 1.45248E-04
 2.90000E+01 4.10997E-01 2.32625E-04
 3.00000E+01 5.85825E-01 3.34094E-04
 3.10000E+01 8.14609E-01 4.67897E-04
 3.20000E+01 1.06402E+00 6.15372E-04
 3.30000E+01 1.35026E+00 7.86251E-04
 3.40000E+01 1.67583E+00 9.82552E-04
 3.50000E+01 2.02831E+00 1.19756E-03
 3.60000E+01 2.40487E+00 1.43002E-03
 3.70000E+01 2.80298E+00 1.67876E-03
 3.80000E+01 3.22040E+00 1.94265E-03
 3.90000E+01 3.65518E+00 2.22064E-03
 4.00000E+01 4.10552E+00 2.51173E-03
