# n + 113In Nonelastic cross sections
# 
# 
# # energies =    40
#    E      Cross section
 1.00000E+00 2.71249E+02
 2.00000E+00 1.54060E+03
 3.00000E+00 1.86309E+03
 4.00000E+00 2.03087E+03
 5.00000E+00 2.14365E+03
 6.00000E+00 2.13654E+03
 7.00000E+00 2.07206E+03
 8.00000E+00 2.01329E+03
 9.00000E+00 1.98159E+03
 1.00000E+01 1.97135E+03
 1.10000E+01 1.96861E+03
 1.20000E+01 1.96488E+03
 1.30000E+01 1.95837E+03
 1.40000E+01 1.94837E+03
 1.50000E+01 1.93401E+03
 1.60000E+01 1.91634E+03
 1.70000E+01 1.89801E+03
 1.80000E+01 1.88149E+03
 1.90000E+01 1.86812E+03
 2.00000E+01 1.85811E+03
 2.10000E+01 1.85060E+03
 2.20000E+01 1.84392E+03
 2.30000E+01 1.83619E+03
 2.40000E+01 1.82612E+03
 2.50000E+01 1.81348E+03
 2.60000E+01 1.79893E+03
 2.70000E+01 1.78356E+03
 2.80000E+01 1.76839E+03
 2.90000E+01 1.75404E+03
 3.00000E+01 1.74075E+03
 3.10000E+01 1.72837E+03
 3.20000E+01 1.71660E+03
 3.30000E+01 1.70508E+03
 3.40000E+01 1.69355E+03
 3.50000E+01 1.68188E+03
 3.60000E+01 1.67006E+03
 3.70000E+01 1.65818E+03
 3.80000E+01 1.64636E+03
 3.90000E+01 1.63472E+03
 4.00000E+01 1.62334E+03
