# n + 115In Total neutron  production
# Q-value    = 0.00000E+00
# 
# # energies =    40
#    E         xs         Yield
 1.00000E+00 2.04912E+02 4.38411E-01
 2.00000E+00 1.38149E+03 8.92866E-01
 3.00000E+00 1.77940E+03 9.61367E-01
 4.00000E+00 1.96431E+03 9.83038E-01
 5.00000E+00 2.09850E+03 9.92581E-01
 6.00000E+00 2.11334E+03 9.96660E-01
 7.00000E+00 2.06128E+03 9.98208E-01
 8.00000E+00 2.00705E+03 9.98552E-01
 9.00000E+00 1.97635E+03 9.98378E-01
 1.00000E+01 2.25654E+03 1.14462E+00
 1.10000E+01 2.83693E+03 1.43793E+00
 1.20000E+01 3.22004E+03 1.63099E+00
 1.30000E+01 3.40280E+03 1.72548E+00
 1.40000E+01 3.48903E+03 1.77587E+00
 1.50000E+01 3.51415E+03 1.80119E+00
 1.60000E+01 3.50431E+03 1.81330E+00
 1.70000E+01 3.49772E+03 1.82851E+00
 1.80000E+01 3.55527E+03 1.87591E+00
 1.90000E+01 3.71293E+03 1.97361E+00
 2.00000E+01 3.86966E+03 2.06802E+00
 2.10000E+01 4.01134E+03 2.15226E+00
 2.20000E+01 4.13984E+03 2.22916E+00
 2.30000E+01 4.23469E+03 2.28987E+00
 2.40000E+01 4.28145E+03 2.32806E+00
 2.50000E+01 4.30689E+03 2.35832E+00
 2.60000E+01 4.30507E+03 2.37639E+00
 2.70000E+01 4.29651E+03 2.39197E+00
 2.80000E+01 4.30606E+03 2.41767E+00
 2.90000E+01 4.34179E+03 2.45746E+00
 3.00000E+01 4.39459E+03 2.50622E+00
 3.10000E+01 4.46441E+03 2.56428E+00
 3.20000E+01 4.52856E+03 2.61907E+00
 3.30000E+01 4.58651E+03 2.67071E+00
 3.40000E+01 4.63205E+03 2.71580E+00
 3.50000E+01 4.66162E+03 2.75233E+00
 3.60000E+01 4.68897E+03 2.78823E+00
 3.70000E+01 4.71127E+03 2.82168E+00
 3.80000E+01 4.73746E+03 2.85778E+00
 3.90000E+01 4.76215E+03 2.89316E+00
 4.00000E+01 4.78177E+03 2.92545E+00
