# n + 113In Total neutron  production
# Q-value    = 0.00000E+00
# 
# # energies =    40
#    E         xs         Yield
 1.00000E+00 6.82523E+01 2.51623E-01
 2.00000E+00 1.44167E+03 9.35788E-01
 3.00000E+00 1.81814E+03 9.75877E-01
 4.00000E+00 2.00796E+03 9.88722E-01
 5.00000E+00 2.13191E+03 9.94522E-01
 6.00000E+00 2.13000E+03 9.96940E-01
 7.00000E+00 2.06710E+03 9.97605E-01
 8.00000E+00 2.00804E+03 9.97392E-01
 9.00000E+00 1.97460E+03 9.96474E-01
 1.00000E+01 2.07396E+03 1.05205E+00
 1.10000E+01 2.61597E+03 1.32884E+00
 1.20000E+01 3.05160E+03 1.55307E+00
 1.30000E+01 3.28437E+03 1.67710E+00
 1.40000E+01 3.38736E+03 1.73856E+00
 1.50000E+01 3.42299E+03 1.76989E+00
 1.60000E+01 3.41627E+03 1.78271E+00
 1.70000E+01 3.39013E+03 1.78615E+00
 1.80000E+01 3.38990E+03 1.80171E+00
 1.90000E+01 3.43100E+03 1.83661E+00
 2.00000E+01 3.56114E+03 1.91654E+00
 2.10000E+01 3.69127E+03 1.99463E+00
 2.20000E+01 3.82271E+03 2.07314E+00
 2.30000E+01 3.93331E+03 2.14210E+00
 2.40000E+01 4.00137E+03 2.19118E+00
 2.50000E+01 4.05520E+03 2.23614E+00
 2.60000E+01 4.07223E+03 2.26370E+00
 2.70000E+01 4.06679E+03 2.28015E+00
 2.80000E+01 4.05860E+03 2.29508E+00
 2.90000E+01 4.06382E+03 2.31683E+00
 3.00000E+01 4.08890E+03 2.34893E+00
 3.10000E+01 4.14021E+03 2.39544E+00
 3.20000E+01 4.19590E+03 2.44431E+00
 3.30000E+01 4.25721E+03 2.49678E+00
 3.40000E+01 4.30679E+03 2.54305E+00
 3.50000E+01 4.35045E+03 2.58666E+00
 3.60000E+01 4.38490E+03 2.62559E+00
 3.70000E+01 4.40869E+03 2.65875E+00
 3.80000E+01 4.43066E+03 2.69118E+00
 3.90000E+01 4.44784E+03 2.72086E+00
 4.00000E+01 4.46242E+03 2.74891E+00
