# n + 113In: Production of 110In - Total
# Q-value    =-2.71111E+01 mass= 109.907171
# E-threshold= 2.73533E+01
# # energies =    40
#     E          xs
 1.00000E+00 0.00000E+00
 2.00000E+00 0.00000E+00
 3.00000E+00 0.00000E+00
 4.00000E+00 0.00000E+00
 5.00000E+00 0.00000E+00
 6.00000E+00 0.00000E+00
 7.00000E+00 0.00000E+00
 8.00000E+00 0.00000E+00
 9.00000E+00 0.00000E+00
 1.00000E+01 0.00000E+00
 1.10000E+01 0.00000E+00
 1.20000E+01 0.00000E+00
 1.30000E+01 0.00000E+00
 1.40000E+01 0.00000E+00
 1.50000E+01 0.00000E+00
 1.60000E+01 0.00000E+00
 1.70000E+01 0.00000E+00
 1.80000E+01 0.00000E+00
 1.90000E+01 0.00000E+00
 2.00000E+01 0.00000E+00
 2.10000E+01 0.00000E+00
 2.20000E+01 0.00000E+00
 2.30000E+01 0.00000E+00
 2.40000E+01 0.00000E+00
 2.50000E+01 0.00000E+00
 2.60000E+01 0.00000E+00
 2.70000E+01 0.00000E+00
 2.80000E+01 4.15398E+00
 2.90000E+01 3.00155E+01
 3.00000E+01 7.71098E+01
 3.10000E+01 1.47832E+02
 3.20000E+01 2.23833E+02
 3.30000E+01 2.99754E+02
 3.40000E+01 3.64200E+02
 3.50000E+01 4.21809E+02
 3.60000E+01 4.65573E+02
 3.70000E+01 4.90058E+02
 3.80000E+01 5.05108E+02
 3.90000E+01 5.01245E+02
 4.00000E+01 4.84105E+02
