# n + 113In: Production of 110Ag - Level  2     0.11759 MeV
# Q-value    = 3.61901E+00 mass= 109.906111
# E-threshold= 0.00000E+00
# # energies =    40
#     E          xs      Branching
 1.00000E+00 0.00000E+00 0.00000E+00
 2.00000E+00 0.00000E+00 0.00000E+00
 3.00000E+00 0.00000E+00 0.00000E+00
 4.00000E+00 1.46384E-05 0.00000E+00
 5.00000E+00 3.24662E-04 2.57917E-01
 6.00000E+00 1.48261E-03 2.56951E-01
 7.00000E+00 4.70515E-03 2.72469E-01
 8.00000E+00 1.41906E-02 2.83588E-01
 9.00000E+00 4.27764E-02 2.97885E-01
 1.00000E+01 1.23527E-01 3.17258E-01
 1.10000E+01 3.14819E-01 3.51561E-01
 1.20000E+01 6.94266E-01 3.90688E-01
 1.30000E+01 1.32155E+00 4.29137E-01
 1.40000E+01 2.24860E+00 4.63401E-01
 1.50000E+01 3.36426E+00 4.96022E-01
 1.60000E+01 4.65208E+00 5.20657E-01
 1.70000E+01 6.03665E+00 5.47010E-01
 1.80000E+01 7.28319E+00 5.67800E-01
 1.90000E+01 8.66928E+00 5.79127E-01
 2.00000E+01 9.24154E+00 5.91071E-01
 2.10000E+01 8.92841E+00 6.16487E-01
 2.20000E+01 7.68062E+00 6.24551E-01
 2.30000E+01 7.01436E+00 6.30006E-01
 2.40000E+01 6.44864E+00 6.35534E-01
 2.50000E+01 5.67368E+00 6.57539E-01
 2.60000E+01 5.06009E+00 6.63423E-01
 2.70000E+01 4.60168E+00 6.64854E-01
 2.80000E+01 4.23915E+00 6.66627E-01
 2.90000E+01 3.89407E+00 6.68233E-01
 3.00000E+01 3.48281E+00 6.79260E-01
 3.10000E+01 3.10882E+00 6.86360E-01
 3.20000E+01 2.89612E+00 6.81627E-01
 3.30000E+01 2.80434E+00 6.78096E-01
 3.40000E+01 2.73805E+00 6.66168E-01
 3.50000E+01 2.84289E+00 6.61808E-01
 3.60000E+01 2.91717E+00 6.57549E-01
 3.70000E+01 2.99312E+00 6.62835E-01
 3.80000E+01 3.13552E+00 6.59908E-01
 3.90000E+01 3.40182E+00 6.61324E-01
 4.00000E+01 3.68718E+00 6.66807E-01
