# n + 113In: Production of 111Ag - Ground state
# Q-value    =-8.01155E+00 mass= 110.905297
# E-threshold= 8.08312E+00
# # energies =    40
#     E          xs      Branching
 1.00000E+00 0.00000E+00 0.00000E+00
 2.00000E+00 0.00000E+00 0.00000E+00
 3.00000E+00 0.00000E+00 0.00000E+00
 4.00000E+00 0.00000E+00 0.00000E+00
 5.00000E+00 0.00000E+00 0.00000E+00
 6.00000E+00 0.00000E+00 0.00000E+00
 7.00000E+00 0.00000E+00 0.00000E+00
 8.00000E+00 0.00000E+00 0.00000E+00
 9.00000E+00 0.00000E+00 0.00000E+00
 1.00000E+01 0.00000E+00 0.00000E+00
 1.10000E+01 0.00000E+00 0.00000E+00
 1.20000E+01 0.00000E+00 0.00000E+00
 1.30000E+01 0.00000E+00 0.00000E+00
 1.40000E+01 0.00000E+00 0.00000E+00
 1.50000E+01 0.00000E+00 0.00000E+00
 1.60000E+01 0.00000E+00 0.00000E+00
 1.70000E+01 0.00000E+00 0.00000E+00
 1.80000E+01 0.00000E+00 0.00000E+00
 1.90000E+01 0.00000E+00 0.00000E+00
 2.00000E+01 0.00000E+00 0.00000E+00
 2.10000E+01 3.81460E-04 2.77316E-01
 2.20000E+01 1.63141E-03 2.72818E-01
 2.30000E+01 5.48468E-03 2.67456E-01
 2.40000E+01 1.47927E-02 2.61424E-01
 2.50000E+01 3.27245E-02 2.54965E-01
 2.60000E+01 6.12645E-02 2.47389E-01
 2.70000E+01 1.01105E-01 2.39967E-01
 2.80000E+01 1.51028E-01 2.32056E-01
 2.90000E+01 2.07088E-01 2.23361E-01
 3.00000E+01 2.76241E-01 2.18688E-01
 3.10000E+01 3.39997E-01 2.12915E-01
 3.20000E+01 3.94564E-01 2.10053E-01
 3.30000E+01 4.52027E-01 2.08761E-01
 3.40000E+01 4.90033E-01 2.04659E-01
 3.50000E+01 5.14719E-01 2.05564E-01
 3.60000E+01 5.45746E-01 2.05749E-01
 3.70000E+01 5.74663E-01 2.05209E-01
 3.80000E+01 5.73067E-01 2.00340E-01
 3.90000E+01 5.67247E-01 2.01240E-01
 4.00000E+01 5.72871E-01 2.02618E-01
