# n + 115In: Production of 113Ag - Ground state
# Q-value    =-9.36940E+00 mass= 112.906573
# E-threshold= 9.45165E+00
# # energies =    40
#     E          xs      Branching
 1.00000E+00 0.00000E+00 0.00000E+00
 2.00000E+00 0.00000E+00 0.00000E+00
 3.00000E+00 0.00000E+00 0.00000E+00
 4.00000E+00 0.00000E+00 0.00000E+00
 5.00000E+00 0.00000E+00 0.00000E+00
 6.00000E+00 0.00000E+00 0.00000E+00
 7.00000E+00 0.00000E+00 0.00000E+00
 8.00000E+00 0.00000E+00 0.00000E+00
 9.00000E+00 0.00000E+00 0.00000E+00
 1.00000E+01 0.00000E+00 0.00000E+00
 1.10000E+01 0.00000E+00 0.00000E+00
 1.20000E+01 0.00000E+00 0.00000E+00
 1.30000E+01 0.00000E+00 0.00000E+00
 1.40000E+01 0.00000E+00 0.00000E+00
 1.50000E+01 0.00000E+00 0.00000E+00
 1.60000E+01 0.00000E+00 0.00000E+00
 1.70000E+01 0.00000E+00 0.00000E+00
 1.80000E+01 0.00000E+00 0.00000E+00
 1.90000E+01 0.00000E+00 0.00000E+00
 2.00000E+01 0.00000E+00 0.00000E+00
 2.10000E+01 0.00000E+00 0.00000E+00
 2.20000E+01 0.00000E+00 0.00000E+00
 2.30000E+01 6.07341E-04 2.43031E-01
 2.40000E+01 2.30850E-03 2.39929E-01
 2.50000E+01 6.89981E-03 2.35861E-01
 2.60000E+01 1.65449E-02 2.31355E-01
 2.70000E+01 3.29246E-02 2.26034E-01
 2.80000E+01 5.66693E-02 2.20422E-01
 2.90000E+01 8.82718E-02 2.16348E-01
 3.00000E+01 1.21194E-01 2.10193E-01
 3.10000E+01 1.61340E-01 2.04670E-01
 3.20000E+01 1.99872E-01 2.00838E-01
 3.30000E+01 2.36692E-01 1.98367E-01
 3.40000E+01 2.63097E-01 1.92918E-01
 3.50000E+01 2.93692E-01 1.91092E-01
 3.60000E+01 3.18241E-01 1.93897E-01
 3.70000E+01 3.30323E-01 1.91480E-01
 3.80000E+01 3.36671E-01 1.88138E-01
 3.90000E+01 3.51585E-01 1.87605E-01
 4.00000E+01 3.59194E-01 1.91122E-01
