# n + 115In: Production of 113Cd - Total
# Q-value    =-7.37153E+00 mass= 112.904408
# E-threshold= 7.43624E+00
# # energies =    40
#     E          xs
 1.00000E+00 0.00000E+00
 2.00000E+00 0.00000E+00
 3.00000E+00 0.00000E+00
 4.00000E+00 0.00000E+00
 5.00000E+00 0.00000E+00
 6.00000E+00 0.00000E+00
 7.00000E+00 0.00000E+00
 8.00000E+00 0.00000E+00
 9.00000E+00 0.00000E+00
 1.00000E+01 0.00000E+00
 1.10000E+01 0.00000E+00
 1.20000E+01 0.00000E+00
 1.30000E+01 0.00000E+00
 1.40000E+01 1.84579E-03
 1.50000E+01 1.90874E-02
 1.60000E+01 1.01421E-01
 1.70000E+01 3.12338E-01
 1.80000E+01 6.84070E-01
 1.90000E+01 1.22257E+00
 2.00000E+01 1.96346E+00
 2.10000E+01 3.17962E+00
 2.20000E+01 5.70808E+00
 2.30000E+01 9.81035E+00
 2.40000E+01 1.56422E+01
 2.50000E+01 2.36779E+01
 2.60000E+01 3.15563E+01
 2.70000E+01 4.12548E+01
 2.80000E+01 5.06436E+01
 2.90000E+01 6.01897E+01
 3.00000E+01 7.01403E+01
 3.10000E+01 7.73127E+01
 3.20000E+01 8.37147E+01
 3.30000E+01 9.00199E+01
 3.40000E+01 9.17720E+01
 3.50000E+01 9.23772E+01
 3.60000E+01 9.39669E+01
 3.70000E+01 9.43150E+01
 3.80000E+01 9.27361E+01
 3.90000E+01 9.19193E+01
 4.00000E+01 9.16364E+01
