# n + 113In: Production of 109Cd - Total
# Q-value    =-2.38839E+01 mass= 108.904987
# E-threshold= 2.40973E+01
# # energies =    40
#     E          xs
 1.00000E+00 0.00000E+00
 2.00000E+00 0.00000E+00
 3.00000E+00 0.00000E+00
 4.00000E+00 0.00000E+00
 5.00000E+00 0.00000E+00
 6.00000E+00 0.00000E+00
 7.00000E+00 0.00000E+00
 8.00000E+00 0.00000E+00
 9.00000E+00 0.00000E+00
 1.00000E+01 0.00000E+00
 1.10000E+01 0.00000E+00
 1.20000E+01 0.00000E+00
 1.30000E+01 0.00000E+00
 1.40000E+01 0.00000E+00
 1.50000E+01 0.00000E+00
 1.60000E+01 0.00000E+00
 1.70000E+01 0.00000E+00
 1.80000E+01 0.00000E+00
 1.90000E+01 0.00000E+00
 2.00000E+01 0.00000E+00
 2.10000E+01 0.00000E+00
 2.20000E+01 0.00000E+00
 2.30000E+01 0.00000E+00
 2.40000E+01 0.00000E+00
 2.50000E+01 0.00000E+00
 2.60000E+01 0.00000E+00
 2.70000E+01 0.00000E+00
 2.80000E+01 0.00000E+00
 2.90000E+01 1.20236E-03
 3.00000E+01 1.01287E-02
 3.10000E+01 5.59512E-02
 3.20000E+01 1.56786E-01
 3.30000E+01 3.77968E-01
 3.40000E+01 7.45343E-01
 3.50000E+01 1.21633E+00
 3.60000E+01 1.87444E+00
 3.70000E+01 2.85083E+00
 3.80000E+01 4.41092E+00
 3.90000E+01 7.12203E+00
 4.00000E+01 1.18176E+01
