# n + 113In: Production of 113In - Ground state
# Q-value    = 0.00000E+00 mass= 112.904060
# E-threshold=-0.00000E+00
# # energies =    40
#     E          xs      Branching
 1.00000E+00 4.43044E+00 6.49127E-02
 2.00000E+00 1.22301E+03 8.48320E-01
 3.00000E+00 1.58164E+03 8.69813E-01
 4.00000E+00 1.75991E+03 8.76268E-01
 5.00000E+00 1.87598E+03 8.79653E-01
 6.00000E+00 1.87713E+03 8.80862E-01
 7.00000E+00 1.82311E+03 8.81354E-01
 8.00000E+00 1.77404E+03 8.82689E-01
 9.00000E+00 1.74926E+03 8.84930E-01
 1.00000E+01 1.64979E+03 8.91143E-01
 1.10000E+01 1.16292E+03 8.97570E-01
 1.20000E+01 7.57333E+02 8.99654E-01
 1.30000E+01 5.22400E+02 8.96163E-01
 1.40000E+01 3.97267E+02 8.92942E-01
 1.50000E+01 3.23584E+02 8.89327E-01
 1.60000E+01 2.80835E+02 8.86408E-01
 1.70000E+01 2.53278E+02 8.84436E-01
 1.80000E+01 2.33841E+02 8.83228E-01
 1.90000E+01 2.21406E+02 8.84066E-01
 2.00000E+01 2.11841E+02 8.84037E-01
 2.10000E+01 2.04540E+02 8.84535E-01
 2.20000E+01 1.98066E+02 8.85713E-01
 2.30000E+01 1.86709E+02 8.86915E-01
 2.40000E+01 1.80458E+02 8.87304E-01
 2.50000E+01 1.72227E+02 8.88020E-01
 2.60000E+01 1.65455E+02 8.87190E-01
 2.70000E+01 1.60578E+02 8.87626E-01
 2.80000E+01 1.53658E+02 8.87704E-01
 2.90000E+01 1.48774E+02 8.86862E-01
 3.00000E+01 1.44551E+02 8.86752E-01
 3.10000E+01 1.38403E+02 8.86943E-01
 3.20000E+01 1.32484E+02 8.86047E-01
 3.30000E+01 1.27714E+02 8.85067E-01
 3.40000E+01 1.23187E+02 8.85087E-01
 3.50000E+01 1.17220E+02 8.84760E-01
 3.60000E+01 1.11780E+02 8.83760E-01
 3.70000E+01 1.07242E+02 8.82461E-01
 3.80000E+01 1.03249E+02 8.81177E-01
 3.90000E+01 9.97129E+01 8.81065E-01
 4.00000E+01 9.60504E+01 8.80739E-01
