# n + 115In: Production of 113Ag - Level  1     0.04350 MeV
# Q-value    =-9.41290E+00 mass= 112.906573
# E-threshold= 9.49553E+00
# # energies =    40
#     E          xs      Branching
 1.00000E+00 0.00000E+00 0.00000E+00
 2.00000E+00 0.00000E+00 0.00000E+00
 3.00000E+00 0.00000E+00 0.00000E+00
 4.00000E+00 0.00000E+00 0.00000E+00
 5.00000E+00 0.00000E+00 0.00000E+00
 6.00000E+00 0.00000E+00 0.00000E+00
 7.00000E+00 0.00000E+00 0.00000E+00
 8.00000E+00 0.00000E+00 0.00000E+00
 9.00000E+00 0.00000E+00 0.00000E+00
 1.00000E+01 0.00000E+00 0.00000E+00
 1.10000E+01 0.00000E+00 0.00000E+00
 1.20000E+01 0.00000E+00 0.00000E+00
 1.30000E+01 0.00000E+00 0.00000E+00
 1.40000E+01 0.00000E+00 0.00000E+00
 1.50000E+01 0.00000E+00 0.00000E+00
 1.60000E+01 0.00000E+00 0.00000E+00
 1.70000E+01 0.00000E+00 0.00000E+00
 1.80000E+01 0.00000E+00 0.00000E+00
 1.90000E+01 0.00000E+00 0.00000E+00
 2.00000E+01 0.00000E+00 0.00000E+00
 2.10000E+01 0.00000E+00 0.00000E+00
 2.20000E+01 0.00000E+00 0.00000E+00
 2.30000E+01 1.89169E-03 7.56969E-01
 2.40000E+01 7.31310E-03 7.60071E-01
 2.50000E+01 2.23539E-02 7.64139E-01
 2.60000E+01 5.49681E-02 7.68645E-01
 2.70000E+01 1.12737E-01 7.73966E-01
 2.80000E+01 2.00426E-01 7.79578E-01
 2.90000E+01 3.19736E-01 7.83652E-01
 3.00000E+01 4.55391E-01 7.89807E-01
 3.10000E+01 6.26956E-01 7.95330E-01
 3.20000E+01 7.95318E-01 7.99162E-01
 3.30000E+01 9.56513E-01 8.01633E-01
 3.40000E+01 1.10068E+00 8.07082E-01
 3.50000E+01 1.24322E+00 8.08908E-01
 3.60000E+01 1.32305E+00 8.06103E-01
 3.70000E+01 1.39478E+00 8.08520E-01
 3.80000E+01 1.45282E+00 8.11862E-01
 3.90000E+01 1.52248E+00 8.12395E-01
 4.00000E+01 1.52020E+00 8.08878E-01
