# n + 115In: Production of 116In - Level  1     0.12727 MeV
# Q-value    = 6.65746E+00 mass= 115.905260
# E-threshold= 0.00000E+00
# # energies =    40
#     E          xs      Branching
 1.00000E+00 1.43636E+02 5.47219E-01
 2.00000E+00 7.70467E+01 4.64797E-01
 3.00000E+00 3.13770E+01 4.38778E-01
 4.00000E+00 1.37244E+01 4.04942E-01
 5.00000E+00 5.94311E+00 3.79668E-01
 6.00000E+00 2.53021E+00 3.63666E-01
 7.00000E+00 1.18112E+00 3.55025E-01
 8.00000E+00 7.41791E-01 3.73001E-01
 9.00000E+00 5.82322E-01 3.93748E-01
 1.00000E+01 5.91505E-01 4.21446E-01
 1.10000E+01 5.81511E-01 4.28507E-01
 1.20000E+01 5.84166E-01 4.28084E-01
 1.30000E+01 5.65416E-01 4.23364E-01
 1.40000E+01 5.24172E-01 4.10452E-01
 1.50000E+01 4.69844E-01 3.97207E-01
 1.60000E+01 3.75646E-01 3.75157E-01
 1.70000E+01 3.16249E-01 3.66422E-01
 1.80000E+01 2.69283E-01 3.66383E-01
 1.90000E+01 2.23864E-01 3.66974E-01
 2.00000E+01 1.94556E-01 3.70502E-01
 2.10000E+01 1.75458E-01 3.76410E-01
 2.20000E+01 1.61332E-01 3.83196E-01
 2.30000E+01 1.47994E-01 3.88597E-01
 2.40000E+01 1.34030E-01 3.88833E-01
 2.50000E+01 1.26356E-01 3.93042E-01
 2.60000E+01 1.19889E-01 3.97720E-01
 2.70000E+01 1.14456E-01 4.02713E-01
 2.80000E+01 1.09534E-01 4.07508E-01
 2.90000E+01 1.01816E-01 4.06272E-01
 3.00000E+01 9.74085E-02 4.07451E-01
 3.10000E+01 9.45262E-02 4.09540E-01
 3.20000E+01 9.16244E-02 4.12946E-01
 3.30000E+01 8.87404E-02 4.16053E-01
 3.40000E+01 8.45336E-02 4.17350E-01
 3.50000E+01 8.23788E-02 4.18983E-01
 3.60000E+01 7.63311E-02 4.15397E-01
 3.70000E+01 7.64969E-02 4.15956E-01
 3.80000E+01 7.35279E-02 4.15570E-01
 3.90000E+01 7.43991E-02 4.18298E-01
 4.00000E+01 7.06852E-02 4.19369E-01
