# n + 115In: Production of 114In - Level  1     0.19027 MeV
# Q-value    =-9.22813E+00 mass= 113.904916
# E-threshold= 9.30914E+00
# # energies =    40
#     E          xs      Branching
 1.00000E+00 0.00000E+00 0.00000E+00
 2.00000E+00 0.00000E+00 0.00000E+00
 3.00000E+00 0.00000E+00 0.00000E+00
 4.00000E+00 0.00000E+00 0.00000E+00
 5.00000E+00 0.00000E+00 0.00000E+00
 6.00000E+00 0.00000E+00 0.00000E+00
 7.00000E+00 0.00000E+00 0.00000E+00
 8.00000E+00 0.00000E+00 0.00000E+00
 9.00000E+00 0.00000E+00 0.00000E+00
 1.00000E+01 2.31079E+02 7.98097E-01
 1.10000E+01 7.17914E+02 8.24841E-01
 1.20000E+01 1.04575E+03 8.33277E-01
 1.30000E+01 1.20718E+03 8.36200E-01
 1.40000E+01 1.29462E+03 8.39743E-01
 1.50000E+01 1.33648E+03 8.42985E-01
 1.60000E+01 1.35302E+03 8.46100E-01
 1.70000E+01 1.33901E+03 8.49978E-01
 1.80000E+01 1.26493E+03 8.57714E-01
 1.90000E+01 1.10763E+03 8.69341E-01
 2.00000E+01 9.43169E+02 8.75530E-01
 2.10000E+01 7.82752E+02 8.79603E-01
 2.20000E+01 6.44835E+02 8.80952E-01
 2.30000E+01 5.35678E+02 8.80260E-01
 2.40000E+01 4.60573E+02 8.75236E-01
 2.50000E+01 3.98429E+02 8.71590E-01
 2.60000E+01 3.55261E+02 8.68667E-01
 2.70000E+01 3.26177E+02 8.64126E-01
 2.80000E+01 3.01408E+02 8.62689E-01
 2.90000E+01 2.84941E+02 8.58988E-01
 3.00000E+01 2.73561E+02 8.57709E-01
 3.10000E+01 2.59011E+02 8.56874E-01
 3.20000E+01 2.50735E+02 8.55839E-01
 3.30000E+01 2.42051E+02 8.54117E-01
 3.40000E+01 2.33424E+02 8.53416E-01
 3.50000E+01 2.27638E+02 8.52286E-01
 3.60000E+01 2.22406E+02 8.51906E-01
 3.70000E+01 2.13855E+02 8.51516E-01
 3.80000E+01 2.06877E+02 8.49163E-01
 3.90000E+01 2.02254E+02 8.48652E-01
 4.00000E+01 1.98771E+02 8.47878E-01
