# n + 115In: Production of 114Ag - Total
# Q-value    =-1.11122E+01 mass= 113.908823
# E-threshold= 1.12097E+01
# # energies =    40
#     E          xs
 1.00000E+00 0.00000E+00
 2.00000E+00 0.00000E+00
 3.00000E+00 0.00000E+00
 4.00000E+00 0.00000E+00
 5.00000E+00 0.00000E+00
 6.00000E+00 0.00000E+00
 7.00000E+00 0.00000E+00
 8.00000E+00 0.00000E+00
 9.00000E+00 0.00000E+00
 1.00000E+01 0.00000E+00
 1.10000E+01 0.00000E+00
 1.20000E+01 0.00000E+00
 1.30000E+01 0.00000E+00
 1.40000E+01 0.00000E+00
 1.50000E+01 0.00000E+00
 1.60000E+01 0.00000E+00
 1.70000E+01 0.00000E+00
 1.80000E+01 0.00000E+00
 1.90000E+01 0.00000E+00
 2.00000E+01 0.00000E+00
 2.10000E+01 0.00000E+00
 2.20000E+01 0.00000E+00
 2.30000E+01 0.00000E+00
 2.40000E+01 0.00000E+00
 2.50000E+01 0.00000E+00
 2.60000E+01 0.00000E+00
 2.70000E+01 1.09150E-03
 2.80000E+01 1.85778E-03
 2.90000E+01 2.96350E-03
 3.00000E+01 4.21645E-03
 3.10000E+01 6.17641E-03
 3.20000E+01 8.12509E-03
 3.30000E+01 1.07516E-02
 3.40000E+01 1.40508E-02
 3.50000E+01 1.63361E-02
 3.60000E+01 1.98587E-02
 3.70000E+01 2.36309E-02
 3.80000E+01 2.76318E-02
 3.90000E+01 2.94065E-02
 4.00000E+01 3.33492E-02
