# n + 115In: Production of 116In - Level  4     0.28966 MeV
# Q-value    = 6.49507E+00 mass= 115.905260
# E-threshold= 0.00000E+00
# # energies =    40
#     E          xs      Branching
 1.00000E+00 8.22897E+01 3.13503E-01
 2.00000E+00 7.24402E+01 4.37007E-01
 3.00000E+00 3.23186E+01 4.51945E-01
 4.00000E+00 1.64293E+01 4.84751E-01
 5.00000E+00 7.97483E+00 5.09462E-01
 6.00000E+00 3.64093E+00 5.23309E-01
 7.00000E+00 1.76465E+00 5.30425E-01
 8.00000E+00 9.86950E-01 4.96276E-01
 9.00000E+00 6.62166E-01 4.47737E-01
 1.00000E+01 5.59017E-01 3.98298E-01
 1.10000E+01 5.19438E-01 3.82766E-01
 1.20000E+01 5.27105E-01 3.86269E-01
 1.30000E+01 5.32200E-01 3.98493E-01
 1.40000E+01 5.32895E-01 4.17282E-01
 1.50000E+01 5.20215E-01 4.39791E-01
 1.60000E+01 4.70355E-01 4.69743E-01
 1.70000E+01 4.17475E-01 4.83708E-01
 1.80000E+01 3.55809E-01 4.84109E-01
 1.90000E+01 2.92987E-01 4.80286E-01
 2.00000E+01 2.48037E-01 4.72350E-01
 2.10000E+01 2.16321E-01 4.64074E-01
 2.20000E+01 1.90863E-01 4.53340E-01
 2.30000E+01 1.69104E-01 4.44025E-01
 2.40000E+01 1.51785E-01 4.40343E-01
 2.50000E+01 1.39200E-01 4.32994E-01
 2.60000E+01 1.28692E-01 4.26921E-01
 2.70000E+01 1.19092E-01 4.19025E-01
 2.80000E+01 1.10718E-01 4.11916E-01
 2.90000E+01 1.02964E-01 4.10854E-01
 3.00000E+01 9.74751E-02 4.07730E-01
 3.10000E+01 9.32510E-02 4.04016E-01
 3.20000E+01 8.87540E-02 4.00010E-01
 3.30000E+01 8.42955E-02 3.95214E-01
 3.40000E+01 7.98481E-02 3.94217E-01
 3.50000E+01 7.70508E-02 3.91884E-01
 3.60000E+01 7.26559E-02 3.95396E-01
 3.70000E+01 7.21391E-02 3.92260E-01
 3.80000E+01 6.95429E-02 3.93048E-01
 3.90000E+01 6.90165E-02 3.88035E-01
 4.00000E+01 6.54475E-02 3.88294E-01
