# n + 113In: Production of 107Ag - Total
# Q-value    =-1.95280E+01 mass= 106.905092
# E-threshold= 1.97025E+01
# # energies =    40
#     E          xs
 1.00000E+00 0.00000E+00
 2.00000E+00 0.00000E+00
 3.00000E+00 0.00000E+00
 4.00000E+00 0.00000E+00
 5.00000E+00 0.00000E+00
 6.00000E+00 0.00000E+00
 7.00000E+00 0.00000E+00
 8.00000E+00 0.00000E+00
 9.00000E+00 0.00000E+00
 1.00000E+01 0.00000E+00
 1.10000E+01 0.00000E+00
 1.20000E+01 0.00000E+00
 1.30000E+01 0.00000E+00
 1.40000E+01 0.00000E+00
 1.50000E+01 0.00000E+00
 1.60000E+01 0.00000E+00
 1.70000E+01 0.00000E+00
 1.80000E+01 0.00000E+00
 1.90000E+01 0.00000E+00
 2.00000E+01 0.00000E+00
 2.10000E+01 0.00000E+00
 2.20000E+01 0.00000E+00
 2.30000E+01 0.00000E+00
 2.40000E+01 0.00000E+00
 2.50000E+01 0.00000E+00
 2.60000E+01 0.00000E+00
 2.70000E+01 0.00000E+00
 2.80000E+01 1.30338E-03
 2.90000E+01 7.30506E-03
 3.00000E+01 3.84116E-02
 3.10000E+01 3.10563E-01
 3.20000E+01 8.20623E-01
 3.30000E+01 1.87089E+00
 3.40000E+01 4.34803E+00
 3.50000E+01 7.06615E+00
 3.60000E+01 9.91676E+00
 3.70000E+01 1.34182E+01
 3.80000E+01 1.75503E+01
 3.90000E+01 2.16944E+01
 4.00000E+01 2.51047E+01
