# n + 113In: Production of 108Ag - Level  2     0.10947 MeV
# Q-value    =-1.23661E+01 mass= 107.905950
# E-threshold= 1.24765E+01
# # energies =    40
#     E          xs      Branching
 1.00000E+00 0.00000E+00 0.00000E+00
 2.00000E+00 0.00000E+00 0.00000E+00
 3.00000E+00 0.00000E+00 0.00000E+00
 4.00000E+00 0.00000E+00 0.00000E+00
 5.00000E+00 0.00000E+00 0.00000E+00
 6.00000E+00 0.00000E+00 0.00000E+00
 7.00000E+00 0.00000E+00 0.00000E+00
 8.00000E+00 0.00000E+00 0.00000E+00
 9.00000E+00 0.00000E+00 0.00000E+00
 1.00000E+01 0.00000E+00 0.00000E+00
 1.10000E+01 0.00000E+00 0.00000E+00
 1.20000E+01 0.00000E+00 0.00000E+00
 1.30000E+01 0.00000E+00 0.00000E+00
 1.40000E+01 0.00000E+00 0.00000E+00
 1.50000E+01 0.00000E+00 0.00000E+00
 1.60000E+01 0.00000E+00 0.00000E+00
 1.70000E+01 0.00000E+00 0.00000E+00
 1.80000E+01 0.00000E+00 0.00000E+00
 1.90000E+01 0.00000E+00 0.00000E+00
 2.00000E+01 0.00000E+00 0.00000E+00
 2.10000E+01 1.47500E-03 6.98909E-01
 2.20000E+01 1.27087E-02 7.07685E-01
 2.30000E+01 1.09465E-01 7.01979E-01
 2.40000E+01 4.21359E-01 7.01857E-01
 2.50000E+01 1.05579E+00 7.02555E-01
 2.60000E+01 2.60010E+00 7.01250E-01
 2.70000E+01 4.82353E+00 7.08881E-01
 2.80000E+01 7.51126E+00 7.09976E-01
 2.90000E+01 1.09643E+01 7.10822E-01
 3.00000E+01 1.40706E+01 7.10927E-01
 3.10000E+01 1.70037E+01 7.16225E-01
 3.20000E+01 1.95087E+01 7.17614E-01
 3.30000E+01 2.19982E+01 7.20133E-01
 3.40000E+01 2.32377E+01 7.27166E-01
 3.50000E+01 2.39716E+01 7.30755E-01
 3.60000E+01 2.40341E+01 7.32468E-01
 3.70000E+01 2.33595E+01 7.29581E-01
 3.80000E+01 2.23939E+01 7.33948E-01
 3.90000E+01 2.09334E+01 7.36803E-01
 4.00000E+01 1.97816E+01 7.36375E-01
