# n + 115In: Production of 111Cd - Level  3     0.39621 MeV
# Q-value    =-2.37014E+01 mass= 110.904184
# E-threshold= 2.39095E+01
# # energies =    40
#     E          xs      Branching
 1.00000E+00 0.00000E+00 0.00000E+00
 2.00000E+00 0.00000E+00 0.00000E+00
 3.00000E+00 0.00000E+00 0.00000E+00
 4.00000E+00 0.00000E+00 0.00000E+00
 5.00000E+00 0.00000E+00 0.00000E+00
 6.00000E+00 0.00000E+00 0.00000E+00
 7.00000E+00 0.00000E+00 0.00000E+00
 8.00000E+00 0.00000E+00 0.00000E+00
 9.00000E+00 0.00000E+00 0.00000E+00
 1.00000E+01 0.00000E+00 0.00000E+00
 1.10000E+01 0.00000E+00 0.00000E+00
 1.20000E+01 0.00000E+00 0.00000E+00
 1.30000E+01 0.00000E+00 0.00000E+00
 1.40000E+01 0.00000E+00 0.00000E+00
 1.50000E+01 0.00000E+00 0.00000E+00
 1.60000E+01 0.00000E+00 0.00000E+00
 1.70000E+01 0.00000E+00 0.00000E+00
 1.80000E+01 0.00000E+00 0.00000E+00
 1.90000E+01 0.00000E+00 0.00000E+00
 2.00000E+01 0.00000E+00 0.00000E+00
 2.10000E+01 0.00000E+00 0.00000E+00
 2.20000E+01 0.00000E+00 0.00000E+00
 2.30000E+01 0.00000E+00 0.00000E+00
 2.40000E+01 0.00000E+00 0.00000E+00
 2.50000E+01 0.00000E+00 0.00000E+00
 2.60000E+01 0.00000E+00 0.00000E+00
 2.70000E+01 0.00000E+00 0.00000E+00
 2.80000E+01 0.00000E+00 0.00000E+00
 2.90000E+01 1.65943E-03 5.26061E-01
 3.00000E+01 1.32096E-02 5.42253E-01
 3.10000E+01 5.53471E-02 5.79098E-01
 3.20000E+01 1.32032E-01 5.77677E-01
 3.30000E+01 2.99164E-01 6.08398E-01
 3.40000E+01 5.67925E-01 6.28305E-01
 3.50000E+01 8.61598E-01 6.33133E-01
 3.60000E+01 1.38366E+00 6.51768E-01
 3.70000E+01 2.02278E+00 6.57923E-01
 3.80000E+01 3.20330E+00 6.65379E-01
 3.90000E+01 4.86544E+00 6.63165E-01
 4.00000E+01 7.95300E+00 6.68800E-01
