# n + 115In: Production of 110Ag - Ground state
# Q-value    =-1.25753E+01 mass= 109.906111
# E-threshold= 1.26857E+01
# # energies =    40
#     E          xs      Branching
 1.00000E+00 0.00000E+00 0.00000E+00
 2.00000E+00 0.00000E+00 0.00000E+00
 3.00000E+00 0.00000E+00 0.00000E+00
 4.00000E+00 0.00000E+00 0.00000E+00
 5.00000E+00 0.00000E+00 0.00000E+00
 6.00000E+00 0.00000E+00 0.00000E+00
 7.00000E+00 0.00000E+00 0.00000E+00
 8.00000E+00 0.00000E+00 0.00000E+00
 9.00000E+00 0.00000E+00 0.00000E+00
 1.00000E+01 0.00000E+00 0.00000E+00
 1.10000E+01 0.00000E+00 0.00000E+00
 1.20000E+01 0.00000E+00 0.00000E+00
 1.30000E+01 0.00000E+00 0.00000E+00
 1.40000E+01 0.00000E+00 0.00000E+00
 1.50000E+01 0.00000E+00 0.00000E+00
 1.60000E+01 0.00000E+00 0.00000E+00
 1.70000E+01 0.00000E+00 0.00000E+00
 1.80000E+01 0.00000E+00 0.00000E+00
 1.90000E+01 0.00000E+00 0.00000E+00
 2.00000E+01 0.00000E+00 0.00000E+00
 2.10000E+01 0.00000E+00 0.00000E+00
 2.20000E+01 1.32416E-03 4.20253E-01
 2.30000E+01 5.85849E-03 4.49192E-01
 2.40000E+01 4.41261E-02 4.37462E-01
 2.50000E+01 1.43280E-01 4.20635E-01
 2.60000E+01 3.85533E-01 4.49818E-01
 2.70000E+01 8.90728E-01 4.06462E-01
 2.80000E+01 1.49068E+00 3.91080E-01
 2.90000E+01 2.20579E+00 3.83166E-01
 3.00000E+01 3.16625E+00 3.71727E-01
 3.10000E+01 3.99466E+00 3.51898E-01
 3.20000E+01 4.73146E+00 3.39043E-01
 3.30000E+01 5.33598E+00 3.28618E-01
 3.40000E+01 5.62967E+00 3.13854E-01
 3.50000E+01 5.82482E+00 2.99567E-01
 3.60000E+01 5.89148E+00 2.90137E-01
 3.70000E+01 5.77410E+00 2.83937E-01
 3.80000E+01 5.23808E+00 2.71419E-01
 3.90000E+01 4.84637E+00 2.61910E-01
 4.00000E+01 4.64402E+00 2.57366E-01
