# n + 115In: Production of 114Cd - Total
# Q-value    =-4.58581E+00 mass= 113.903365
# E-threshold= 4.62607E+00
# # energies =    40
#     E          xs
 1.00000E+00 0.00000E+00
 2.00000E+00 0.00000E+00
 3.00000E+00 0.00000E+00
 4.00000E+00 0.00000E+00
 5.00000E+00 0.00000E+00
 6.00000E+00 0.00000E+00
 7.00000E+00 0.00000E+00
 8.00000E+00 0.00000E+00
 9.00000E+00 0.00000E+00
 1.00000E+01 1.17638E-02
 1.10000E+01 8.92132E-02
 1.20000E+01 4.12040E-01
 1.30000E+01 1.30737E+00
 1.40000E+01 3.13891E+00
 1.50000E+01 6.20105E+00
 1.60000E+01 1.05863E+01
 1.70000E+01 1.62479E+01
 1.80000E+01 2.30244E+01
 1.90000E+01 3.08043E+01
 2.00000E+01 4.02480E+01
 2.10000E+01 5.06079E+01
 2.20000E+01 5.99474E+01
 2.30000E+01 6.82101E+01
 2.40000E+01 7.51166E+01
 2.50000E+01 7.98814E+01
 2.60000E+01 8.45424E+01
 2.70000E+01 8.75873E+01
 2.80000E+01 9.00300E+01
 2.90000E+01 9.27411E+01
 3.00000E+01 9.39601E+01
 3.10000E+01 9.63978E+01
 3.20000E+01 9.77978E+01
 3.30000E+01 9.75221E+01
 3.40000E+01 9.88578E+01
 3.50000E+01 1.00073E+02
 3.60000E+01 9.93112E+01
 3.70000E+01 9.91204E+01
 3.80000E+01 9.92295E+01
 3.90000E+01 9.90928E+01
 4.00000E+01 9.94515E+01
