# n + 115In: Production of 113Cd - Ground state
# Q-value    =-7.37153E+00 mass= 112.904408
# E-threshold= 7.43624E+00
# # energies =    40
#     E          xs      Branching
 1.00000E+00 0.00000E+00 0.00000E+00
 2.00000E+00 0.00000E+00 0.00000E+00
 3.00000E+00 0.00000E+00 0.00000E+00
 4.00000E+00 0.00000E+00 0.00000E+00
 5.00000E+00 0.00000E+00 0.00000E+00
 6.00000E+00 0.00000E+00 0.00000E+00
 7.00000E+00 0.00000E+00 0.00000E+00
 8.00000E+00 0.00000E+00 0.00000E+00
 9.00000E+00 0.00000E+00 0.00000E+00
 1.00000E+01 0.00000E+00 0.00000E+00
 1.10000E+01 0.00000E+00 0.00000E+00
 1.20000E+01 0.00000E+00 0.00000E+00
 1.30000E+01 0.00000E+00 0.00000E+00
 1.40000E+01 9.99229E-04 5.41357E-01
 1.50000E+01 9.62912E-03 5.04475E-01
 1.60000E+01 4.50497E-02 4.44186E-01
 1.70000E+01 1.32782E-01 4.25121E-01
 1.80000E+01 2.78016E-01 4.06415E-01
 1.90000E+01 4.74847E-01 3.88399E-01
 2.00000E+01 7.29443E-01 3.71509E-01
 2.10000E+01 1.12861E+00 3.54952E-01
 2.20000E+01 1.86493E+00 3.26718E-01
 2.30000E+01 2.96431E+00 3.02161E-01
 2.40000E+01 4.63676E+00 2.96427E-01
 2.50000E+01 6.61029E+00 2.79175E-01
 2.60000E+01 8.65329E+00 2.74218E-01
 2.70000E+01 1.08811E+01 2.63754E-01
 2.80000E+01 1.30555E+01 2.57792E-01
 2.90000E+01 1.50351E+01 2.49795E-01
 3.00000E+01 1.70999E+01 2.43795E-01
 3.10000E+01 1.83014E+01 2.36719E-01
 3.20000E+01 1.91632E+01 2.28910E-01
 3.30000E+01 2.05428E+01 2.28203E-01
 3.40000E+01 2.05159E+01 2.23553E-01
 3.50000E+01 2.08585E+01 2.25797E-01
 3.60000E+01 2.14418E+01 2.28185E-01
 3.70000E+01 2.21089E+01 2.34416E-01
 3.80000E+01 2.19739E+01 2.36951E-01
 3.90000E+01 2.23991E+01 2.43682E-01
 4.00000E+01 2.27964E+01 2.48770E-01
