# n + 115In: Production of 115In - Total
# Q-value    =-3.36244E-01 mass= 114.903879
# E-threshold= 3.39196E-01
# # energies =    40
#     E          xs
 1.00000E+00 2.04912E+02
 2.00000E+00 1.38149E+03
 3.00000E+00 1.77953E+03
 4.00000E+00 1.96465E+03
 5.00000E+00 2.09911E+03
 6.00000E+00 2.11423E+03
 7.00000E+00 2.06264E+03
 8.00000E+00 2.00879E+03
 9.00000E+00 1.97842E+03
 1.00000E+01 1.67991E+03
 1.10000E+01 1.09894E+03
 1.20000E+01 7.12944E+02
 1.30000E+01 5.18185E+02
 1.40000E+01 4.07424E+02
 1.50000E+01 3.43428E+02
 1.60000E+01 3.03089E+02
 1.70000E+01 2.76630E+02
 1.80000E+01 2.57907E+02
 1.90000E+01 2.43000E+02
 2.00000E+01 2.30358E+02
 2.10000E+01 2.24319E+02
 2.20000E+01 2.13901E+02
 2.30000E+01 2.04731E+02
 2.40000E+01 1.95249E+02
 2.50000E+01 1.87297E+02
 2.60000E+01 1.79706E+02
 2.70000E+01 1.72239E+02
 2.80000E+01 1.67080E+02
 2.90000E+01 1.61314E+02
 3.00000E+01 1.55388E+02
 3.10000E+01 1.50009E+02
 3.20000E+01 1.44119E+02
 3.30000E+01 1.38469E+02
 3.40000E+01 1.32182E+02
 3.50000E+01 1.26848E+02
 3.60000E+01 1.21674E+02
 3.70000E+01 1.16537E+02
 3.80000E+01 1.12263E+02
 3.90000E+01 1.07279E+02
 4.00000E+01 1.04079E+02
