# n + 113In: Production of 110In - Level  1     0.06208 MeV
# Q-value    =-2.71732E+01 mass= 109.907171
# E-threshold= 2.74160E+01
# # energies =    40
#     E          xs      Branching
 1.00000E+00 0.00000E+00 0.00000E+00
 2.00000E+00 0.00000E+00 0.00000E+00
 3.00000E+00 0.00000E+00 0.00000E+00
 4.00000E+00 0.00000E+00 0.00000E+00
 5.00000E+00 0.00000E+00 0.00000E+00
 6.00000E+00 0.00000E+00 0.00000E+00
 7.00000E+00 0.00000E+00 0.00000E+00
 8.00000E+00 0.00000E+00 0.00000E+00
 9.00000E+00 0.00000E+00 0.00000E+00
 1.00000E+01 0.00000E+00 0.00000E+00
 1.10000E+01 0.00000E+00 0.00000E+00
 1.20000E+01 0.00000E+00 0.00000E+00
 1.30000E+01 0.00000E+00 0.00000E+00
 1.40000E+01 0.00000E+00 0.00000E+00
 1.50000E+01 0.00000E+00 0.00000E+00
 1.60000E+01 0.00000E+00 0.00000E+00
 1.70000E+01 0.00000E+00 0.00000E+00
 1.80000E+01 0.00000E+00 0.00000E+00
 1.90000E+01 0.00000E+00 0.00000E+00
 2.00000E+01 0.00000E+00 0.00000E+00
 2.10000E+01 0.00000E+00 0.00000E+00
 2.20000E+01 0.00000E+00 0.00000E+00
 2.30000E+01 0.00000E+00 0.00000E+00
 2.40000E+01 0.00000E+00 0.00000E+00
 2.50000E+01 0.00000E+00 0.00000E+00
 2.60000E+01 0.00000E+00 0.00000E+00
 2.70000E+01 0.00000E+00 0.00000E+00
 2.80000E+01 1.32854E+00 3.19822E-01
 2.90000E+01 1.30846E+01 4.35930E-01
 3.00000E+01 3.40271E+01 4.41280E-01
 3.10000E+01 6.62571E+01 4.48192E-01
 3.20000E+01 1.00703E+02 4.49903E-01
 3.30000E+01 1.37271E+02 4.57946E-01
 3.40000E+01 1.68533E+02 4.62750E-01
 3.50000E+01 1.96418E+02 4.65656E-01
 3.60000E+01 2.15357E+02 4.62563E-01
 3.70000E+01 2.27059E+02 4.63332E-01
 3.80000E+01 2.32438E+02 4.60176E-01
 3.90000E+01 2.28855E+02 4.56574E-01
 4.00000E+01 2.19227E+02 4.52851E-01
