# n + 115In: Production of 112In - Level  1     0.15659 MeV
# Q-value    =-2.59168E+01 mass= 111.905539
# E-threshold= 2.61443E+01
# # energies =    40
#     E          xs      Branching
 1.00000E+00 0.00000E+00 0.00000E+00
 2.00000E+00 0.00000E+00 0.00000E+00
 3.00000E+00 0.00000E+00 0.00000E+00
 4.00000E+00 0.00000E+00 0.00000E+00
 5.00000E+00 0.00000E+00 0.00000E+00
 6.00000E+00 0.00000E+00 0.00000E+00
 7.00000E+00 0.00000E+00 0.00000E+00
 8.00000E+00 0.00000E+00 0.00000E+00
 9.00000E+00 0.00000E+00 0.00000E+00
 1.00000E+01 0.00000E+00 0.00000E+00
 1.10000E+01 0.00000E+00 0.00000E+00
 1.20000E+01 0.00000E+00 0.00000E+00
 1.30000E+01 0.00000E+00 0.00000E+00
 1.40000E+01 0.00000E+00 0.00000E+00
 1.50000E+01 0.00000E+00 0.00000E+00
 1.60000E+01 0.00000E+00 0.00000E+00
 1.70000E+01 0.00000E+00 0.00000E+00
 1.80000E+01 0.00000E+00 0.00000E+00
 1.90000E+01 0.00000E+00 0.00000E+00
 2.00000E+01 0.00000E+00 0.00000E+00
 2.10000E+01 0.00000E+00 0.00000E+00
 2.20000E+01 0.00000E+00 0.00000E+00
 2.30000E+01 0.00000E+00 0.00000E+00
 2.40000E+01 0.00000E+00 0.00000E+00
 2.50000E+01 0.00000E+00 0.00000E+00
 2.60000E+01 0.00000E+00 0.00000E+00
 2.70000E+01 7.73626E+00 8.30259E-01
 2.80000E+01 3.60345E+01 8.35540E-01
 2.90000E+01 9.28461E+01 8.48266E-01
 3.00000E+01 1.63422E+02 8.51975E-01
 3.10000E+01 2.42895E+02 8.53662E-01
 3.20000E+01 3.20284E+02 8.56155E-01
 3.30000E+01 3.88524E+02 8.56836E-01
 3.40000E+01 4.41673E+02 8.57384E-01
 3.50000E+01 4.80175E+02 8.59466E-01
 3.60000E+01 5.06435E+02 8.61782E-01
 3.70000E+01 5.13337E+02 8.63310E-01
 3.80000E+01 5.09009E+02 8.66160E-01
 3.90000E+01 4.87095E+02 8.67677E-01
 4.00000E+01 4.56829E+02 8.70323E-01
