# n + 113In: Production of 114In - Total
# Q-value    = 7.27401E+00 mass= 113.904916
# E-threshold= 0.00000E+00
# # energies =    40
#     E          xs
 1.00000E+00 2.02996E+02
 2.00000E+00 9.89269E+01
 3.00000E+00 4.49173E+01
 4.00000E+00 2.26429E+01
 5.00000E+00 1.08977E+01
 6.00000E+00 4.89675E+00
 7.00000E+00 2.36382E+00
 8.00000E+00 1.50341E+00
 9.00000E+00 1.32301E+00
 1.00000E+01 1.28119E+00
 1.10000E+01 1.31580E+00
 1.20000E+01 1.31528E+00
 1.30000E+01 1.31566E+00
 1.40000E+01 1.26214E+00
 1.50000E+01 1.16812E+00
 1.60000E+01 1.03912E+00
 1.70000E+01 8.60215E-01
 1.80000E+01 7.35409E-01
 1.90000E+01 6.31355E-01
 2.00000E+01 5.51934E-01
 2.10000E+01 4.80780E-01
 2.20000E+01 4.36540E-01
 2.30000E+01 3.98547E-01
 2.40000E+01 3.68606E-01
 2.50000E+01 3.36023E-01
 2.60000E+01 3.14482E-01
 2.70000E+01 2.96774E-01
 2.80000E+01 2.80814E-01
 2.90000E+01 2.67398E-01
 3.00000E+01 2.54081E-01
 3.10000E+01 2.41310E-01
 3.20000E+01 2.32632E-01
 3.30000E+01 2.25256E-01
 3.40000E+01 2.11670E-01
 3.50000E+01 2.03421E-01
 3.60000E+01 1.95872E-01
 3.70000E+01 1.91466E-01
 3.80000E+01 1.82407E-01
 3.90000E+01 1.80294E-01
 4.00000E+01 1.76645E-01
