# n + 113In: Production of 111Ag - Level  1     0.05982 MeV
# Q-value    =-8.07137E+00 mass= 110.905297
# E-threshold= 8.14348E+00
# # energies =    40
#     E          xs      Branching
 1.00000E+00 0.00000E+00 0.00000E+00
 2.00000E+00 0.00000E+00 0.00000E+00
 3.00000E+00 0.00000E+00 0.00000E+00
 4.00000E+00 0.00000E+00 0.00000E+00
 5.00000E+00 0.00000E+00 0.00000E+00
 6.00000E+00 0.00000E+00 0.00000E+00
 7.00000E+00 0.00000E+00 0.00000E+00
 8.00000E+00 0.00000E+00 0.00000E+00
 9.00000E+00 0.00000E+00 0.00000E+00
 1.00000E+01 0.00000E+00 0.00000E+00
 1.10000E+01 0.00000E+00 0.00000E+00
 1.20000E+01 0.00000E+00 0.00000E+00
 1.30000E+01 0.00000E+00 0.00000E+00
 1.40000E+01 0.00000E+00 0.00000E+00
 1.50000E+01 0.00000E+00 0.00000E+00
 1.60000E+01 0.00000E+00 0.00000E+00
 1.70000E+01 0.00000E+00 0.00000E+00
 1.80000E+01 0.00000E+00 0.00000E+00
 1.90000E+01 0.00000E+00 0.00000E+00
 2.00000E+01 0.00000E+00 0.00000E+00
 2.10000E+01 9.94081E-04 7.22684E-01
 2.20000E+01 4.34844E-03 7.27182E-01
 2.30000E+01 1.50221E-02 7.32544E-01
 2.40000E+01 4.17923E-02 7.38576E-01
 2.50000E+01 9.56245E-02 7.45035E-01
 2.60000E+01 1.86380E-01 7.52611E-01
 2.70000E+01 3.20223E-01 7.60033E-01
 2.80000E+01 4.99798E-01 7.67944E-01
 2.90000E+01 7.20056E-01 7.76639E-01
 3.00000E+01 9.86932E-01 7.81312E-01
 3.10000E+01 1.25687E+00 7.87085E-01
 3.20000E+01 1.48384E+00 7.89947E-01
 3.30000E+01 1.71326E+00 7.91239E-01
 3.40000E+01 1.90435E+00 7.95341E-01
 3.50000E+01 1.98922E+00 7.94436E-01
 3.60000E+01 2.10674E+00 7.94251E-01
 3.70000E+01 2.22571E+00 7.94791E-01
 3.80000E+01 2.28740E+00 7.99660E-01
 3.90000E+01 2.25151E+00 7.98760E-01
 4.00000E+01 2.25447E+00 7.97382E-01
