# n + 113In: Production of 112Cd - Total
# Q-value    =-3.85665E+00 mass= 111.902764
# E-threshold= 3.89111E+00
# # energies =    40
#     E          xs
 1.00000E+00 0.00000E+00
 2.00000E+00 0.00000E+00
 3.00000E+00 0.00000E+00
 4.00000E+00 0.00000E+00
 5.00000E+00 0.00000E+00
 6.00000E+00 0.00000E+00
 7.00000E+00 0.00000E+00
 8.00000E+00 0.00000E+00
 9.00000E+00 2.75755E-02
 1.00000E+01 2.95915E-01
 1.10000E+01 7.49088E-01
 1.20000E+01 2.07014E+00
 1.30000E+01 5.00406E+00
 1.40000E+01 9.85391E+00
 1.50000E+01 1.62402E+01
 1.60000E+01 2.42499E+01
 1.70000E+01 3.33681E+01
 1.80000E+01 4.33506E+01
 1.90000E+01 5.41971E+01
 2.00000E+01 6.66153E+01
 2.10000E+01 7.91480E+01
 2.20000E+01 8.91443E+01
 2.30000E+01 9.64545E+01
 2.40000E+01 1.02284E+02
 2.50000E+01 1.03863E+02
 2.60000E+01 1.06676E+02
 2.70000E+01 1.07583E+02
 2.80000E+01 1.09505E+02
 2.90000E+01 1.10093E+02
 3.00000E+01 1.10340E+02
 3.10000E+01 1.11831E+02
 3.20000E+01 1.12184E+02
 3.30000E+01 1.12410E+02
 3.40000E+01 1.12960E+02
 3.50000E+01 1.13032E+02
 3.60000E+01 1.11733E+02
 3.70000E+01 1.11943E+02
 3.80000E+01 1.11967E+02
 3.90000E+01 1.11718E+02
 4.00000E+01 1.10756E+02
