# n + 115In: Production of 110Ag - Level  2     0.11759 MeV
# Q-value    =-1.26929E+01 mass= 109.906111
# E-threshold= 1.28043E+01
# # energies =    40
#     E          xs      Branching
 1.00000E+00 0.00000E+00 0.00000E+00
 2.00000E+00 0.00000E+00 0.00000E+00
 3.00000E+00 0.00000E+00 0.00000E+00
 4.00000E+00 0.00000E+00 0.00000E+00
 5.00000E+00 0.00000E+00 0.00000E+00
 6.00000E+00 0.00000E+00 0.00000E+00
 7.00000E+00 0.00000E+00 0.00000E+00
 8.00000E+00 0.00000E+00 0.00000E+00
 9.00000E+00 0.00000E+00 0.00000E+00
 1.00000E+01 0.00000E+00 0.00000E+00
 1.10000E+01 0.00000E+00 0.00000E+00
 1.20000E+01 0.00000E+00 0.00000E+00
 1.30000E+01 0.00000E+00 0.00000E+00
 1.40000E+01 0.00000E+00 0.00000E+00
 1.50000E+01 0.00000E+00 0.00000E+00
 1.60000E+01 0.00000E+00 0.00000E+00
 1.70000E+01 0.00000E+00 0.00000E+00
 1.80000E+01 0.00000E+00 0.00000E+00
 1.90000E+01 0.00000E+00 0.00000E+00
 2.00000E+01 0.00000E+00 0.00000E+00
 2.10000E+01 0.00000E+00 0.00000E+00
 2.20000E+01 1.82670E-03 5.79747E-01
 2.30000E+01 7.18381E-03 5.50808E-01
 2.40000E+01 5.67423E-02 5.62538E-01
 2.50000E+01 1.97347E-01 5.79365E-01
 2.60000E+01 4.71553E-01 5.50182E-01
 2.70000E+01 1.30069E+00 5.93538E-01
 2.80000E+01 2.32102E+00 6.08920E-01
 2.90000E+01 3.55096E+00 6.16834E-01
 3.00000E+01 5.35142E+00 6.28273E-01
 3.10000E+01 7.35708E+00 6.48102E-01
 3.20000E+01 9.22386E+00 6.60957E-01
 3.30000E+01 1.09017E+01 6.71382E-01
 3.40000E+01 1.23075E+01 6.86146E-01
 3.50000E+01 1.36193E+01 7.00433E-01
 3.60000E+01 1.44143E+01 7.09863E-01
 3.70000E+01 1.45618E+01 7.16063E-01
 3.80000E+01 1.40608E+01 7.28581E-01
 3.90000E+01 1.36576E+01 7.38090E-01
 4.00000E+01 1.34004E+01 7.42634E-01
