# n + 115In: Production of 114In - Ground state
# Q-value    =-9.03787E+00 mass= 113.904916
# E-threshold= 9.11720E+00
# # energies =    40
#     E          xs      Branching
 1.00000E+00 0.00000E+00 0.00000E+00
 2.00000E+00 0.00000E+00 0.00000E+00
 3.00000E+00 0.00000E+00 0.00000E+00
 4.00000E+00 0.00000E+00 0.00000E+00
 5.00000E+00 0.00000E+00 0.00000E+00
 6.00000E+00 0.00000E+00 0.00000E+00
 7.00000E+00 0.00000E+00 0.00000E+00
 8.00000E+00 0.00000E+00 0.00000E+00
 9.00000E+00 0.00000E+00 0.00000E+00
 1.00000E+01 5.84585E+01 2.01903E-01
 1.10000E+01 1.52453E+02 1.75159E-01
 1.20000E+01 2.09235E+02 1.66723E-01
 1.30000E+01 2.36470E+02 1.63800E-01
 1.40000E+01 2.47066E+02 1.60257E-01
 1.50000E+01 2.48934E+02 1.57015E-01
 1.60000E+01 2.46105E+02 1.53900E-01
 1.70000E+01 2.36337E+02 1.50022E-01
 1.80000E+01 2.09840E+02 1.42286E-01
 1.90000E+01 1.66472E+02 1.30659E-01
 2.00000E+01 1.34086E+02 1.24470E-01
 2.10000E+01 1.07141E+02 1.20397E-01
 2.20000E+01 8.71402E+01 1.19048E-01
 2.30000E+01 7.28669E+01 1.19740E-01
 2.40000E+01 6.56540E+01 1.24764E-01
 2.50000E+01 5.87000E+01 1.28410E-01
 2.60000E+01 5.37118E+01 1.31333E-01
 2.70000E+01 5.12877E+01 1.35874E-01
 2.80000E+01 4.79741E+01 1.37311E-01
 2.90000E+01 4.67763E+01 1.41013E-01
 3.00000E+01 4.53829E+01 1.42291E-01
 3.10000E+01 4.32635E+01 1.43126E-01
 3.20000E+01 4.22349E+01 1.44161E-01
 3.30000E+01 4.13424E+01 1.45883E-01
 3.40000E+01 4.00931E+01 1.46584E-01
 3.50000E+01 3.94532E+01 1.47714E-01
 3.60000E+01 3.86628E+01 1.48094E-01
 3.70000E+01 3.72910E+01 1.48483E-01
 3.80000E+01 3.67477E+01 1.50837E-01
 3.90000E+01 3.60699E+01 1.51348E-01
 4.00000E+01 3.56624E+01 1.52122E-01
