# n + 115In: Production of 111Pd - Level  2     0.17218 MeV
# Q-value    =-5.36520E+00 mass= 110.907690
# E-threshold= 5.41229E+00
# # energies =    40
#     E          xs      Branching
 1.00000E+00 0.00000E+00 0.00000E+00
 2.00000E+00 0.00000E+00 0.00000E+00
 3.00000E+00 0.00000E+00 0.00000E+00
 4.00000E+00 0.00000E+00 0.00000E+00
 5.00000E+00 0.00000E+00 0.00000E+00
 6.00000E+00 0.00000E+00 0.00000E+00
 7.00000E+00 0.00000E+00 0.00000E+00
 8.00000E+00 0.00000E+00 0.00000E+00
 9.00000E+00 0.00000E+00 0.00000E+00
 1.00000E+01 0.00000E+00 0.00000E+00
 1.10000E+01 0.00000E+00 0.00000E+00
 1.20000E+01 0.00000E+00 0.00000E+00
 1.30000E+01 0.00000E+00 0.00000E+00
 1.40000E+01 0.00000E+00 0.00000E+00
 1.50000E+01 0.00000E+00 0.00000E+00
 1.60000E+01 0.00000E+00 0.00000E+00
 1.70000E+01 0.00000E+00 0.00000E+00
 1.80000E+01 0.00000E+00 0.00000E+00
 1.90000E+01 0.00000E+00 0.00000E+00
 2.00000E+01 0.00000E+00 0.00000E+00
 2.10000E+01 0.00000E+00 0.00000E+00
 2.20000E+01 0.00000E+00 0.00000E+00
 2.30000E+01 0.00000E+00 0.00000E+00
 2.40000E+01 0.00000E+00 0.00000E+00
 2.50000E+01 0.00000E+00 0.00000E+00
 2.60000E+01 0.00000E+00 0.00000E+00
 2.70000E+01 0.00000E+00 0.00000E+00
 2.80000E+01 4.25267E-04 4.51816E-01
 2.90000E+01 7.60888E-04 4.90554E-01
 3.00000E+01 1.24176E-03 5.25488E-01
 3.10000E+01 1.81269E-03 5.58507E-01
 3.20000E+01 2.41884E-03 5.95593E-01
 3.30000E+01 3.06051E-03 6.27628E-01
 3.40000E+01 3.59857E-03 6.44779E-01
 3.50000E+01 3.95998E-03 6.57697E-01
 3.60000E+01 4.03499E-03 6.67271E-01
 3.70000E+01 4.18355E-03 6.86775E-01
 3.80000E+01 4.24319E-03 6.97078E-01
 3.90000E+01 4.17299E-03 6.97593E-01
 4.00000E+01 3.97899E-03 6.92797E-01
