# n + 113In: Production of 106Rh - Ground state
# Q-value    = 2.17009E-01 mass= 105.907286
# E-threshold= 0.00000E+00
# # energies =    40
#     E          xs      Branching
 1.00000E+00 0.00000E+00 0.00000E+00
 2.00000E+00 0.00000E+00 0.00000E+00
 3.00000E+00 0.00000E+00 0.00000E+00
 4.00000E+00 0.00000E+00 0.00000E+00
 5.00000E+00 0.00000E+00 0.00000E+00
 6.00000E+00 0.00000E+00 0.00000E+00
 7.00000E+00 0.00000E+00 0.00000E+00
 8.00000E+00 0.00000E+00 0.00000E+00
 9.00000E+00 0.00000E+00 0.00000E+00
 1.00000E+01 0.00000E+00 0.00000E+00
 1.10000E+01 0.00000E+00 0.00000E+00
 1.20000E+01 0.00000E+00 0.00000E+00
 1.30000E+01 0.00000E+00 0.00000E+00
 1.40000E+01 0.00000E+00 0.00000E+00
 1.50000E+01 8.67524E-14 0.00000E+00
 1.60000E+01 2.76985E-12 0.00000E+00
 1.70000E+01 2.83167E-11 0.00000E+00
 1.80000E+01 1.96777E-10 0.00000E+00
 1.90000E+01 9.91205E-10 0.00000E+00
 2.00000E+01 4.16742E-09 0.00000E+00
 2.10000E+01 1.33130E-08 0.00000E+00
 2.20000E+01 3.45217E-08 0.00000E+00
 2.30000E+01 7.72841E-08 0.00000E+00
 2.40000E+01 1.43371E-07 0.00000E+00
 2.50000E+01 2.22858E-07 0.00000E+00
 2.60000E+01 3.04772E-07 0.00000E+00
 2.70000E+01 3.66655E-07 0.00000E+00
 2.80000E+01 3.90737E-07 0.00000E+00
 2.90000E+01 3.83740E-07 0.00000E+00
 3.00000E+01 3.56371E-07 0.00000E+00
 3.10000E+01 2.92360E-04 2.42960E-01
 3.20000E+01 3.61096E-04 2.22796E-01
 3.30000E+01 4.17876E-04 2.07390E-01
 3.40000E+01 4.56592E-04 1.96322E-01
 3.50000E+01 4.39314E-04 1.80530E-01
 3.60000E+01 3.86321E-04 1.59564E-01
 3.70000E+01 3.31592E-04 1.43165E-01
 3.80000E+01 2.99120E-04 1.34499E-01
 3.90000E+01 2.76186E-04 1.31830E-01
 4.00000E+01 2.59249E-04 1.31576E-01
