# n + 113In: Production of 111Cd - Level  3     0.39621 MeV
# Q-value    =-7.38956E+00 mass= 110.904184
# E-threshold= 7.45557E+00
# # energies =    40
#     E          xs      Branching
 1.00000E+00 0.00000E+00 0.00000E+00
 2.00000E+00 0.00000E+00 0.00000E+00
 3.00000E+00 0.00000E+00 0.00000E+00
 4.00000E+00 0.00000E+00 0.00000E+00
 5.00000E+00 0.00000E+00 0.00000E+00
 6.00000E+00 0.00000E+00 0.00000E+00
 7.00000E+00 0.00000E+00 0.00000E+00
 8.00000E+00 0.00000E+00 0.00000E+00
 9.00000E+00 0.00000E+00 0.00000E+00
 1.00000E+01 0.00000E+00 0.00000E+00
 1.10000E+01 0.00000E+00 0.00000E+00
 1.20000E+01 0.00000E+00 0.00000E+00
 1.30000E+01 0.00000E+00 0.00000E+00
 1.40000E+01 1.41819E-03 2.66758E-01
 1.50000E+01 1.09352E-02 3.54472E-01
 1.60000E+01 5.75990E-02 3.81221E-01
 1.70000E+01 1.77118E-01 4.04832E-01
 1.80000E+01 3.92650E-01 4.28741E-01
 1.90000E+01 7.26195E-01 4.52735E-01
 2.00000E+01 1.26307E+00 4.71857E-01
 2.10000E+01 2.27175E+00 4.84827E-01
 2.20000E+01 5.02044E+00 5.25539E-01
 2.30000E+01 9.42576E+00 5.41467E-01
 2.40000E+01 1.50356E+01 5.60964E-01
 2.50000E+01 2.32278E+01 5.81219E-01
 2.60000E+01 3.08219E+01 5.95349E-01
 2.70000E+01 3.96666E+01 6.07260E-01
 2.80000E+01 4.78174E+01 6.20172E-01
 2.90000E+01 5.61456E+01 6.28480E-01
 3.00000E+01 6.47729E+01 6.43242E-01
 3.10000E+01 7.11303E+01 6.54590E-01
 3.20000E+01 7.64680E+01 6.61328E-01
 3.30000E+01 8.03767E+01 6.70546E-01
 3.40000E+01 8.15578E+01 6.77126E-01
 3.50000E+01 8.10792E+01 6.74996E-01
 3.60000E+01 8.09139E+01 6.72397E-01
 3.70000E+01 7.88580E+01 6.69646E-01
 3.80000E+01 7.56751E+01 6.63961E-01
 3.90000E+01 7.25298E+01 6.53348E-01
 4.00000E+01 7.07355E+01 6.42451E-01
