# n + 115In: Production of 111Pd - Ground state
# Q-value    =-5.19302E+00 mass= 110.907690
# E-threshold= 5.23860E+00
# # energies =    40
#     E          xs      Branching
 1.00000E+00 0.00000E+00 0.00000E+00
 2.00000E+00 0.00000E+00 0.00000E+00
 3.00000E+00 0.00000E+00 0.00000E+00
 4.00000E+00 0.00000E+00 0.00000E+00
 5.00000E+00 0.00000E+00 0.00000E+00
 6.00000E+00 0.00000E+00 0.00000E+00
 7.00000E+00 0.00000E+00 0.00000E+00
 8.00000E+00 0.00000E+00 0.00000E+00
 9.00000E+00 0.00000E+00 0.00000E+00
 1.00000E+01 0.00000E+00 0.00000E+00
 1.10000E+01 0.00000E+00 0.00000E+00
 1.20000E+01 0.00000E+00 0.00000E+00
 1.30000E+01 0.00000E+00 0.00000E+00
 1.40000E+01 0.00000E+00 0.00000E+00
 1.50000E+01 0.00000E+00 0.00000E+00
 1.60000E+01 0.00000E+00 0.00000E+00
 1.70000E+01 0.00000E+00 0.00000E+00
 1.80000E+01 0.00000E+00 0.00000E+00
 1.90000E+01 0.00000E+00 0.00000E+00
 2.00000E+01 0.00000E+00 0.00000E+00
 2.10000E+01 0.00000E+00 0.00000E+00
 2.20000E+01 0.00000E+00 0.00000E+00
 2.30000E+01 0.00000E+00 0.00000E+00
 2.40000E+01 0.00000E+00 0.00000E+00
 2.50000E+01 0.00000E+00 0.00000E+00
 2.60000E+01 0.00000E+00 0.00000E+00
 2.70000E+01 0.00000E+00 0.00000E+00
 2.80000E+01 5.15973E-04 5.48184E-01
 2.90000E+01 7.90190E-04 5.09446E-01
 3.00000E+01 1.12130E-03 4.74512E-01
 3.10000E+01 1.43291E-03 4.41493E-01
 3.20000E+01 1.64239E-03 4.04407E-01
 3.30000E+01 1.81581E-03 3.72372E-01
 3.40000E+01 1.98252E-03 3.55221E-01
 3.50000E+01 2.06100E-03 3.42303E-01
 3.60000E+01 2.01201E-03 3.32729E-01
 3.70000E+01 1.90804E-03 3.13225E-01
 3.80000E+01 1.84392E-03 3.02922E-01
 3.90000E+01 1.80899E-03 3.02407E-01
 4.00000E+01 1.76439E-03 3.07203E-01
