# n + 113In: Production of 111Cd - Ground state
# Q-value    =-6.99334E+00 mass= 110.904184
# E-threshold= 7.05582E+00
# # energies =    40
#     E          xs      Branching
 1.00000E+00 0.00000E+00 0.00000E+00
 2.00000E+00 0.00000E+00 0.00000E+00
 3.00000E+00 0.00000E+00 0.00000E+00
 4.00000E+00 0.00000E+00 0.00000E+00
 5.00000E+00 0.00000E+00 0.00000E+00
 6.00000E+00 0.00000E+00 0.00000E+00
 7.00000E+00 0.00000E+00 0.00000E+00
 8.00000E+00 0.00000E+00 0.00000E+00
 9.00000E+00 0.00000E+00 0.00000E+00
 1.00000E+01 0.00000E+00 0.00000E+00
 1.10000E+01 0.00000E+00 0.00000E+00
 1.20000E+01 0.00000E+00 0.00000E+00
 1.30000E+01 0.00000E+00 0.00000E+00
 1.40000E+01 3.89821E-03 7.33242E-01
 1.50000E+01 1.99141E-02 6.45528E-01
 1.60000E+01 9.34919E-02 6.18779E-01
 1.70000E+01 2.60392E-01 5.95168E-01
 1.80000E+01 5.23172E-01 5.71259E-01
 1.90000E+01 8.77824E-01 5.47265E-01
 2.00000E+01 1.41374E+00 5.28143E-01
 2.10000E+01 2.41394E+00 5.15173E-01
 2.20000E+01 4.53249E+00 4.74461E-01
 2.30000E+01 7.98208E+00 4.58533E-01
 2.40000E+01 1.17676E+01 4.39036E-01
 2.50000E+01 1.67361E+01 4.18781E-01
 2.60000E+01 2.09492E+01 4.04651E-01
 2.70000E+01 2.56540E+01 3.92740E-01
 2.80000E+01 2.92861E+01 3.79828E-01
 2.90000E+01 3.31899E+01 3.71520E-01
 3.00000E+01 3.59247E+01 3.56758E-01
 3.10000E+01 3.75336E+01 3.45410E-01
 3.20000E+01 3.91600E+01 3.38672E-01
 3.30000E+01 3.94909E+01 3.29455E-01
 3.40000E+01 3.88891E+01 3.22874E-01
 3.50000E+01 3.90389E+01 3.25004E-01
 3.60000E+01 3.94225E+01 3.27603E-01
 3.70000E+01 3.89027E+01 3.30354E-01
 3.80000E+01 3.83001E+01 3.36039E-01
 3.90000E+01 3.84827E+01 3.46652E-01
 4.00000E+01 3.93670E+01 3.57549E-01
