# n + 113In: Production of 112In - Ground state
# Q-value    =-9.44831E+00 mass= 111.905539
# E-threshold= 9.53272E+00
# # energies =    40
#     E          xs      Branching
 1.00000E+00 0.00000E+00 0.00000E+00
 2.00000E+00 0.00000E+00 0.00000E+00
 3.00000E+00 0.00000E+00 0.00000E+00
 4.00000E+00 0.00000E+00 0.00000E+00
 5.00000E+00 0.00000E+00 0.00000E+00
 6.00000E+00 0.00000E+00 0.00000E+00
 7.00000E+00 0.00000E+00 0.00000E+00
 8.00000E+00 0.00000E+00 0.00000E+00
 9.00000E+00 0.00000E+00 0.00000E+00
 1.00000E+01 2.31748E+01 2.06134E-01
 1.10000E+01 1.41063E+02 2.13325E-01
 1.20000E+01 2.34265E+02 2.11877E-01
 1.30000E+01 2.80693E+02 2.07852E-01
 1.40000E+01 3.01056E+02 2.04926E-01
 1.50000E+01 3.06889E+02 2.01253E-01
 1.60000E+01 3.04984E+02 1.97832E-01
 1.70000E+01 2.99445E+02 1.94505E-01
 1.80000E+01 2.82948E+02 1.89227E-01
 1.90000E+01 2.54395E+02 1.81537E-01
 2.00000E+01 2.07826E+02 1.70068E-01
 2.10000E+01 1.68037E+02 1.60823E-01
 2.20000E+01 1.37224E+02 1.55902E-01
 2.30000E+01 1.15003E+02 1.54574E-01
 2.40000E+01 9.97251E+01 1.57686E-01
 2.50000E+01 8.62074E+01 1.60051E-01
 2.60000E+01 7.74324E+01 1.64309E-01
 2.70000E+01 7.22993E+01 1.70939E-01
 2.80000E+01 6.71506E+01 1.73347E-01
 2.90000E+01 6.40550E+01 1.77346E-01
 3.00000E+01 6.16505E+01 1.81173E-01
 3.10000E+01 5.92306E+01 1.82670E-01
 3.20000E+01 5.79393E+01 1.84363E-01
 3.30000E+01 5.56142E+01 1.85023E-01
 3.40000E+01 5.45095E+01 1.87387E-01
 3.50000E+01 5.39468E+01 1.88940E-01
 3.60000E+01 5.24036E+01 1.88724E-01
 3.70000E+01 5.07537E+01 1.89233E-01
 3.80000E+01 4.99678E+01 1.91379E-01
 3.90000E+01 4.92277E+01 1.93462E-01
 4.00000E+01 4.85553E+01 1.94067E-01
