# n + 115In: Production of 113Ag - Total
# Q-value    =-9.36940E+00 mass= 112.906573
# E-threshold= 9.45165E+00
# # energies =    40
#     E          xs
 1.00000E+00 0.00000E+00
 2.00000E+00 0.00000E+00
 3.00000E+00 0.00000E+00
 4.00000E+00 0.00000E+00
 5.00000E+00 0.00000E+00
 6.00000E+00 0.00000E+00
 7.00000E+00 0.00000E+00
 8.00000E+00 0.00000E+00
 9.00000E+00 0.00000E+00
 1.00000E+01 0.00000E+00
 1.10000E+01 0.00000E+00
 1.20000E+01 0.00000E+00
 1.30000E+01 0.00000E+00
 1.40000E+01 0.00000E+00
 1.50000E+01 0.00000E+00
 1.60000E+01 0.00000E+00
 1.70000E+01 0.00000E+00
 1.80000E+01 0.00000E+00
 1.90000E+01 0.00000E+00
 2.00000E+01 0.00000E+00
 2.10000E+01 0.00000E+00
 2.20000E+01 0.00000E+00
 2.30000E+01 2.49903E-03
 2.40000E+01 9.62160E-03
 2.50000E+01 2.92537E-02
 2.60000E+01 7.15130E-02
 2.70000E+01 1.45662E-01
 2.80000E+01 2.57095E-01
 2.90000E+01 4.08007E-01
 3.00000E+01 5.76586E-01
 3.10000E+01 7.88296E-01
 3.20000E+01 9.95190E-01
 3.30000E+01 1.19321E+00
 3.40000E+01 1.36378E+00
 3.50000E+01 1.53691E+00
 3.60000E+01 1.64129E+00
 3.70000E+01 1.72510E+00
 3.80000E+01 1.78949E+00
 3.90000E+01 1.87407E+00
 4.00000E+01 1.87940E+00
