# n + 113In: Production of 111In - Total
# Q-value    =-1.71177E+01 mass= 110.905107
# E-threshold= 1.72706E+01
# # energies =    40
#     E          xs
 1.00000E+00 0.00000E+00
 2.00000E+00 0.00000E+00
 3.00000E+00 0.00000E+00
 4.00000E+00 0.00000E+00
 5.00000E+00 0.00000E+00
 6.00000E+00 0.00000E+00
 7.00000E+00 0.00000E+00
 8.00000E+00 0.00000E+00
 9.00000E+00 0.00000E+00
 1.00000E+01 0.00000E+00
 1.10000E+01 0.00000E+00
 1.20000E+01 0.00000E+00
 1.30000E+01 0.00000E+00
 1.40000E+01 0.00000E+00
 1.50000E+01 0.00000E+00
 1.60000E+01 0.00000E+00
 1.70000E+01 0.00000E+00
 1.80000E+01 3.29918E+01
 1.90000E+01 1.10067E+02
 2.00000E+01 2.71650E+02
 2.10000E+01 4.30120E+02
 2.20000E+01 5.79969E+02
 2.30000E+01 7.04436E+02
 2.40000E+01 7.95391E+02
 2.50000E+01 8.68975E+02
 2.60000E+01 9.11959E+02
 2.70000E+01 9.33430E+02
 2.80000E+01 9.40395E+02
 2.90000E+01 9.15223E+02
 3.00000E+01 8.63967E+02
 3.10000E+01 7.87299E+02
 3.20000E+01 6.99907E+02
 3.30000E+01 6.15647E+02
 3.40000E+01 5.39108E+02
 3.50000E+01 4.66654E+02
 3.60000E+01 4.09907E+02
 3.70000E+01 3.69472E+02
 3.80000E+01 3.31336E+02
 3.90000E+01 3.05013E+02
 4.00000E+01 2.83268E+02
