# n + 115In: Production of 109Ag - Level  1     0.08803 MeV
# Q-value    =-1.94725E+01 mass= 108.904756
# E-threshold= 1.96434E+01
# # energies =    40
#     E          xs      Branching
 1.00000E+00 0.00000E+00 0.00000E+00
 2.00000E+00 0.00000E+00 0.00000E+00
 3.00000E+00 0.00000E+00 0.00000E+00
 4.00000E+00 0.00000E+00 0.00000E+00
 5.00000E+00 0.00000E+00 0.00000E+00
 6.00000E+00 0.00000E+00 0.00000E+00
 7.00000E+00 0.00000E+00 0.00000E+00
 8.00000E+00 0.00000E+00 0.00000E+00
 9.00000E+00 0.00000E+00 0.00000E+00
 1.00000E+01 0.00000E+00 0.00000E+00
 1.10000E+01 0.00000E+00 0.00000E+00
 1.20000E+01 0.00000E+00 0.00000E+00
 1.30000E+01 0.00000E+00 0.00000E+00
 1.40000E+01 0.00000E+00 0.00000E+00
 1.50000E+01 0.00000E+00 0.00000E+00
 1.60000E+01 0.00000E+00 0.00000E+00
 1.70000E+01 0.00000E+00 0.00000E+00
 1.80000E+01 0.00000E+00 0.00000E+00
 1.90000E+01 0.00000E+00 0.00000E+00
 2.00000E+01 0.00000E+00 0.00000E+00
 2.10000E+01 0.00000E+00 0.00000E+00
 2.20000E+01 0.00000E+00 0.00000E+00
 2.30000E+01 0.00000E+00 0.00000E+00
 2.40000E+01 0.00000E+00 0.00000E+00
 2.50000E+01 0.00000E+00 0.00000E+00
 2.60000E+01 0.00000E+00 0.00000E+00
 2.70000E+01 0.00000E+00 0.00000E+00
 2.80000E+01 0.00000E+00 0.00000E+00
 2.90000E+01 4.12624E-03 8.03363E-01
 3.00000E+01 1.91161E-02 7.50028E-01
 3.10000E+01 1.18736E-01 8.30843E-01
 3.20000E+01 2.92422E-01 7.94656E-01
 3.30000E+01 7.03880E-01 7.77586E-01
 3.40000E+01 1.93722E+00 7.93926E-01
 3.50000E+01 3.36165E+00 7.87001E-01
 3.60000E+01 4.94774E+00 7.77137E-01
 3.70000E+01 7.04264E+00 7.71803E-01
 3.80000E+01 9.88381E+00 7.72000E-01
 3.90000E+01 1.27042E+01 7.74815E-01
 4.00000E+01 1.49571E+01 7.67398E-01
