# n + 115In: Production of 113In - Ground state
# Q-value    =-1.63119E+01 mass= 112.904060
# E-threshold= 1.64551E+01
# # energies =    40
#     E          xs      Branching
 1.00000E+00 0.00000E+00 0.00000E+00
 2.00000E+00 0.00000E+00 0.00000E+00
 3.00000E+00 0.00000E+00 0.00000E+00
 4.00000E+00 0.00000E+00 0.00000E+00
 5.00000E+00 0.00000E+00 0.00000E+00
 6.00000E+00 0.00000E+00 0.00000E+00
 7.00000E+00 0.00000E+00 0.00000E+00
 8.00000E+00 0.00000E+00 0.00000E+00
 9.00000E+00 0.00000E+00 0.00000E+00
 1.00000E+01 0.00000E+00 0.00000E+00
 1.10000E+01 0.00000E+00 0.00000E+00
 1.20000E+01 0.00000E+00 0.00000E+00
 1.30000E+01 0.00000E+00 0.00000E+00
 1.40000E+01 0.00000E+00 0.00000E+00
 1.50000E+01 0.00000E+00 0.00000E+00
 1.60000E+01 0.00000E+00 0.00000E+00
 1.70000E+01 2.04391E+01 9.68227E-01
 1.80000E+01 1.01506E+02 9.08562E-01
 1.90000E+01 2.71027E+02 9.01833E-01
 2.00000E+01 4.33910E+02 8.95016E-01
 2.10000E+01 5.88774E+02 8.98772E-01
 2.20000E+01 7.24850E+02 9.03814E-01
 2.30000E+01 8.30677E+02 9.08889E-01
 2.40000E+01 8.95665E+02 9.12454E-01
 2.50000E+01 9.45492E+02 9.16415E-01
 2.60000E+01 9.72551E+02 9.18764E-01
 2.70000E+01 9.75212E+02 9.21289E-01
 2.80000E+01 9.49866E+02 9.23451E-01
 2.90000E+01 8.85697E+02 9.25583E-01
 3.00000E+01 8.01248E+02 9.26259E-01
 3.10000E+01 7.11605E+02 9.27464E-01
 3.20000E+01 6.17761E+02 9.27161E-01
 3.30000E+01 5.33674E+02 9.26962E-01
 3.40000E+01 4.66334E+02 9.25965E-01
 3.50000E+01 4.08822E+02 9.23889E-01
 3.60000E+01 3.59427E+02 9.21658E-01
 3.70000E+01 3.28587E+02 9.18838E-01
 3.80000E+01 2.99801E+02 9.17225E-01
 3.90000E+01 2.78288E+02 9.14501E-01
 4.00000E+01 2.59673E+02 9.11936E-01
