# n + 115In: Production of 110Pd - Total
# Q-value    =-8.69475E+00 mass= 109.905173
# E-threshold= 8.77108E+00
# # energies =    40
#     E          xs
 1.00000E+00 0.00000E+00
 2.00000E+00 0.00000E+00
 3.00000E+00 0.00000E+00
 4.00000E+00 0.00000E+00
 5.00000E+00 0.00000E+00
 6.00000E+00 0.00000E+00
 7.00000E+00 0.00000E+00
 8.00000E+00 0.00000E+00
 9.00000E+00 0.00000E+00
 1.00000E+01 0.00000E+00
 1.10000E+01 0.00000E+00
 1.20000E+01 0.00000E+00
 1.30000E+01 0.00000E+00
 1.40000E+01 0.00000E+00
 1.50000E+01 0.00000E+00
 1.60000E+01 0.00000E+00
 1.70000E+01 0.00000E+00
 1.80000E+01 0.00000E+00
 1.90000E+01 0.00000E+00
 2.00000E+01 0.00000E+00
 2.10000E+01 0.00000E+00
 2.20000E+01 0.00000E+00
 2.30000E+01 0.00000E+00
 2.40000E+01 0.00000E+00
 2.50000E+01 0.00000E+00
 2.60000E+01 0.00000E+00
 2.70000E+01 0.00000E+00
 2.80000E+01 0.00000E+00
 2.90000E+01 0.00000E+00
 3.00000E+01 1.44617E-03
 3.10000E+01 3.44357E-03
 3.20000E+01 7.23319E-03
 3.30000E+01 1.34542E-02
 3.40000E+01 2.29656E-02
 3.50000E+01 3.70916E-02
 3.60000E+01 5.64852E-02
 3.70000E+01 8.07709E-02
 3.80000E+01 1.09811E-01
 3.90000E+01 1.39495E-01
 4.00000E+01 1.66231E-01
