# n + 113In: Production of 106Rh - Total
# Q-value    = 2.17009E-01 mass= 105.907286
# E-threshold= 0.00000E+00
# # energies =    40
#     E          xs
 1.00000E+00 0.00000E+00
 2.00000E+00 0.00000E+00
 3.00000E+00 0.00000E+00
 4.00000E+00 0.00000E+00
 5.00000E+00 1.00000E-07
 6.00000E+00 1.00000E-07
 7.00000E+00 1.00000E-07
 8.00000E+00 1.00000E-07
 9.00000E+00 1.00000E-07
 1.00000E+01 1.00000E-07
 1.10000E+01 1.00000E-07
 1.20000E+01 1.00000E-07
 1.30000E+01 1.00000E-07
 1.40000E+01 1.00000E-07
 1.50000E+01 1.00000E-07
 1.60000E+01 1.00000E-07
 1.70000E+01 1.00000E-07
 1.80000E+01 1.00000E-07
 1.90000E+01 1.00000E-07
 2.00000E+01 1.00000E-07
 2.10000E+01 1.00000E-07
 2.20000E+01 1.00000E-07
 2.30000E+01 1.00000E-07
 2.40000E+01 1.00000E-07
 2.50000E+01 1.00000E-07
 2.60000E+01 1.00000E-07
 2.70000E+01 1.00000E-07
 2.80000E+01 1.00000E-07
 2.90000E+01 1.00000E-07
 3.00000E+01 1.00000E-07
 3.10000E+01 1.20333E-03
 3.20000E+01 1.62075E-03
 3.30000E+01 2.01494E-03
 3.40000E+01 2.32573E-03
 3.50000E+01 2.43347E-03
 3.60000E+01 2.42111E-03
 3.70000E+01 2.31615E-03
 3.80000E+01 2.22396E-03
 3.90000E+01 2.09501E-03
 4.00000E+01 1.97034E-03
