# n + 113In: Production of 109Pd - Total
# Q-value    =-3.40320E+00 mass= 108.905951
# E-threshold= 3.43360E+00
# # energies =    40
#     E          xs
 1.00000E+00 0.00000E+00
 2.00000E+00 0.00000E+00
 3.00000E+00 0.00000E+00
 4.00000E+00 0.00000E+00
 5.00000E+00 0.00000E+00
 6.00000E+00 0.00000E+00
 7.00000E+00 0.00000E+00
 8.00000E+00 0.00000E+00
 9.00000E+00 0.00000E+00
 1.00000E+01 0.00000E+00
 1.10000E+01 0.00000E+00
 1.20000E+01 0.00000E+00
 1.30000E+01 0.00000E+00
 1.40000E+01 0.00000E+00
 1.50000E+01 0.00000E+00
 1.60000E+01 0.00000E+00
 1.70000E+01 0.00000E+00
 1.80000E+01 0.00000E+00
 1.90000E+01 0.00000E+00
 2.00000E+01 0.00000E+00
 2.10000E+01 0.00000E+00
 2.20000E+01 1.24367E-03
 2.30000E+01 2.34777E-03
 2.40000E+01 3.91052E-03
 2.50000E+01 5.95773E-03
 2.60000E+01 8.74900E-03
 2.70000E+01 1.23860E-02
 2.80000E+01 1.63848E-02
 2.90000E+01 2.01291E-02
 3.00000E+01 2.35319E-02
 3.10000E+01 2.61896E-02
 3.20000E+01 2.77365E-02
 3.30000E+01 2.80760E-02
 3.40000E+01 2.78460E-02
 3.50000E+01 2.70422E-02
 3.60000E+01 2.59157E-02
 3.70000E+01 2.39047E-02
 3.80000E+01 2.22219E-02
 3.90000E+01 2.04362E-02
 4.00000E+01 1.90230E-02
