# n + 115In: Production of 116In - Total
# Q-value    = 6.78473E+00 mass= 115.905260
# E-threshold= 0.00000E+00
# # energies =    40
#     E          xs
 1.00000E+00 2.62484E+02
 2.00000E+00 1.65764E+02
 3.00000E+00 7.15101E+01
 4.00000E+00 3.38923E+01
 5.00000E+00 1.56535E+01
 6.00000E+00 6.95751E+00
 7.00000E+00 3.32686E+00
 8.00000E+00 1.98871E+00
 9.00000E+00 1.47892E+00
 1.00000E+01 1.40351E+00
 1.10000E+01 1.35706E+00
 1.20000E+01 1.36461E+00
 1.30000E+01 1.33553E+00
 1.40000E+01 1.27706E+00
 1.50000E+01 1.18287E+00
 1.60000E+01 1.00130E+00
 1.70000E+01 8.63072E-01
 1.80000E+01 7.34976E-01
 1.90000E+01 6.10027E-01
 2.00000E+01 5.25113E-01
 2.10000E+01 4.66136E-01
 2.20000E+01 4.21016E-01
 2.30000E+01 3.80843E-01
 2.40000E+01 3.44697E-01
 2.50000E+01 3.21482E-01
 2.60000E+01 3.01442E-01
 2.70000E+01 2.84212E-01
 2.80000E+01 2.68789E-01
 2.90000E+01 2.50611E-01
 3.00000E+01 2.39068E-01
 3.10000E+01 2.30810E-01
 3.20000E+01 2.21880E-01
 3.30000E+01 2.13291E-01
 3.40000E+01 2.02549E-01
 3.50000E+01 1.96616E-01
 3.60000E+01 1.83755E-01
 3.70000E+01 1.83906E-01
 3.80000E+01 1.76932E-01
 3.90000E+01 1.77862E-01
 4.00000E+01 1.68552E-01
