# n + 113In: Production of 111In - Level  1     0.53699 MeV
# Q-value    =-1.76547E+01 mass= 110.905107
# E-threshold= 1.78124E+01
# # energies =    40
#     E          xs      Branching
 1.00000E+00 0.00000E+00 0.00000E+00
 2.00000E+00 0.00000E+00 0.00000E+00
 3.00000E+00 0.00000E+00 0.00000E+00
 4.00000E+00 0.00000E+00 0.00000E+00
 5.00000E+00 0.00000E+00 0.00000E+00
 6.00000E+00 0.00000E+00 0.00000E+00
 7.00000E+00 0.00000E+00 0.00000E+00
 8.00000E+00 0.00000E+00 0.00000E+00
 9.00000E+00 0.00000E+00 0.00000E+00
 1.00000E+01 0.00000E+00 0.00000E+00
 1.10000E+01 0.00000E+00 0.00000E+00
 1.20000E+01 0.00000E+00 0.00000E+00
 1.30000E+01 0.00000E+00 0.00000E+00
 1.40000E+01 0.00000E+00 0.00000E+00
 1.50000E+01 0.00000E+00 0.00000E+00
 1.60000E+01 0.00000E+00 0.00000E+00
 1.70000E+01 0.00000E+00 0.00000E+00
 1.80000E+01 5.93706E-01 1.79956E-02
 1.90000E+01 7.69191E+00 6.98841E-02
 2.00000E+01 2.29198E+01 8.43727E-02
 2.10000E+01 3.88543E+01 9.03337E-02
 2.20000E+01 5.23070E+01 9.01893E-02
 2.30000E+01 6.17073E+01 8.75981E-02
 2.40000E+01 6.68851E+01 8.40908E-02
 2.50000E+01 6.98755E+01 8.04115E-02
 2.60000E+01 7.02837E+01 7.70689E-02
 2.70000E+01 6.97531E+01 7.47277E-02
 2.80000E+01 6.82511E+01 7.25771E-02
 2.90000E+01 6.46204E+01 7.06062E-02
 3.00000E+01 5.97768E+01 6.91888E-02
 3.10000E+01 5.35704E+01 6.80433E-02
 3.20000E+01 4.71246E+01 6.73298E-02
 3.30000E+01 4.13335E+01 6.71382E-02
 3.40000E+01 3.66200E+01 6.79271E-02
 3.50000E+01 3.18521E+01 6.82563E-02
 3.60000E+01 2.88927E+01 7.04861E-02
 3.70000E+01 2.69323E+01 7.28941E-02
 3.80000E+01 2.46318E+01 7.43409E-02
 3.90000E+01 2.35572E+01 7.72336E-02
 4.00000E+01 2.24825E+01 7.93682E-02
