# n + 115In Total cross sections
# 
# 
# # energies =    40
#    E      Cross section
 1.00000E+00 7.16991E+03
 2.00000E+00 5.55802E+03
 3.00000E+00 4.38955E+03
 4.00000E+00 3.92287E+03
 5.00000E+00 3.89986E+03
 6.00000E+00 3.99987E+03
 7.00000E+00 4.11402E+03
 8.00000E+00 4.23220E+03
 9.00000E+00 4.35046E+03
 1.00000E+01 4.45651E+03
 1.10000E+01 4.53446E+03
 1.20000E+01 4.57412E+03
 1.30000E+01 4.57424E+03
 1.40000E+01 4.53769E+03
 1.50000E+01 4.46896E+03
 1.60000E+01 4.37548E+03
 1.70000E+01 4.26688E+03
 1.80000E+01 4.15222E+03
 1.90000E+01 4.03827E+03
 2.00000E+01 3.92934E+03
 2.10000E+01 3.82747E+03
 2.20000E+01 3.73286E+03
 2.30000E+01 3.64469E+03
 2.40000E+01 3.56210E+03
 2.50000E+01 3.48502E+03
 2.60000E+01 3.41425E+03
 2.70000E+01 3.35109E+03
 2.80000E+01 3.29679E+03
 2.90000E+01 3.25210E+03
 3.00000E+01 3.21718E+03
 3.10000E+01 3.19157E+03
 3.20000E+01 3.17442E+03
 3.30000E+01 3.16467E+03
 3.40000E+01 3.16121E+03
 3.50000E+01 3.16307E+03
 3.60000E+01 3.16944E+03
 3.70000E+01 3.17965E+03
 3.80000E+01 3.19317E+03
 3.90000E+01 3.20956E+03
 4.00000E+01 3.22836E+03
