# n + 113In Total triton   production
# Q-value    =-6.99334E+00
# 
# # energies =    40
#    E         xs         Yield
 1.00000E+00 0.00000E+00 0.00000E+00
 2.00000E+00 0.00000E+00 0.00000E+00
 3.00000E+00 0.00000E+00 0.00000E+00
 4.00000E+00 0.00000E+00 0.00000E+00
 5.00000E+00 0.00000E+00 0.00000E+00
 6.00000E+00 0.00000E+00 0.00000E+00
 7.00000E+00 0.00000E+00 0.00000E+00
 8.00000E+00 1.30717E-25 6.49272E-29
 9.00000E+00 2.32883E-14 1.17524E-17
 1.00000E+01 7.05044E-10 3.57646E-13
 1.10000E+01 2.69849E-07 1.37076E-10
 1.20000E+01 9.87016E-06 5.02329E-09
 1.30000E+01 3.29176E-04 1.68087E-07
 1.40000E+01 5.32910E-03 2.73516E-06
 1.50000E+01 3.05569E-02 1.57998E-05
 1.60000E+01 1.49483E-01 7.80046E-05
 1.70000E+01 4.33087E-01 2.28179E-04
 1.80000E+01 9.04845E-01 4.80919E-04
 1.90000E+01 1.55099E+00 8.30242E-04
 2.00000E+01 2.34126E+00 1.26002E-03
 2.10000E+01 3.24140E+00 1.75154E-03
 2.20000E+01 4.21935E+00 2.28825E-03
 2.30000E+01 5.24655E+00 2.85730E-03
 2.40000E+01 6.29975E+00 3.44980E-03
 2.50000E+01 7.35993E+00 4.05846E-03
 2.60000E+01 8.41323E+00 4.67679E-03
 2.70000E+01 9.44858E+00 5.29760E-03
 2.80000E+01 1.04576E+01 5.91361E-03
 2.90000E+01 1.14984E+01 6.55538E-03
 3.00000E+01 1.24324E+01 7.14198E-03
 3.10000E+01 1.33260E+01 7.71017E-03
 3.20000E+01 1.41737E+01 8.25687E-03
 3.30000E+01 1.49741E+01 8.78203E-03
 3.40000E+01 1.57253E+01 9.28538E-03
 3.50000E+01 1.64339E+01 9.77117E-03
 3.60000E+01 1.70510E+01 1.02098E-02
 3.70000E+01 1.76869E+01 1.06665E-02
 3.80000E+01 1.82863E+01 1.11071E-02
 3.90000E+01 1.88517E+01 1.15321E-02
 4.00000E+01 1.93740E+01 1.19346E-02
