# n +  94Zr Total alpha    production
# Q-value    = 2.02902E+00
# 
# # energies =    40
#    E         xs         Yield
 1.00000E+00 0.00000E+00 0.00000E+00
 2.00000E+00 0.00000E+00 0.00000E+00
 3.00000E+00 0.00000E+00 0.00000E+00
 4.00000E+00 1.27690E-04 7.02722E-08
 5.00000E+00 1.90987E-03 1.07105E-06
 6.00000E+00 9.63906E-03 5.33966E-06
 7.00000E+00 2.96470E-02 1.62409E-05
 8.00000E+00 5.83451E-02 3.20068E-05
 9.00000E+00 8.80718E-02 4.87692E-05
 1.00000E+01 1.49728E-01 8.39286E-05
 1.10000E+01 2.89914E-01 1.64369E-04
 1.20000E+01 6.07534E-01 3.47399E-04
 1.30000E+01 1.15095E+00 6.61823E-04
 1.40000E+01 1.96559E+00 1.13436E-03
 1.50000E+01 3.09445E+00 1.78997E-03
 1.60000E+01 4.62104E+00 2.67654E-03
 1.70000E+01 6.73383E+00 3.90421E-03
 1.80000E+01 9.14141E+00 5.31088E-03
 1.90000E+01 1.15704E+01 6.75088E-03
 2.00000E+01 1.35289E+01 7.94780E-03
 2.10000E+01 1.46365E+01 8.67426E-03
 2.20000E+01 1.59756E+01 9.55925E-03
 2.30000E+01 1.73498E+01 1.04800E-02
 2.40000E+01 1.87813E+01 1.14435E-02
 2.50000E+01 2.01995E+01 1.24028E-02
 2.60000E+01 2.15822E+01 1.33441E-02
 2.70000E+01 2.29116E+01 1.42587E-02
 2.80000E+01 2.41805E+01 1.51464E-02
 2.90000E+01 2.53969E+01 1.60162E-02
 3.00000E+01 2.65356E+01 1.68543E-02
 3.10000E+01 2.76210E+01 1.76762E-02
 3.20000E+01 2.86543E+01 1.84806E-02
 3.30000E+01 2.96334E+01 1.92633E-02
 3.40000E+01 3.05636E+01 2.00241E-02
 3.50000E+01 3.14595E+01 2.07701E-02
 3.60000E+01 3.23040E+01 2.14883E-02
 3.70000E+01 3.31219E+01 2.21937E-02
 3.80000E+01 3.38698E+01 2.28572E-02
 3.90000E+01 3.45474E+01 2.34780E-02
 4.00000E+01 3.53285E+01 2.41748E-02
