# n +  91Zr Total alpha    production
# Q-value    = 5.67246E+00
# 
# # energies =    40
#    E         xs         Yield
 1.00000E+00 1.27608E-02 1.07030E-03
 2.00000E+00 1.23025E-01 1.52333E-04
 3.00000E+00 1.92753E-01 1.11682E-04
 4.00000E+00 3.71692E-01 2.09718E-04
 5.00000E+00 5.32845E-01 3.10712E-04
 6.00000E+00 5.96866E-01 3.45110E-04
 7.00000E+00 6.80082E-01 3.87402E-04
 8.00000E+00 9.49246E-01 5.39120E-04
 9.00000E+00 1.63325E+00 9.32012E-04
 1.00000E+01 2.84385E+00 1.63677E-03
 1.10000E+01 4.60401E+00 2.67882E-03
 1.20000E+01 6.92536E+00 4.07130E-03
 1.30000E+01 9.88245E+00 5.85423E-03
 1.40000E+01 1.37460E+01 8.18324E-03
 1.50000E+01 1.77454E+01 1.05956E-02
 1.60000E+01 2.20286E+01 1.31712E-02
 1.70000E+01 2.49316E+01 1.49102E-02
 1.80000E+01 2.75882E+01 1.65029E-02
 1.90000E+01 3.08269E+01 1.84759E-02
 2.00000E+01 3.36059E+01 2.02382E-02
 2.10000E+01 3.61803E+01 2.19547E-02
 2.20000E+01 3.85265E+01 2.36005E-02
 2.30000E+01 4.06509E+01 2.51543E-02
 2.40000E+01 4.25398E+01 2.65804E-02
 2.50000E+01 4.41906E+01 2.78568E-02
 2.60000E+01 4.56315E+01 2.89915E-02
 2.70000E+01 4.68332E+01 2.99664E-02
 2.80000E+01 4.79101E+01 3.08608E-02
 2.90000E+01 4.88345E+01 3.16657E-02
 3.00000E+01 4.96247E+01 3.23995E-02
 3.10000E+01 5.03083E+01 3.30830E-02
 3.20000E+01 5.09151E+01 3.37340E-02
 3.30000E+01 5.14416E+01 3.43466E-02
 3.40000E+01 5.19024E+01 3.49248E-02
 3.50000E+01 5.23542E+01 3.55018E-02
 3.60000E+01 5.28512E+01 3.61116E-02
 3.70000E+01 5.32384E+01 3.66461E-02
 3.80000E+01 5.37337E+01 3.72548E-02
 3.90000E+01 5.41668E+01 3.78202E-02
 4.00000E+01 5.47087E+01 3.84625E-02
