# n +  96Zr Total alpha    production
# Q-value    = 2.93403E-01
# 
# # energies =    40
#    E         xs         Yield
 1.00000E+00 0.00000E+00 0.00000E+00
 2.00000E+00 0.00000E+00 0.00000E+00
 3.00000E+00 0.00000E+00 0.00000E+00
 4.00000E+00 1.91920E-19 1.01857E-22
 5.00000E+00 2.93683E-07 1.56656E-10
 6.00000E+00 3.04805E-05 1.61467E-08
 7.00000E+00 2.12042E-04 1.11949E-07
 8.00000E+00 9.13437E-04 4.85635E-07
 9.00000E+00 2.88120E-03 1.55151E-06
 1.00000E+01 6.63135E-03 3.62208E-06
 1.10000E+01 1.64219E-02 9.08752E-06
 1.20000E+01 5.03019E-02 2.81248E-05
 1.30000E+01 1.45701E-01 8.20828E-05
 1.40000E+01 3.38970E-01 1.92027E-04
 1.50000E+01 6.69758E-01 3.80931E-04
 1.60000E+01 1.14222E+00 6.51384E-04
 1.70000E+01 1.86038E+00 1.06328E-03
 1.80000E+01 2.91564E+00 1.67188E-03
 1.90000E+01 4.43374E+00 2.55678E-03
 2.00000E+01 5.91385E+00 3.43851E-03
 2.10000E+01 7.56128E+00 4.44086E-03
 2.20000E+01 8.58881E+00 5.09873E-03
 2.30000E+01 9.10857E+00 5.46365E-03
 2.40000E+01 9.99864E+00 6.05450E-03
 2.50000E+01 1.09376E+01 6.67904E-03
 2.60000E+01 1.19035E+01 7.32445E-03
 2.70000E+01 1.28818E+01 7.98397E-03
 2.80000E+01 1.40387E+01 8.76427E-03
 2.90000E+01 1.49910E+01 9.42957E-03
 3.00000E+01 1.59354E+01 1.01034E-02
 3.10000E+01 1.68618E+01 1.07797E-02
 3.20000E+01 1.77792E+01 1.14631E-02
 3.30000E+01 1.86833E+01 1.21492E-02
 3.40000E+01 1.95754E+01 1.28372E-02
 3.50000E+01 2.04557E+01 1.35257E-02
 3.60000E+01 2.13346E+01 1.42205E-02
 3.70000E+01 2.22050E+01 1.49167E-02
 3.80000E+01 2.30723E+01 1.56179E-02
 3.90000E+01 2.39363E+01 1.63243E-02
 4.00000E+01 2.47513E+01 1.70047E-02
