# n +  96Zr Total deuteron production
# Q-value    =-9.29440E+00
# 
# # energies =    40
#    E         xs         Yield
 1.00000E+00 0.00000E+00 0.00000E+00
 2.00000E+00 0.00000E+00 0.00000E+00
 3.00000E+00 0.00000E+00 0.00000E+00
 4.00000E+00 0.00000E+00 0.00000E+00
 5.00000E+00 0.00000E+00 0.00000E+00
 6.00000E+00 0.00000E+00 0.00000E+00
 7.00000E+00 0.00000E+00 0.00000E+00
 8.00000E+00 0.00000E+00 0.00000E+00
 9.00000E+00 0.00000E+00 0.00000E+00
 1.00000E+01 8.04246E-21 4.39283E-24
 1.10000E+01 3.30892E-10 1.83109E-13
 1.20000E+01 2.70230E-06 1.51090E-09
 1.30000E+01 5.10846E-04 2.87792E-07
 1.40000E+01 1.09740E-02 6.21677E-06
 1.50000E+01 7.76996E-02 4.41925E-05
 1.60000E+01 3.04323E-01 1.73549E-04
 1.70000E+01 8.23088E-01 4.70425E-04
 1.80000E+01 1.68497E+00 9.66193E-04
 1.90000E+01 2.83065E+00 1.63234E-03
 2.00000E+01 4.15664E+00 2.41681E-03
 2.10000E+01 5.62367E+00 3.30287E-03
 2.20000E+01 7.42125E+00 4.40561E-03
 2.30000E+01 9.02891E+00 5.41587E-03
 2.40000E+01 1.06239E+01 6.43311E-03
 2.50000E+01 1.22264E+01 7.46607E-03
 2.60000E+01 1.38030E+01 8.49325E-03
 2.70000E+01 1.53465E+01 9.51154E-03
 2.80000E+01 1.68517E+01 1.05204E-02
 2.90000E+01 1.83146E+01 1.15201E-02
 3.00000E+01 1.97326E+01 1.25109E-02
 3.10000E+01 2.11003E+01 1.34893E-02
 3.20000E+01 2.25794E+01 1.45580E-02
 3.30000E+01 2.44007E+01 1.58671E-02
 3.40000E+01 2.56757E+01 1.68376E-02
 3.50000E+01 2.69029E+01 1.77887E-02
 3.60000E+01 2.80988E+01 1.87291E-02
 3.70000E+01 2.92426E+01 1.96443E-02
 3.80000E+01 3.03627E+01 2.05528E-02
 3.90000E+01 3.14624E+01 2.14570E-02
 4.00000E+01 3.25435E+01 2.23581E-02
