# n +  90Zr Elastic cross sections
# 
# 
# # energies =    40
#    E      Cross section
 1.00000E+00 6.56655E+03
 2.00000E+00 4.41649E+03
 3.00000E+00 2.70178E+03
 4.00000E+00 2.12424E+03
 5.00000E+00 2.00820E+03
 6.00000E+00 2.11605E+03
 7.00000E+00 2.27049E+03
 8.00000E+00 2.39838E+03
 9.00000E+00 2.47311E+03
 1.00000E+01 2.49322E+03
 1.10000E+01 2.46722E+03
 1.20000E+01 2.40639E+03
 1.30000E+01 2.32194E+03
 1.40000E+01 2.22319E+03
 1.50000E+01 2.11712E+03
 1.60000E+01 2.00909E+03
 1.70000E+01 1.90352E+03
 1.80000E+01 1.80379E+03
 1.90000E+01 1.71191E+03
 2.00000E+01 1.62858E+03
 2.10000E+01 1.55391E+03
 2.20000E+01 1.48800E+03
 2.30000E+01 1.43122E+03
 2.40000E+01 1.38398E+03
 2.50000E+01 1.34661E+03
 2.60000E+01 1.31912E+03
 2.70000E+01 1.30120E+03
 2.80000E+01 1.29215E+03
 2.90000E+01 1.29105E+03
 3.00000E+01 1.29682E+03
 3.10000E+01 1.30836E+03
 3.20000E+01 1.32467E+03
 3.30000E+01 1.34488E+03
 3.40000E+01 1.36826E+03
 3.50000E+01 1.39420E+03
 3.60000E+01 1.42220E+03
 3.70000E+01 1.45180E+03
 3.80000E+01 1.48257E+03
 3.90000E+01 1.51411E+03
 4.00000E+01 1.54603E+03
