# n +  94Zr Elastic cross sections
# 
# 
# # energies =    40
#    E      Cross section
 1.00000E+00 6.74041E+03
 2.00000E+00 3.37010E+03
 3.00000E+00 2.17595E+03
 4.00000E+00 1.82674E+03
 5.00000E+00 1.82801E+03
 6.00000E+00 1.97173E+03
 7.00000E+00 2.14745E+03
 8.00000E+00 2.29598E+03
 9.00000E+00 2.39363E+03
 1.00000E+01 2.43835E+03
 1.10000E+01 2.43737E+03
 1.20000E+01 2.40083E+03
 1.30000E+01 2.33843E+03
 1.40000E+01 2.25813E+03
 1.50000E+01 2.16632E+03
 1.60000E+01 2.06842E+03
 1.70000E+01 1.96901E+03
 1.80000E+01 1.87156E+03
 1.90000E+01 1.77827E+03
 2.00000E+01 1.69055E+03
 2.10000E+01 1.60956E+03
 2.20000E+01 1.53643E+03
 2.30000E+01 1.47218E+03
 2.40000E+01 1.41762E+03
 2.50000E+01 1.37315E+03
 2.60000E+01 1.33879E+03
 2.70000E+01 1.31410E+03
 2.80000E+01 1.29834E+03
 2.90000E+01 1.29057E+03
 3.00000E+01 1.28978E+03
 3.10000E+01 1.29503E+03
 3.20000E+01 1.30548E+03
 3.30000E+01 1.32042E+03
 3.40000E+01 1.33926E+03
 3.50000E+01 1.36144E+03
 3.60000E+01 1.38647E+03
 3.70000E+01 1.41386E+03
 3.80000E+01 1.44311E+03
 3.90000E+01 1.47376E+03
 4.00000E+01 1.50533E+03
