# n +  96Zr Elastic cross sections
# 
# 
# # energies =    40
#    E      Cross section
 1.00000E+00 6.82708E+03
 2.00000E+00 3.81388E+03
 3.00000E+00 2.29668E+03
 4.00000E+00 1.84861E+03
 5.00000E+00 1.85041E+03
 6.00000E+00 2.00075E+03
 7.00000E+00 2.17727E+03
 8.00000E+00 2.32320E+03
 9.00000E+00 2.41759E+03
 1.00000E+01 2.45893E+03
 1.10000E+01 2.45466E+03
 1.20000E+01 2.41496E+03
 1.30000E+01 2.34954E+03
 1.40000E+01 2.26646E+03
 1.50000E+01 2.17228E+03
 1.60000E+01 2.07267E+03
 1.70000E+01 1.97236E+03
 1.80000E+01 1.87476E+03
 1.90000E+01 1.78194E+03
 2.00000E+01 1.69517E+03
 2.10000E+01 1.61558E+03
 2.20000E+01 1.54428E+03
 2.30000E+01 1.48234E+03
 2.40000E+01 1.43056E+03
 2.50000E+01 1.38930E+03
 2.60000E+01 1.35849E+03
 2.70000E+01 1.33759E+03
 2.80000E+01 1.32574E+03
 2.90000E+01 1.32189E+03
 3.00000E+01 1.32495E+03
 3.10000E+01 1.33394E+03
 3.20000E+01 1.34799E+03
 3.30000E+01 1.36639E+03
 3.40000E+01 1.38853E+03
 3.50000E+01 1.41388E+03
 3.60000E+01 1.44191E+03
 3.70000E+01 1.47213E+03
 3.80000E+01 1.50404E+03
 3.90000E+01 1.53714E+03
 4.00000E+01 1.57097E+03
