# n +  92Zr Total gamma    production
# Q-value    = 6.73433E+00
# 
# # energies =    40
#    E         xs         Yield
 1.00000E+00 2.66067E+01 8.23238E-02
 2.00000E+00 1.83563E+01 1.17994E-02
 3.00000E+00 1.27102E+01 6.61763E-03
 4.00000E+00 4.55379E+02 2.43264E-01
 5.00000E+00 1.14161E+03 6.29982E-01
 6.00000E+00 1.70405E+03 9.36483E-01
 7.00000E+00 2.19681E+03 1.19586E+00
 8.00000E+00 2.62251E+03 1.42806E+00
 9.00000E+00 2.75658E+03 1.51183E+00
 1.00000E+01 1.92773E+03 1.06794E+00
 1.10000E+01 1.31280E+03 7.35058E-01
 1.20000E+01 1.05144E+03 5.94346E-01
 1.30000E+01 1.23257E+03 7.02008E-01
 1.40000E+01 1.57349E+03 9.01335E-01
 1.50000E+01 1.97601E+03 1.13671E+00
 1.60000E+01 2.37407E+03 1.36959E+00
 1.70000E+01 2.69144E+03 1.55572E+00
 1.80000E+01 2.85936E+03 1.65648E+00
 1.90000E+01 2.86467E+03 1.66595E+00
 2.00000E+01 2.65666E+03 1.55451E+00
 2.10000E+01 2.33944E+03 1.38018E+00
 2.20000E+01 2.06441E+03 1.22945E+00
 2.30000E+01 1.97104E+03 1.18524E+00
 2.40000E+01 1.98455E+03 1.20441E+00
 2.50000E+01 2.07290E+03 1.26869E+00
 2.60000E+01 2.20219E+03 1.35820E+00
 2.70000E+01 2.34950E+03 1.45946E+00
 2.80000E+01 2.51823E+03 1.57522E+00
 2.90000E+01 2.66402E+03 1.67825E+00
 3.00000E+01 2.74640E+03 1.74287E+00
 3.10000E+01 2.80460E+03 1.79344E+00
 3.20000E+01 2.75186E+03 1.77361E+00
 3.30000E+01 2.70130E+03 1.75498E+00
 3.40000E+01 2.64302E+03 1.73088E+00
 3.50000E+01 2.59033E+03 1.70980E+00
 3.60000E+01 2.56688E+03 1.70748E+00
 3.70000E+01 2.55306E+03 1.71116E+00
 3.80000E+01 2.58125E+03 1.74286E+00
 3.90000E+01 2.63956E+03 1.79517E+00
 4.00000E+01 2.68457E+03 1.83881E+00
