# n +  91Zr Total helium-3 production
# Q-value    =-8.54643E+00
# 
# # energies =    40
#    E         xs         Yield
 1.00000E+00 0.00000E+00 0.00000E+00
 2.00000E+00 0.00000E+00 0.00000E+00
 3.00000E+00 0.00000E+00 0.00000E+00
 4.00000E+00 0.00000E+00 0.00000E+00
 5.00000E+00 0.00000E+00 0.00000E+00
 6.00000E+00 0.00000E+00 0.00000E+00
 7.00000E+00 0.00000E+00 0.00000E+00
 8.00000E+00 0.00000E+00 0.00000E+00
 9.00000E+00 0.00000E+00 0.00000E+00
 1.00000E+01 0.00000E+00 0.00000E+00
 1.10000E+01 0.00000E+00 0.00000E+00
 1.20000E+01 7.66015E-26 4.50327E-29
 1.30000E+01 4.71493E-17 2.79306E-20
 1.40000E+01 4.77376E-10 2.84192E-13
 1.50000E+01 8.67310E-09 5.17862E-12
 1.60000E+01 1.54726E-07 9.25127E-11
 1.70000E+01 3.71839E-06 2.22376E-09
 1.80000E+01 5.61787E-05 3.36053E-08
 1.90000E+01 9.58821E-04 5.74664E-07
 2.00000E+01 5.32397E-03 3.20621E-06
 2.10000E+01 2.10279E-02 1.27600E-05
 2.20000E+01 6.14933E-02 3.76696E-05
 2.30000E+01 1.35076E-01 8.35836E-05
 2.40000E+01 2.65361E-01 1.65807E-04
 2.50000E+01 4.56564E-01 2.87808E-04
 2.60000E+01 7.12025E-01 4.52378E-04
 2.70000E+01 9.59188E-01 6.13739E-04
 2.80000E+01 1.33386E+00 8.59194E-04
 2.90000E+01 1.76383E+00 1.14372E-03
 3.00000E+01 2.24315E+00 1.46453E-03
 3.10000E+01 2.82934E+00 1.86059E-03
 3.20000E+01 3.41193E+00 2.26059E-03
 3.30000E+01 4.00435E+00 2.67363E-03
 3.40000E+01 4.62766E+00 3.11392E-03
 3.50000E+01 5.27802E+00 3.57907E-03
 3.60000E+01 5.95367E+00 4.06797E-03
 3.70000E+01 6.64945E+00 4.57709E-03
 3.80000E+01 7.36763E+00 5.10814E-03
 3.90000E+01 8.09841E+00 5.65445E-03
 4.00000E+01 8.84334E+00 6.21724E-03
