# n +  92Zr Total helium-3 production
# Q-value    =-9.37078E+00
# 
# # energies =    40
#    E         xs         Yield
 1.00000E+00 0.00000E+00 0.00000E+00
 2.00000E+00 0.00000E+00 0.00000E+00
 3.00000E+00 0.00000E+00 0.00000E+00
 4.00000E+00 0.00000E+00 0.00000E+00
 5.00000E+00 0.00000E+00 0.00000E+00
 6.00000E+00 0.00000E+00 0.00000E+00
 7.00000E+00 0.00000E+00 0.00000E+00
 8.00000E+00 0.00000E+00 0.00000E+00
 9.00000E+00 0.00000E+00 0.00000E+00
 1.00000E+01 0.00000E+00 0.00000E+00
 1.10000E+01 9.23426E-29 5.17041E-32
 1.20000E+01 5.92880E-20 3.35136E-23
 1.30000E+01 7.17347E-15 4.08564E-18
 1.40000E+01 2.33317E-12 1.33650E-15
 1.50000E+01 7.75190E-10 4.45932E-13
 1.60000E+01 3.26148E-08 1.88153E-11
 1.70000E+01 5.72421E-07 3.30874E-10
 1.80000E+01 5.47565E-06 3.17214E-09
 1.90000E+01 3.50983E-05 2.04114E-08
 2.00000E+01 1.00872E-04 5.90238E-08
 2.10000E+01 4.33103E-04 2.55513E-07
 2.20000E+01 1.73088E-03 1.03081E-06
 2.30000E+01 6.58934E-03 3.96237E-06
 2.40000E+01 2.19011E-02 1.32917E-05
 2.50000E+01 5.95921E-02 3.64725E-05
 2.60000E+01 1.32620E-01 8.17935E-05
 2.70000E+01 2.50278E-01 1.55468E-04
 2.80000E+01 4.16315E-01 2.60416E-04
 2.90000E+01 6.30529E-01 3.97213E-04
 3.00000E+01 8.90456E-01 5.65085E-04
 3.10000E+01 1.19257E+00 7.62603E-04
 3.20000E+01 1.53312E+00 9.88116E-04
 3.30000E+01 1.95402E+00 1.26949E-03
 3.40000E+01 2.37868E+00 1.55777E-03
 3.50000E+01 2.81114E+00 1.85555E-03
 3.60000E+01 3.26909E+00 2.17458E-03
 3.70000E+01 3.74999E+00 2.51338E-03
 3.80000E+01 4.25173E+00 2.87078E-03
 3.90000E+01 4.77241E+00 3.24572E-03
 4.00000E+01 5.31030E+00 3.63732E-03
