# n +  96Zr Total helium-3 production
# Q-value    =-1.34530E+01
# 
# # energies =    40
#    E         xs         Yield
 1.00000E+00 0.00000E+00 0.00000E+00
 2.00000E+00 0.00000E+00 0.00000E+00
 3.00000E+00 0.00000E+00 0.00000E+00
 4.00000E+00 0.00000E+00 0.00000E+00
 5.00000E+00 0.00000E+00 0.00000E+00
 6.00000E+00 0.00000E+00 0.00000E+00
 7.00000E+00 0.00000E+00 0.00000E+00
 8.00000E+00 0.00000E+00 0.00000E+00
 9.00000E+00 0.00000E+00 0.00000E+00
 1.00000E+01 0.00000E+00 0.00000E+00
 1.10000E+01 0.00000E+00 0.00000E+00
 1.20000E+01 0.00000E+00 0.00000E+00
 1.30000E+01 0.00000E+00 0.00000E+00
 1.40000E+01 0.00000E+00 0.00000E+00
 1.50000E+01 1.53861E-32 8.75101E-36
 1.60000E+01 6.25128E-22 3.56497E-25
 1.70000E+01 3.58136E-16 2.04687E-19
 1.80000E+01 3.76265E-13 2.15757E-16
 1.90000E+01 6.94596E-11 4.00549E-14
 2.00000E+01 4.25676E-09 2.47502E-12
 2.10000E+01 9.53593E-08 5.60061E-11
 2.20000E+01 1.06744E-06 6.33684E-10
 2.30000E+01 7.54425E-06 4.52532E-09
 2.40000E+01 3.90996E-05 2.36761E-08
 2.50000E+01 1.70948E-04 1.04389E-07
 2.60000E+01 7.03614E-04 4.32948E-07
 2.70000E+01 2.73932E-03 1.69779E-06
 2.80000E+01 9.18560E-03 5.73451E-06
 2.90000E+01 2.49435E-02 1.56898E-05
 3.00000E+01 5.53585E-02 3.50986E-05
 3.10000E+01 1.04424E-01 6.67578E-05
 3.20000E+01 1.74203E-01 1.12317E-04
 3.30000E+01 2.65260E-01 1.72491E-04
 3.40000E+01 3.77169E-01 2.47340E-04
 3.50000E+01 5.08962E-01 3.36535E-04
 3.60000E+01 6.59458E-01 4.39560E-04
 3.70000E+01 8.46821E-01 5.68871E-04
 3.80000E+01 1.03836E+00 7.02879E-04
 3.90000E+01 1.23666E+00 8.43386E-04
 4.00000E+01 1.44880E+00 9.95354E-04
