# n +  92Zr Nonelastic cross sections
# 
# 
# # energies =    40
#    E      Cross section
 1.00000E+00 3.23196E+02
 2.00000E+00 1.55570E+03
 3.00000E+00 1.92066E+03
 4.00000E+00 1.87195E+03
 5.00000E+00 1.81214E+03
 6.00000E+00 1.81963E+03
 7.00000E+00 1.83701E+03
 8.00000E+00 1.83641E+03
 9.00000E+00 1.82334E+03
 1.00000E+01 1.80509E+03
 1.10000E+01 1.78598E+03
 1.20000E+01 1.76907E+03
 1.30000E+01 1.75578E+03
 1.40000E+01 1.74573E+03
 1.50000E+01 1.73836E+03
 1.60000E+01 1.73342E+03
 1.70000E+01 1.73003E+03
 1.80000E+01 1.72617E+03
 1.90000E+01 1.71954E+03
 2.00000E+01 1.70900E+03
 2.10000E+01 1.69503E+03
 2.20000E+01 1.67914E+03
 2.30000E+01 1.66298E+03
 2.40000E+01 1.64773E+03
 2.50000E+01 1.63389E+03
 2.60000E+01 1.62140E+03
 2.70000E+01 1.60984E+03
 2.80000E+01 1.59865E+03
 2.90000E+01 1.58738E+03
 3.00000E+01 1.57579E+03
 3.10000E+01 1.56381E+03
 3.20000E+01 1.55156E+03
 3.30000E+01 1.53922E+03
 3.40000E+01 1.52698E+03
 3.50000E+01 1.51499E+03
 3.60000E+01 1.50332E+03
 3.70000E+01 1.49201E+03
 3.80000E+01 1.48104E+03
 3.90000E+01 1.47037E+03
 4.00000E+01 1.45995E+03
