# n +  91Zr Nonelastic cross sections
# 
# 
# # energies =    40
#    E      Cross section
 1.00000E+00 1.19226E+01
 2.00000E+00 8.07604E+02
 3.00000E+00 1.72590E+03
 4.00000E+00 1.77234E+03
 5.00000E+00 1.71492E+03
 6.00000E+00 1.72949E+03
 7.00000E+00 1.75550E+03
 8.00000E+00 1.76073E+03
 9.00000E+00 1.75239E+03
 1.00000E+01 1.73748E+03
 1.10000E+01 1.71867E+03
 1.20000E+01 1.70102E+03
 1.30000E+01 1.68809E+03
 1.40000E+01 1.67977E+03
 1.50000E+01 1.67479E+03
 1.60000E+01 1.67248E+03
 1.70000E+01 1.67212E+03
 1.80000E+01 1.67172E+03
 1.90000E+01 1.66849E+03
 2.00000E+01 1.66052E+03
 2.10000E+01 1.64795E+03
 2.20000E+01 1.63244E+03
 2.30000E+01 1.61606E+03
 2.40000E+01 1.60042E+03
 2.50000E+01 1.58635E+03
 2.60000E+01 1.57396E+03
 2.70000E+01 1.56286E+03
 2.80000E+01 1.55246E+03
 2.90000E+01 1.54219E+03
 3.00000E+01 1.53165E+03
 3.10000E+01 1.52067E+03
 3.20000E+01 1.50931E+03
 3.30000E+01 1.49772E+03
 3.40000E+01 1.48612E+03
 3.50000E+01 1.47469E+03
 3.60000E+01 1.46355E+03
 3.70000E+01 1.45277E+03
 3.80000E+01 1.44233E+03
 3.90000E+01 1.43222E+03
 4.00000E+01 1.42239E+03
