# n +  90Zr Nonelastic cross sections
# 
# 
# # energies =    40
#    E      Cross section
 1.00000E+00 1.41228E+01
 2.00000E+00 2.77826E+02
 3.00000E+00 1.31927E+03
 4.00000E+00 1.59445E+03
 5.00000E+00 1.68917E+03
 6.00000E+00 1.73378E+03
 7.00000E+00 1.76504E+03
 8.00000E+00 1.77122E+03
 9.00000E+00 1.76327E+03
 1.00000E+01 1.75015E+03
 1.10000E+01 1.73308E+03
 1.20000E+01 1.71493E+03
 1.30000E+01 1.69947E+03
 1.40000E+01 1.68793E+03
 1.50000E+01 1.67981E+03
 1.60000E+01 1.67470E+03
 1.70000E+01 1.67215E+03
 1.80000E+01 1.67058E+03
 1.90000E+01 1.66732E+03
 2.00000E+01 1.66015E+03
 2.10000E+01 1.64856E+03
 2.20000E+01 1.63372E+03
 2.30000E+01 1.61748E+03
 2.40000E+01 1.60153E+03
 2.50000E+01 1.58685E+03
 2.60000E+01 1.57377E+03
 2.70000E+01 1.56204E+03
 2.80000E+01 1.55118E+03
 2.90000E+01 1.54063E+03
 3.00000E+01 1.52998E+03
 3.10000E+01 1.51900E+03
 3.20000E+01 1.50769E+03
 3.30000E+01 1.49615E+03
 3.40000E+01 1.48456E+03
 3.50000E+01 1.47311E+03
 3.60000E+01 1.46191E+03
 3.70000E+01 1.45104E+03
 3.80000E+01 1.44052E+03
 3.90000E+01 1.43032E+03
 4.00000E+01 1.42042E+03
