# n +  94Zr Total neutron  production
# Q-value    = 0.00000E+00
# 
# # energies =    40
#    E         xs         Yield
 1.00000E+00 4.58270E+02 9.82819E-01
 2.00000E+00 1.61471E+03 9.96889E-01
 3.00000E+00 1.88524E+03 9.98338E-01
 4.00000E+00 1.81481E+03 9.98751E-01
 5.00000E+00 1.78167E+03 9.99157E-01
 6.00000E+00 1.80421E+03 9.99461E-01
 7.00000E+00 1.82480E+03 9.99642E-01
 8.00000E+00 1.82234E+03 9.99696E-01
 9.00000E+00 2.30598E+03 1.27692E+00
 1.00000E+01 2.76636E+03 1.55066E+00
 1.10000E+01 3.02876E+03 1.71718E+00
 1.20000E+01 3.13248E+03 1.79120E+00
 1.30000E+01 3.17521E+03 1.82582E+00
 1.40000E+01 3.18506E+03 1.83812E+00
 1.50000E+01 3.18544E+03 1.84261E+00
 1.60000E+01 3.20678E+03 1.85739E+00
 1.70000E+01 3.30345E+03 1.91531E+00
 1.80000E+01 3.48188E+03 2.02287E+00
 1.90000E+01 3.67319E+03 2.14316E+00
 2.00000E+01 3.81743E+03 2.24262E+00
 2.10000E+01 3.91632E+03 2.32099E+00
 2.20000E+01 3.94987E+03 2.36346E+00
 2.30000E+01 3.96401E+03 2.39443E+00
 2.40000E+01 3.95812E+03 2.41168E+00
 2.50000E+01 3.95709E+03 2.42972E+00
 2.60000E+01 3.98371E+03 2.46309E+00
 2.70000E+01 4.02707E+03 2.50619E+00
 2.80000E+01 4.09498E+03 2.56505E+00
 2.90000E+01 4.16104E+03 2.62411E+00
 3.00000E+01 4.21999E+03 2.68036E+00
 3.10000E+01 4.26321E+03 2.72826E+00
 3.20000E+01 4.29764E+03 2.77176E+00
 3.30000E+01 4.32212E+03 2.80960E+00
 3.40000E+01 4.33701E+03 2.84144E+00
 3.50000E+01 4.35108E+03 2.87266E+00
 3.60000E+01 4.36592E+03 2.90417E+00
 3.70000E+01 4.38678E+03 2.93941E+00
 3.80000E+01 4.41901E+03 2.98219E+00
 3.90000E+01 4.44996E+03 3.02414E+00
 4.00000E+01 4.48290E+03 3.06758E+00
