# n +  96Zr Total proton   production
# Q-value    =-6.32060E+00
# 
# # energies =    40
#    E         xs         Yield
 1.00000E+00 0.00000E+00 0.00000E+00
 2.00000E+00 0.00000E+00 0.00000E+00
 3.00000E+00 0.00000E+00 0.00000E+00
 4.00000E+00 0.00000E+00 0.00000E+00
 5.00000E+00 0.00000E+00 0.00000E+00
 6.00000E+00 0.00000E+00 0.00000E+00
 7.00000E+00 0.00000E+00 0.00000E+00
 8.00000E+00 4.54971E-08 2.41888E-11
 9.00000E+00 9.64416E-06 5.19331E-09
 1.00000E+01 4.08436E-04 2.23090E-07
 1.10000E+01 8.93378E-03 4.94377E-06
 1.20000E+01 7.65902E-02 4.28230E-05
 1.30000E+01 3.49083E-01 1.96661E-04
 1.40000E+01 1.07702E+00 6.10135E-04
 1.50000E+01 2.37020E+00 1.34808E-03
 1.60000E+01 4.25095E+00 2.42422E-03
 1.70000E+01 6.71851E+00 3.83987E-03
 1.80000E+01 9.73894E+00 5.58448E-03
 1.90000E+01 1.33101E+01 7.67544E-03
 2.00000E+01 1.72736E+01 1.00434E-02
 2.10000E+01 2.15783E+01 1.26733E-02
 2.20000E+01 2.68065E+01 1.59136E-02
 2.30000E+01 3.18195E+01 1.90865E-02
 2.40000E+01 3.71012E+01 2.24660E-02
 2.50000E+01 4.26077E+01 2.60184E-02
 2.60000E+01 4.83174E+01 2.97306E-02
 2.70000E+01 5.41677E+01 3.35724E-02
 2.80000E+01 6.07093E+01 3.79005E-02
 2.90000E+01 6.68451E+01 4.20465E-02
 3.00000E+01 7.27654E+01 4.61349E-02
 3.10000E+01 7.87737E+01 5.03597E-02
 3.20000E+01 8.47085E+01 5.46154E-02
 3.30000E+01 9.05825E+01 5.89032E-02
 3.40000E+01 9.64887E+01 6.32754E-02
 3.50000E+01 1.02351E+02 6.76766E-02
 3.60000E+01 1.08184E+02 7.21095E-02
 3.70000E+01 1.14028E+02 7.66009E-02
 3.80000E+01 1.19855E+02 8.11311E-02
 3.90000E+01 1.25634E+02 8.56811E-02
 4.00000E+01 1.31287E+02 9.01972E-02
