# n +  90Zr Total proton   production
# Q-value    =-1.49612E+00
# 
# # energies =    40
#    E         xs         Yield
 1.00000E+00 0.00000E+00 0.00000E+00
 2.00000E+00 0.00000E+00 0.00000E+00
 3.00000E+00 3.19396E-04 2.42100E-07
 4.00000E+00 1.01822E-01 6.38599E-05
 5.00000E+00 9.01809E-01 5.33876E-04
 6.00000E+00 2.51288E+00 1.44936E-03
 7.00000E+00 4.25837E+00 2.41262E-03
 8.00000E+00 5.88753E+00 3.32399E-03
 9.00000E+00 7.67695E+00 4.35381E-03
 1.00000E+01 1.00390E+01 5.73608E-03
 1.10000E+01 1.49056E+01 8.60065E-03
 1.20000E+01 4.04935E+01 2.36124E-02
 1.30000E+01 7.91881E+01 4.65959E-02
 1.40000E+01 8.82287E+01 5.22704E-02
 1.50000E+01 9.72542E+01 5.78960E-02
 1.60000E+01 1.07218E+02 6.40224E-02
 1.70000E+01 1.21492E+02 7.26559E-02
 1.80000E+01 1.37795E+02 8.24835E-02
 1.90000E+01 1.51672E+02 9.09675E-02
 2.00000E+01 1.61521E+02 9.72929E-02
 2.10000E+01 1.67246E+02 1.01450E-01
 2.20000E+01 1.72264E+02 1.05443E-01
 2.30000E+01 1.76585E+02 1.09173E-01
 2.40000E+01 1.82868E+02 1.14183E-01
 2.50000E+01 1.93331E+02 1.21833E-01
 2.60000E+01 2.04429E+02 1.29898E-01
 2.70000E+01 2.16678E+02 1.38715E-01
 2.80000E+01 2.28878E+02 1.47551E-01
 2.90000E+01 2.41895E+02 1.57010E-01
 3.00000E+01 2.55002E+02 1.66670E-01
 3.10000E+01 2.68024E+02 1.76448E-01
 3.20000E+01 2.80285E+02 1.85904E-01
 3.30000E+01 2.91115E+02 1.94576E-01
 3.40000E+01 3.01681E+02 2.03213E-01
 3.50000E+01 3.13369E+02 2.12726E-01
 3.60000E+01 3.25638E+02 2.22748E-01
 3.70000E+01 3.38791E+02 2.33482E-01
 3.80000E+01 3.53048E+02 2.45084E-01
 3.90000E+01 3.67302E+02 2.56797E-01
 4.00000E+01 3.81457E+02 2.68552E-01
