# n +  91Zr Total proton   production
# Q-value    =-7.61918E-01
# 
# # energies =    40
#    E         xs         Yield
 1.00000E+00 0.00000E+00 0.00000E+00
 2.00000E+00 1.33538E-06 1.65351E-09
 3.00000E+00 2.92997E-03 1.69764E-06
 4.00000E+00 5.33777E-02 3.01170E-05
 5.00000E+00 3.06244E-01 1.78576E-04
 6.00000E+00 9.23752E-01 5.34117E-04
 7.00000E+00 1.99214E+00 1.13480E-03
 8.00000E+00 3.43605E+00 1.95149E-03
 9.00000E+00 5.38630E+00 3.07369E-03
 1.00000E+01 8.00158E+00 4.60529E-03
 1.10000E+01 1.15053E+01 6.69430E-03
 1.20000E+01 1.59687E+01 9.38771E-03
 1.30000E+01 2.15070E+01 1.27405E-02
 1.40000E+01 2.82766E+01 1.68336E-02
 1.50000E+01 3.59443E+01 2.14620E-02
 1.60000E+01 4.41521E+01 2.63992E-02
 1.70000E+01 5.26964E+01 3.15147E-02
 1.80000E+01 6.14994E+01 3.67881E-02
 1.90000E+01 7.14096E+01 4.27990E-02
 2.00000E+01 8.63823E+01 5.20212E-02
 2.10000E+01 1.01985E+02 6.18857E-02
 2.20000E+01 1.17201E+02 7.17948E-02
 2.30000E+01 1.30118E+02 8.05159E-02
 2.40000E+01 1.41810E+02 8.86081E-02
 2.50000E+01 1.53209E+02 9.65798E-02
 2.60000E+01 1.64827E+02 1.04721E-01
 2.70000E+01 1.76044E+02 1.12642E-01
 2.80000E+01 1.86469E+02 1.20112E-01
 2.90000E+01 1.95831E+02 1.26983E-01
 3.00000E+01 2.03468E+02 1.32842E-01
 3.10000E+01 2.10819E+02 1.38636E-01
 3.20000E+01 2.19207E+02 1.45237E-01
 3.30000E+01 2.27452E+02 1.51865E-01
 3.40000E+01 2.36830E+02 1.59362E-01
 3.50000E+01 2.45848E+02 1.66711E-01
 3.60000E+01 2.55137E+02 1.74327E-01
 3.70000E+01 2.63962E+02 1.81696E-01
 3.80000E+01 2.72686E+02 1.89059E-01
 3.90000E+01 2.81574E+02 1.96600E-01
 4.00000E+01 2.90013E+02 2.03891E-01
