# n +  94Zr: Production of  90Y  - Level  2     0.68167 MeV
# Q-value    =-2.44780E+01 mass=  89.907145
# E-threshold= 2.47410E+01
# # energies =    40
#     E          xs      Branching
 1.00000E+00 0.00000E+00 0.00000E+00
 2.00000E+00 0.00000E+00 0.00000E+00
 3.00000E+00 0.00000E+00 0.00000E+00
 4.00000E+00 0.00000E+00 0.00000E+00
 5.00000E+00 0.00000E+00 0.00000E+00
 6.00000E+00 0.00000E+00 0.00000E+00
 7.00000E+00 0.00000E+00 0.00000E+00
 8.00000E+00 0.00000E+00 0.00000E+00
 9.00000E+00 0.00000E+00 0.00000E+00
 1.00000E+01 0.00000E+00 0.00000E+00
 1.10000E+01 0.00000E+00 0.00000E+00
 1.20000E+01 0.00000E+00 0.00000E+00
 1.30000E+01 0.00000E+00 0.00000E+00
 1.40000E+01 0.00000E+00 0.00000E+00
 1.50000E+01 0.00000E+00 0.00000E+00
 1.60000E+01 0.00000E+00 0.00000E+00
 1.70000E+01 0.00000E+00 0.00000E+00
 1.80000E+01 0.00000E+00 0.00000E+00
 1.90000E+01 0.00000E+00 0.00000E+00
 2.00000E+01 0.00000E+00 0.00000E+00
 2.10000E+01 0.00000E+00 0.00000E+00
 2.20000E+01 0.00000E+00 0.00000E+00
 2.30000E+01 0.00000E+00 0.00000E+00
 2.40000E+01 0.00000E+00 0.00000E+00
 2.50000E+01 0.00000E+00 0.00000E+00
 2.60000E+01 0.00000E+00 0.00000E+00
 2.70000E+01 0.00000E+00 0.00000E+00
 2.80000E+01 0.00000E+00 0.00000E+00
 2.90000E+01 1.41161E-03 1.52038E-01
 3.00000E+01 1.36397E-02 2.56923E-01
 3.10000E+01 5.22878E-02 2.91096E-01
 3.20000E+01 1.60195E-01 3.88648E-01
 3.30000E+01 3.37828E-01 4.06075E-01
 3.40000E+01 5.20249E-01 4.05207E-01
 3.50000E+01 8.18336E-01 4.33728E-01
 3.60000E+01 1.22099E+00 4.55395E-01
 3.70000E+01 1.56623E+00 4.58397E-01
 3.80000E+01 2.22701E+00 4.69441E-01
 3.90000E+01 3.00620E+00 4.69903E-01
 4.00000E+01 4.04064E+00 4.51730E-01
