# n +  96Zr: Production of  91Sr - Total
# Q-value    =-1.22832E+01 mass=  90.910196
# E-threshold= 1.24123E+01
# # energies =    40
#     E          xs
 1.00000E+00 0.00000E+00
 2.00000E+00 0.00000E+00
 3.00000E+00 0.00000E+00
 4.00000E+00 0.00000E+00
 5.00000E+00 0.00000E+00
 6.00000E+00 0.00000E+00
 7.00000E+00 0.00000E+00
 8.00000E+00 0.00000E+00
 9.00000E+00 0.00000E+00
 1.00000E+01 0.00000E+00
 1.10000E+01 0.00000E+00
 1.20000E+01 0.00000E+00
 1.30000E+01 0.00000E+00
 1.40000E+01 0.00000E+00
 1.50000E+01 0.00000E+00
 1.60000E+01 0.00000E+00
 1.70000E+01 0.00000E+00
 1.80000E+01 0.00000E+00
 1.90000E+01 0.00000E+00
 2.00000E+01 0.00000E+00
 2.10000E+01 2.97720E-03
 2.20000E+01 2.42825E-02
 2.30000E+01 1.18259E-01
 2.40000E+01 3.35176E-01
 2.50000E+01 8.35903E-01
 2.60000E+01 1.54028E+00
 2.70000E+01 2.54095E+00
 2.80000E+01 3.75523E+00
 2.90000E+01 4.98000E+00
 3.00000E+01 6.35471E+00
 3.10000E+01 7.67381E+00
 3.20000E+01 8.72823E+00
 3.30000E+01 9.57094E+00
 3.40000E+01 1.03798E+01
 3.50000E+01 1.07765E+01
 3.60000E+01 1.09133E+01
 3.70000E+01 1.09218E+01
 3.80000E+01 1.07821E+01
 3.90000E+01 1.05489E+01
 4.00000E+01 1.01956E+01
