# n +  92Zr: Production of  87Sr - Ground state
# Q-value    =-1.40752E+01 mass=  86.908877
# E-threshold= 1.42297E+01
# # energies =    40
#     E          xs      Branching
 1.00000E+00 0.00000E+00 0.00000E+00
 2.00000E+00 0.00000E+00 0.00000E+00
 3.00000E+00 0.00000E+00 0.00000E+00
 4.00000E+00 0.00000E+00 0.00000E+00
 5.00000E+00 0.00000E+00 0.00000E+00
 6.00000E+00 0.00000E+00 0.00000E+00
 7.00000E+00 0.00000E+00 0.00000E+00
 8.00000E+00 0.00000E+00 0.00000E+00
 9.00000E+00 0.00000E+00 0.00000E+00
 1.00000E+01 0.00000E+00 0.00000E+00
 1.10000E+01 0.00000E+00 0.00000E+00
 1.20000E+01 0.00000E+00 0.00000E+00
 1.30000E+01 0.00000E+00 0.00000E+00
 1.40000E+01 0.00000E+00 0.00000E+00
 1.50000E+01 0.00000E+00 0.00000E+00
 1.60000E+01 0.00000E+00 0.00000E+00
 1.70000E+01 0.00000E+00 0.00000E+00
 1.80000E+01 0.00000E+00 0.00000E+00
 1.90000E+01 0.00000E+00 0.00000E+00
 2.00000E+01 0.00000E+00 0.00000E+00
 2.10000E+01 0.00000E+00 0.00000E+00
 2.20000E+01 2.51140E-03 9.52797E-01
 2.30000E+01 1.30182E-02 9.06269E-01
 2.40000E+01 8.51168E-02 9.30466E-01
 2.50000E+01 3.56357E-01 9.01755E-01
 2.60000E+01 8.04583E-01 8.83857E-01
 2.70000E+01 1.86912E+00 8.71457E-01
 2.80000E+01 2.94413E+00 8.52558E-01
 2.90000E+01 4.64611E+00 8.46592E-01
 3.00000E+01 6.22337E+00 8.46543E-01
 3.10000E+01 7.75658E+00 8.33849E-01
 3.20000E+01 1.00387E+01 8.47253E-01
 3.30000E+01 1.16828E+01 8.48348E-01
 3.40000E+01 1.33299E+01 8.47330E-01
 3.50000E+01 1.54264E+01 8.57250E-01
 3.60000E+01 1.70204E+01 8.63032E-01
 3.70000E+01 1.82653E+01 8.66824E-01
 3.80000E+01 1.93204E+01 8.70483E-01
 3.90000E+01 2.01955E+01 8.76632E-01
 4.00000E+01 2.08144E+01 8.82510E-01
