# n +  91Zr: Production of  86Sr - Total
# Q-value    =-1.38687E+01 mass=  85.909261
# E-threshold= 1.40226E+01
# # energies =    40
#     E          xs
 1.00000E+00 0.00000E+00
 2.00000E+00 0.00000E+00
 3.00000E+00 0.00000E+00
 4.00000E+00 0.00000E+00
 5.00000E+00 0.00000E+00
 6.00000E+00 0.00000E+00
 7.00000E+00 0.00000E+00
 8.00000E+00 0.00000E+00
 9.00000E+00 0.00000E+00
 1.00000E+01 0.00000E+00
 1.10000E+01 0.00000E+00
 1.20000E+01 0.00000E+00
 1.30000E+01 0.00000E+00
 1.40000E+01 0.00000E+00
 1.50000E+01 0.00000E+00
 1.60000E+01 0.00000E+00
 1.70000E+01 0.00000E+00
 1.80000E+01 0.00000E+00
 1.90000E+01 0.00000E+00
 2.00000E+01 0.00000E+00
 2.10000E+01 0.00000E+00
 2.20000E+01 0.00000E+00
 2.30000E+01 5.39298E-03
 2.40000E+01 2.78158E-02
 2.50000E+01 1.12948E-01
 2.60000E+01 3.61511E-01
 2.70000E+01 8.61565E-01
 2.80000E+01 1.80155E+00
 2.90000E+01 3.16607E+00
 3.00000E+01 5.08342E+00
 3.10000E+01 7.01955E+00
 3.20000E+01 9.58210E+00
 3.30000E+01 1.19435E+01
 3.40000E+01 1.41236E+01
 3.50000E+01 1.69034E+01
 3.60000E+01 1.92733E+01
 3.70000E+01 2.11824E+01
 3.80000E+01 2.30839E+01
 3.90000E+01 2.50897E+01
 4.00000E+01 2.61982E+01
