# n +  94Zr: Production of  92Sr - Total
# Q-value    =-1.12618E+01 mass=  91.911038
# E-threshold= 1.13828E+01
# # energies =    40
#     E          xs
 1.00000E+00 0.00000E+00
 2.00000E+00 0.00000E+00
 3.00000E+00 0.00000E+00
 4.00000E+00 0.00000E+00
 5.00000E+00 0.00000E+00
 6.00000E+00 0.00000E+00
 7.00000E+00 0.00000E+00
 8.00000E+00 0.00000E+00
 9.00000E+00 0.00000E+00
 1.00000E+01 0.00000E+00
 1.10000E+01 0.00000E+00
 1.20000E+01 0.00000E+00
 1.30000E+01 0.00000E+00
 1.40000E+01 0.00000E+00
 1.50000E+01 0.00000E+00
 1.60000E+01 0.00000E+00
 1.70000E+01 0.00000E+00
 1.80000E+01 0.00000E+00
 1.90000E+01 0.00000E+00
 2.00000E+01 0.00000E+00
 2.10000E+01 0.00000E+00
 2.20000E+01 0.00000E+00
 2.30000E+01 0.00000E+00
 2.40000E+01 1.96713E-03
 2.50000E+01 7.18988E-03
 2.60000E+01 2.13817E-02
 2.70000E+01 5.16393E-02
 2.80000E+01 1.04142E-01
 2.90000E+01 1.79802E-01
 3.00000E+01 2.76411E-01
 3.10000E+01 3.70595E-01
 3.20000E+01 4.70876E-01
 3.30000E+01 5.04266E-01
 3.40000E+01 5.77175E-01
 3.50000E+01 6.20591E-01
 3.60000E+01 6.76036E-01
 3.70000E+01 7.17135E-01
 3.80000E+01 7.13742E-01
 3.90000E+01 7.38070E-01
 4.00000E+01 7.61855E-01
