# n +  92Zr: Production of  88Sr - Total
# Q-value    =-2.96232E+00 mass=  87.905612
# E-threshold= 2.99483E+00
# # energies =    40
#     E          xs
 1.00000E+00 0.00000E+00
 2.00000E+00 0.00000E+00
 3.00000E+00 0.00000E+00
 4.00000E+00 0.00000E+00
 5.00000E+00 0.00000E+00
 6.00000E+00 0.00000E+00
 7.00000E+00 0.00000E+00
 8.00000E+00 0.00000E+00
 9.00000E+00 6.18975E-03
 1.00000E+01 1.40723E-02
 1.10000E+01 5.90565E-02
 1.20000E+01 1.34304E-01
 1.30000E+01 3.30532E-01
 1.40000E+01 8.13794E-01
 1.50000E+01 1.81100E+00
 1.60000E+01 3.37835E+00
 1.70000E+01 5.56961E+00
 1.80000E+01 8.22664E+00
 1.90000E+01 1.08579E+01
 2.00000E+01 1.32267E+01
 2.10000E+01 1.59175E+01
 2.20000E+01 1.86778E+01
 2.30000E+01 2.12114E+01
 2.40000E+01 2.37498E+01
 2.50000E+01 2.57429E+01
 2.60000E+01 2.73384E+01
 2.70000E+01 2.81812E+01
 2.80000E+01 2.86238E+01
 2.90000E+01 2.81140E+01
 3.00000E+01 2.77217E+01
 3.10000E+01 2.70565E+01
 3.20000E+01 2.55952E+01
 3.30000E+01 2.46061E+01
 3.40000E+01 2.34964E+01
 3.50000E+01 2.19719E+01
 3.60000E+01 2.08024E+01
 3.70000E+01 1.96335E+01
 3.80000E+01 1.84837E+01
 3.90000E+01 1.73096E+01
 4.00000E+01 1.63076E+01
