# n +  91Zr: Production of  89Y  - Level  1     0.90897 MeV
# Q-value    =-7.97466E+00 mass=  88.905841
# E-threshold= 8.06314E+00
# # energies =    40
#     E          xs      Branching
 1.00000E+00 0.00000E+00 0.00000E+00
 2.00000E+00 0.00000E+00 0.00000E+00
 3.00000E+00 0.00000E+00 0.00000E+00
 4.00000E+00 0.00000E+00 0.00000E+00
 5.00000E+00 0.00000E+00 0.00000E+00
 6.00000E+00 0.00000E+00 0.00000E+00
 7.00000E+00 0.00000E+00 0.00000E+00
 8.00000E+00 0.00000E+00 0.00000E+00
 9.00000E+00 0.00000E+00 0.00000E+00
 1.00000E+01 0.00000E+00 0.00000E+00
 1.10000E+01 0.00000E+00 0.00000E+00
 1.20000E+01 0.00000E+00 0.00000E+00
 1.30000E+01 1.15520E-03 3.03116E-01
 1.40000E+01 7.77439E-03 2.90839E-01
 1.50000E+01 5.86614E-02 3.89066E-01
 1.60000E+01 2.35247E-01 4.80212E-01
 1.70000E+01 5.63739E-01 5.32575E-01
 1.80000E+01 1.03362E+00 5.57918E-01
 1.90000E+01 1.71665E+00 4.34353E-01
 2.00000E+01 3.55939E+00 3.20800E-01
 2.10000E+01 7.22919E+00 3.49289E-01
 2.20000E+01 1.31962E+01 4.30901E-01
 2.30000E+01 2.09524E+01 5.08888E-01
 2.40000E+01 3.13086E+01 5.83793E-01
 2.50000E+01 4.12890E+01 6.28485E-01
 2.60000E+01 5.38464E+01 6.67359E-01
 2.70000E+01 6.38937E+01 6.82252E-01
 2.80000E+01 7.56118E+01 7.01650E-01
 2.90000E+01 8.41642E+01 7.06856E-01
 3.00000E+01 9.33448E+01 7.18275E-01
 3.10000E+01 1.00558E+02 7.24479E-01
 3.20000E+01 1.06627E+02 7.26387E-01
 3.30000E+01 1.13307E+02 7.33825E-01
 3.40000E+01 1.16557E+02 7.37320E-01
 3.50000E+01 1.17998E+02 7.34688E-01
 3.60000E+01 1.18532E+02 7.33854E-01
 3.70000E+01 1.17167E+02 7.35520E-01
 3.80000E+01 1.15437E+02 7.35822E-01
 3.90000E+01 1.13694E+02 7.31308E-01
 4.00000E+01 1.09151E+02 7.27669E-01
