# n +  90Zr: Production of  86Rb - Ground state
# Q-value    =-7.66810E+00 mass=  85.911167
# E-threshold= 7.75413E+00
# # energies =    40
#     E          xs      Branching
 1.00000E+00 0.00000E+00 0.00000E+00
 2.00000E+00 0.00000E+00 0.00000E+00
 3.00000E+00 0.00000E+00 0.00000E+00
 4.00000E+00 0.00000E+00 0.00000E+00
 5.00000E+00 0.00000E+00 0.00000E+00
 6.00000E+00 0.00000E+00 0.00000E+00
 7.00000E+00 0.00000E+00 0.00000E+00
 8.00000E+00 0.00000E+00 0.00000E+00
 9.00000E+00 0.00000E+00 0.00000E+00
 1.00000E+01 0.00000E+00 0.00000E+00
 1.10000E+01 0.00000E+00 0.00000E+00
 1.20000E+01 0.00000E+00 0.00000E+00
 1.30000E+01 0.00000E+00 0.00000E+00
 1.40000E+01 0.00000E+00 0.00000E+00
 1.50000E+01 0.00000E+00 0.00000E+00
 1.60000E+01 0.00000E+00 0.00000E+00
 1.70000E+01 0.00000E+00 0.00000E+00
 1.80000E+01 0.00000E+00 0.00000E+00
 1.90000E+01 0.00000E+00 0.00000E+00
 2.00000E+01 0.00000E+00 0.00000E+00
 2.10000E+01 0.00000E+00 0.00000E+00
 2.20000E+01 0.00000E+00 0.00000E+00
 2.30000E+01 1.14798E-03 6.21659E-01
 2.40000E+01 2.72983E-03 6.20015E-01
 2.50000E+01 5.30745E-03 6.18460E-01
 2.60000E+01 8.76612E-03 6.14669E-01
 2.70000E+01 1.27862E-02 6.07518E-01
 2.80000E+01 1.70417E-02 5.97020E-01
 2.90000E+01 2.11126E-02 5.84597E-01
 3.00000E+01 2.50867E-02 5.69103E-01
 3.10000E+01 2.88419E-02 5.52733E-01
 3.20000E+01 3.18440E-02 5.37141E-01
 3.30000E+01 3.40937E-02 5.18425E-01
 3.40000E+01 3.62278E-02 5.01645E-01
 3.50000E+01 3.73560E-02 4.85847E-01
 3.60000E+01 3.75157E-02 4.70499E-01
 3.70000E+01 3.69771E-02 4.53685E-01
 3.80000E+01 3.66728E-02 4.39627E-01
 3.90000E+01 3.54498E-02 4.27147E-01
 4.00000E+01 3.41946E-02 4.18670E-01
