# n +  96Zr: Production of  95Sr - Total
# Q-value    =-1.68259E+01 mass=  94.919356
# E-threshold= 1.70029E+01
# # energies =    40
#     E          xs
 1.00000E+00 0.00000E+00
 2.00000E+00 0.00000E+00
 3.00000E+00 0.00000E+00
 4.00000E+00 0.00000E+00
 5.00000E+00 0.00000E+00
 6.00000E+00 0.00000E+00
 7.00000E+00 0.00000E+00
 8.00000E+00 0.00000E+00
 9.00000E+00 0.00000E+00
 1.00000E+01 0.00000E+00
 1.10000E+01 0.00000E+00
 1.20000E+01 0.00000E+00
 1.30000E+01 0.00000E+00
 1.40000E+01 0.00000E+00
 1.50000E+01 0.00000E+00
 1.60000E+01 0.00000E+00
 1.70000E+01 0.00000E+00
 1.80000E+01 0.00000E+00
 1.90000E+01 0.00000E+00
 2.00000E+01 0.00000E+00
 2.10000E+01 0.00000E+00
 2.20000E+01 0.00000E+00
 2.30000E+01 0.00000E+00
 2.40000E+01 0.00000E+00
 2.50000E+01 0.00000E+00
 2.60000E+01 0.00000E+00
 2.70000E+01 0.00000E+00
 2.80000E+01 0.00000E+00
 2.90000E+01 0.00000E+00
 3.00000E+01 0.00000E+00
 3.10000E+01 0.00000E+00
 3.20000E+01 0.00000E+00
 3.30000E+01 8.44262E-04
 3.40000E+01 1.53589E-03
 3.50000E+01 2.54907E-03
 3.60000E+01 3.89261E-03
 3.70000E+01 5.43789E-03
 3.80000E+01 7.14267E-03
 3.90000E+01 9.06626E-03
 4.00000E+01 1.11032E-02
