# n +  92Zr: Production of  87Sr - Level  1     0.38853 MeV
# Q-value    =-1.44637E+01 mass=  86.908877
# E-threshold= 1.46225E+01
# # energies =    40
#     E          xs      Branching
 1.00000E+00 0.00000E+00 0.00000E+00
 2.00000E+00 0.00000E+00 0.00000E+00
 3.00000E+00 0.00000E+00 0.00000E+00
 4.00000E+00 0.00000E+00 0.00000E+00
 5.00000E+00 0.00000E+00 0.00000E+00
 6.00000E+00 0.00000E+00 0.00000E+00
 7.00000E+00 0.00000E+00 0.00000E+00
 8.00000E+00 0.00000E+00 0.00000E+00
 9.00000E+00 0.00000E+00 0.00000E+00
 1.00000E+01 0.00000E+00 0.00000E+00
 1.10000E+01 0.00000E+00 0.00000E+00
 1.20000E+01 0.00000E+00 0.00000E+00
 1.30000E+01 0.00000E+00 0.00000E+00
 1.40000E+01 0.00000E+00 0.00000E+00
 1.50000E+01 0.00000E+00 0.00000E+00
 1.60000E+01 0.00000E+00 0.00000E+00
 1.70000E+01 0.00000E+00 0.00000E+00
 1.80000E+01 0.00000E+00 0.00000E+00
 1.90000E+01 0.00000E+00 0.00000E+00
 2.00000E+01 0.00000E+00 0.00000E+00
 2.10000E+01 0.00000E+00 0.00000E+00
 2.20000E+01 1.24418E-04 4.72026E-02
 2.30000E+01 1.34641E-03 9.37309E-02
 2.40000E+01 6.36076E-03 6.95336E-02
 2.50000E+01 3.88244E-02 9.82445E-02
 2.60000E+01 1.05726E-01 1.16143E-01
 2.70000E+01 2.75702E-01 1.28543E-01
 2.80000E+01 5.09158E-01 1.47442E-01
 2.90000E+01 8.41903E-01 1.53408E-01
 3.00000E+01 1.12814E+00 1.53457E-01
 3.10000E+01 1.54556E+00 1.66151E-01
 3.20000E+01 1.80983E+00 1.52747E-01
 3.30000E+01 2.08843E+00 1.51652E-01
 3.40000E+01 2.40174E+00 1.52670E-01
 3.50000E+01 2.56881E+00 1.42750E-01
 3.60000E+01 2.70124E+00 1.36968E-01
 3.70000E+01 2.80621E+00 1.33176E-01
 3.80000E+01 2.87464E+00 1.29517E-01
 3.90000E+01 2.84211E+00 1.23368E-01
 4.00000E+01 2.77106E+00 1.17490E-01
