# n +  94Zr: Production of  90Sr - Total
# Q-value    =-3.74611E+00 mass=  89.907731
# E-threshold= 3.78634E+00
# # energies =    40
#     E          xs
 1.00000E+00 0.00000E+00
 2.00000E+00 0.00000E+00
 3.00000E+00 0.00000E+00
 4.00000E+00 0.00000E+00
 5.00000E+00 0.00000E+00
 6.00000E+00 0.00000E+00
 7.00000E+00 0.00000E+00
 8.00000E+00 0.00000E+00
 9.00000E+00 0.00000E+00
 1.00000E+01 0.00000E+00
 1.10000E+01 0.00000E+00
 1.20000E+01 5.25745E-03
 1.30000E+01 2.88247E-02
 1.40000E+01 1.23843E-01
 1.50000E+01 3.96423E-01
 1.60000E+01 1.02855E+00
 1.70000E+01 2.19236E+00
 1.80000E+01 3.89955E+00
 1.90000E+01 5.93516E+00
 2.00000E+01 7.92414E+00
 2.10000E+01 9.48530E+00
 2.20000E+01 1.10962E+01
 2.30000E+01 1.25142E+01
 2.40000E+01 1.36773E+01
 2.50000E+01 1.43376E+01
 2.60000E+01 1.47193E+01
 2.70000E+01 1.48141E+01
 2.80000E+01 1.44040E+01
 2.90000E+01 1.39809E+01
 3.00000E+01 1.34997E+01
 3.10000E+01 1.26349E+01
 3.20000E+01 1.19921E+01
 3.30000E+01 1.12976E+01
 3.40000E+01 1.05446E+01
 3.50000E+01 9.85242E+00
 3.60000E+01 9.08073E+00
 3.70000E+01 8.42859E+00
 3.80000E+01 7.76871E+00
 3.90000E+01 7.24660E+00
 4.00000E+01 6.90944E+00
