# n +  92Zr: Production of  87Sr - Total
# Q-value    =-1.40752E+01 mass=  86.908877
# E-threshold= 1.42297E+01
# # energies =    40
#     E          xs
 1.00000E+00 0.00000E+00
 2.00000E+00 0.00000E+00
 3.00000E+00 0.00000E+00
 4.00000E+00 0.00000E+00
 5.00000E+00 0.00000E+00
 6.00000E+00 0.00000E+00
 7.00000E+00 0.00000E+00
 8.00000E+00 0.00000E+00
 9.00000E+00 0.00000E+00
 1.00000E+01 0.00000E+00
 1.10000E+01 0.00000E+00
 1.20000E+01 0.00000E+00
 1.30000E+01 0.00000E+00
 1.40000E+01 0.00000E+00
 1.50000E+01 0.00000E+00
 1.60000E+01 0.00000E+00
 1.70000E+01 0.00000E+00
 1.80000E+01 0.00000E+00
 1.90000E+01 0.00000E+00
 2.00000E+01 0.00000E+00
 2.10000E+01 0.00000E+00
 2.20000E+01 2.63582E-03
 2.30000E+01 1.43647E-02
 2.40000E+01 9.14775E-02
 2.50000E+01 3.95182E-01
 2.60000E+01 9.10309E-01
 2.70000E+01 2.14482E+00
 2.80000E+01 3.45328E+00
 2.90000E+01 5.48801E+00
 3.00000E+01 7.35150E+00
 3.10000E+01 9.30214E+00
 3.20000E+01 1.18485E+01
 3.30000E+01 1.37712E+01
 3.40000E+01 1.57316E+01
 3.50000E+01 1.79952E+01
 3.60000E+01 1.97217E+01
 3.70000E+01 2.10715E+01
 3.80000E+01 2.21951E+01
 3.90000E+01 2.30376E+01
 4.00000E+01 2.35855E+01
