# n +  92Zr: Production of  90Y  - Total
# Q-value    =-8.84344E+00 mass=  89.907145
# E-threshold= 8.94049E+00
# # energies =    40
#     E          xs
 1.00000E+00 0.00000E+00
 2.00000E+00 0.00000E+00
 3.00000E+00 0.00000E+00
 4.00000E+00 0.00000E+00
 5.00000E+00 0.00000E+00
 6.00000E+00 0.00000E+00
 7.00000E+00 0.00000E+00
 8.00000E+00 0.00000E+00
 9.00000E+00 0.00000E+00
 1.00000E+01 0.00000E+00
 1.10000E+01 0.00000E+00
 1.20000E+01 0.00000E+00
 1.30000E+01 0.00000E+00
 1.40000E+01 6.71860E-03
 1.50000E+01 5.94629E-02
 1.60000E+01 2.45488E-01
 1.70000E+01 6.22254E-01
 1.80000E+01 1.18658E+00
 1.90000E+01 1.91204E+00
 2.00000E+01 2.86636E+00
 2.10000E+01 4.06596E+00
 2.20000E+01 6.13423E+00
 2.30000E+01 9.90289E+00
 2.40000E+01 1.75967E+01
 2.50000E+01 2.68683E+01
 2.60000E+01 3.90753E+01
 2.70000E+01 5.28232E+01
 2.80000E+01 6.47641E+01
 2.90000E+01 7.77799E+01
 3.00000E+01 8.86338E+01
 3.10000E+01 9.70222E+01
 3.20000E+01 1.06189E+02
 3.30000E+01 1.09088E+02
 3.40000E+01 1.10413E+02
 3.50000E+01 1.12879E+02
 3.60000E+01 1.09682E+02
 3.70000E+01 1.07070E+02
 3.80000E+01 1.06168E+02
 3.90000E+01 1.03986E+02
 4.00000E+01 1.01552E+02
