# n +  90Zr: Production of  89Sr - Total
# Q-value    =-9.07013E+00 mass=  88.907451
# E-threshold= 9.17189E+00
# # energies =    40
#     E          xs
 1.00000E+00 0.00000E+00
 2.00000E+00 0.00000E+00
 3.00000E+00 0.00000E+00
 4.00000E+00 0.00000E+00
 5.00000E+00 0.00000E+00
 6.00000E+00 0.00000E+00
 7.00000E+00 0.00000E+00
 8.00000E+00 0.00000E+00
 9.00000E+00 0.00000E+00
 1.00000E+01 0.00000E+00
 1.10000E+01 0.00000E+00
 1.20000E+01 0.00000E+00
 1.30000E+01 0.00000E+00
 1.40000E+01 0.00000E+00
 1.50000E+01 0.00000E+00
 1.60000E+01 0.00000E+00
 1.70000E+01 0.00000E+00
 1.80000E+01 0.00000E+00
 1.90000E+01 0.00000E+00
 2.00000E+01 1.65100E-03
 2.10000E+01 2.90811E-03
 2.20000E+01 4.70212E-03
 2.30000E+01 7.15653E-03
 2.40000E+01 1.07164E-02
 2.50000E+01 1.55610E-02
 2.60000E+01 2.23240E-02
 2.70000E+01 3.09599E-02
 2.80000E+01 4.20899E-02
 2.90000E+01 5.49926E-02
 3.00000E+01 6.92378E-02
 3.10000E+01 8.52788E-02
 3.20000E+01 1.00634E-01
 3.30000E+01 1.17129E-01
 3.40000E+01 1.31710E-01
 3.50000E+01 1.47385E-01
 3.60000E+01 1.60771E-01
 3.70000E+01 1.73343E-01
 3.80000E+01 1.84957E-01
 3.90000E+01 1.97819E-01
 4.00000E+01 2.05429E-01
