# n +  90Zr: Production of  85Sr - Ground state
# Q-value    =-1.81655E+01 mass=  84.912932
# E-threshold= 1.83693E+01
# # energies =    40
#     E          xs      Branching
 1.00000E+00 0.00000E+00 0.00000E+00
 2.00000E+00 0.00000E+00 0.00000E+00
 3.00000E+00 0.00000E+00 0.00000E+00
 4.00000E+00 0.00000E+00 0.00000E+00
 5.00000E+00 0.00000E+00 0.00000E+00
 6.00000E+00 0.00000E+00 0.00000E+00
 7.00000E+00 0.00000E+00 0.00000E+00
 8.00000E+00 0.00000E+00 0.00000E+00
 9.00000E+00 0.00000E+00 0.00000E+00
 1.00000E+01 0.00000E+00 0.00000E+00
 1.10000E+01 0.00000E+00 0.00000E+00
 1.20000E+01 0.00000E+00 0.00000E+00
 1.30000E+01 0.00000E+00 0.00000E+00
 1.40000E+01 0.00000E+00 0.00000E+00
 1.50000E+01 0.00000E+00 0.00000E+00
 1.60000E+01 0.00000E+00 0.00000E+00
 1.70000E+01 0.00000E+00 0.00000E+00
 1.80000E+01 0.00000E+00 0.00000E+00
 1.90000E+01 0.00000E+00 0.00000E+00
 2.00000E+01 0.00000E+00 0.00000E+00
 2.10000E+01 0.00000E+00 0.00000E+00
 2.20000E+01 0.00000E+00 0.00000E+00
 2.30000E+01 0.00000E+00 0.00000E+00
 2.40000E+01 0.00000E+00 0.00000E+00
 2.50000E+01 0.00000E+00 0.00000E+00
 2.60000E+01 1.06786E-03 9.58475E-01
 2.70000E+01 7.91653E-03 8.87365E-01
 2.80000E+01 5.84347E-02 8.93738E-01
 2.90000E+01 2.04673E-01 8.71162E-01
 3.00000E+01 6.92166E-01 8.64610E-01
 3.10000E+01 1.36805E+00 8.54202E-01
 3.20000E+01 2.76174E+00 8.59964E-01
 3.30000E+01 4.17873E+00 8.53310E-01
 3.40000E+01 6.09280E+00 8.63899E-01
 3.50000E+01 8.07100E+00 8.61252E-01
 3.60000E+01 9.97565E+00 8.64729E-01
 3.70000E+01 1.22893E+01 8.72051E-01
 3.80000E+01 1.44331E+01 8.73462E-01
 3.90000E+01 1.63973E+01 8.77421E-01
 4.00000E+01 1.82784E+01 8.83884E-01
