# n +  94Zr: Production of  91Y  - Level  1     0.55558 MeV
# Q-value    =-1.64234E+01 mass=  90.907298
# E-threshold= 1.65998E+01
# # energies =    40
#     E          xs      Branching
 1.00000E+00 0.00000E+00 0.00000E+00
 2.00000E+00 0.00000E+00 0.00000E+00
 3.00000E+00 0.00000E+00 0.00000E+00
 4.00000E+00 0.00000E+00 0.00000E+00
 5.00000E+00 0.00000E+00 0.00000E+00
 6.00000E+00 0.00000E+00 0.00000E+00
 7.00000E+00 0.00000E+00 0.00000E+00
 8.00000E+00 0.00000E+00 0.00000E+00
 9.00000E+00 0.00000E+00 0.00000E+00
 1.00000E+01 0.00000E+00 0.00000E+00
 1.10000E+01 0.00000E+00 0.00000E+00
 1.20000E+01 0.00000E+00 0.00000E+00
 1.30000E+01 0.00000E+00 0.00000E+00
 1.40000E+01 0.00000E+00 0.00000E+00
 1.50000E+01 0.00000E+00 0.00000E+00
 1.60000E+01 0.00000E+00 0.00000E+00
 1.70000E+01 0.00000E+00 0.00000E+00
 1.80000E+01 0.00000E+00 0.00000E+00
 1.90000E+01 0.00000E+00 0.00000E+00
 2.00000E+01 0.00000E+00 0.00000E+00
 2.10000E+01 6.02824E-03 4.91087E-01
 2.20000E+01 5.23682E-02 5.71258E-01
 2.30000E+01 2.18390E-01 6.32704E-01
 2.40000E+01 5.44647E-01 6.65274E-01
 2.50000E+01 9.06620E-01 6.64795E-01
 2.60000E+01 1.52146E+00 6.96478E-01
 2.70000E+01 2.12879E+00 7.01905E-01
 2.80000E+01 2.84184E+00 7.18905E-01
 2.90000E+01 3.61573E+00 7.20009E-01
 3.00000E+01 4.74403E+00 7.34667E-01
 3.10000E+01 5.95776E+00 7.32804E-01
 3.20000E+01 8.58169E+00 7.46104E-01
 3.30000E+01 1.11409E+01 7.46685E-01
 3.40000E+01 1.45753E+01 7.48620E-01
 3.50000E+01 2.01530E+01 7.62493E-01
 3.60000E+01 2.49308E+01 7.65876E-01
 3.70000E+01 3.01533E+01 7.69305E-01
 3.80000E+01 3.55408E+01 7.73057E-01
 3.90000E+01 4.24441E+01 7.81231E-01
 4.00000E+01 4.73609E+01 7.86283E-01
