# n +  92Zr: Production of  91Sr - Total
# Q-value    =-1.13137E+01 mass=  90.910196
# E-threshold= 1.14379E+01
# # energies =    40
#     E          xs
 1.00000E+00 0.00000E+00
 2.00000E+00 0.00000E+00
 3.00000E+00 0.00000E+00
 4.00000E+00 0.00000E+00
 5.00000E+00 0.00000E+00
 6.00000E+00 0.00000E+00
 7.00000E+00 0.00000E+00
 8.00000E+00 0.00000E+00
 9.00000E+00 0.00000E+00
 1.00000E+01 0.00000E+00
 1.10000E+01 0.00000E+00
 1.20000E+01 0.00000E+00
 1.30000E+01 0.00000E+00
 1.40000E+01 0.00000E+00
 1.50000E+01 0.00000E+00
 1.60000E+01 0.00000E+00
 1.70000E+01 0.00000E+00
 1.80000E+01 0.00000E+00
 1.90000E+01 0.00000E+00
 2.00000E+01 0.00000E+00
 2.10000E+01 0.00000E+00
 2.20000E+01 0.00000E+00
 2.30000E+01 1.47995E-03
 2.40000E+01 2.58181E-03
 2.50000E+01 4.25970E-03
 2.60000E+01 6.71841E-03
 2.70000E+01 1.01298E-02
 2.80000E+01 1.44689E-02
 2.90000E+01 1.97996E-02
 3.00000E+01 2.57251E-02
 3.10000E+01 3.19208E-02
 3.20000E+01 3.83366E-02
 3.30000E+01 4.48423E-02
 3.40000E+01 5.10803E-02
 3.50000E+01 5.75323E-02
 3.60000E+01 6.33930E-02
 3.70000E+01 7.01299E-02
 3.80000E+01 7.53732E-02
 3.90000E+01 8.13201E-02
 4.00000E+01 8.68655E-02
