# n +  90Zr: Production of  89Y  - Ground state
# Q-value    =-6.12858E+00 mass=  88.905841
# E-threshold= 6.19734E+00
# # energies =    40
#     E          xs      Branching
 1.00000E+00 0.00000E+00 0.00000E+00
 2.00000E+00 0.00000E+00 0.00000E+00
 3.00000E+00 0.00000E+00 0.00000E+00
 4.00000E+00 0.00000E+00 0.00000E+00
 5.00000E+00 0.00000E+00 0.00000E+00
 6.00000E+00 0.00000E+00 0.00000E+00
 7.00000E+00 0.00000E+00 0.00000E+00
 8.00000E+00 0.00000E+00 0.00000E+00
 9.00000E+00 0.00000E+00 0.00000E+00
 1.00000E+01 4.70733E-03 9.23032E-01
 1.10000E+01 1.66419E+00 9.93476E-01
 1.20000E+01 2.13219E+01 9.11526E-01
 1.30000E+01 5.11612E+01 8.80913E-01
 1.40000E+01 4.71033E+01 7.35265E-01
 1.50000E+01 4.15298E+01 5.76325E-01
 1.60000E+01 3.92646E+01 4.77918E-01
 1.70000E+01 4.13056E+01 4.23199E-01
 1.80000E+01 4.54698E+01 3.92992E-01
 1.90000E+01 4.88440E+01 3.72779E-01
 2.00000E+01 4.96346E+01 3.51134E-01
 2.10000E+01 5.05292E+01 3.39193E-01
 2.20000E+01 5.23724E+01 3.31047E-01
 2.30000E+01 5.26448E+01 3.21035E-01
 2.40000E+01 5.31104E+01 3.09984E-01
 2.50000E+01 5.34306E+01 3.02515E-01
 2.60000E+01 5.28356E+01 2.95669E-01
 2.70000E+01 5.23119E+01 2.89838E-01
 2.80000E+01 5.06800E+01 2.86761E-01
 2.90000E+01 4.90605E+01 2.84997E-01
 3.00000E+01 4.74410E+01 2.80091E-01
 3.10000E+01 4.60403E+01 2.79588E-01
 3.20000E+01 4.53014E+01 2.79042E-01
 3.30000E+01 4.40929E+01 2.78196E-01
 3.40000E+01 4.33673E+01 2.76635E-01
 3.50000E+01 4.28104E+01 2.74367E-01
 3.60000E+01 4.19214E+01 2.75227E-01
 3.70000E+01 4.13285E+01 2.74915E-01
 3.80000E+01 4.09225E+01 2.74108E-01
 3.90000E+01 3.98565E+01 2.72285E-01
 4.00000E+01 3.91966E+01 2.71432E-01
