# n +  90Zr: Production of  89Y  - Total
# Q-value    =-6.12858E+00 mass=  88.905841
# E-threshold= 6.19734E+00
# # energies =    40
#     E          xs
 1.00000E+00 0.00000E+00
 2.00000E+00 0.00000E+00
 3.00000E+00 0.00000E+00
 4.00000E+00 0.00000E+00
 5.00000E+00 0.00000E+00
 6.00000E+00 0.00000E+00
 7.00000E+00 0.00000E+00
 8.00000E+00 0.00000E+00
 9.00000E+00 0.00000E+00
 1.00000E+01 5.09985E-03
 1.10000E+01 1.67511E+00
 1.20000E+01 2.33915E+01
 1.30000E+01 5.80774E+01
 1.40000E+01 6.40630E+01
 1.50000E+01 7.20597E+01
 1.60000E+01 8.21577E+01
 1.70000E+01 9.76033E+01
 1.80000E+01 1.15702E+02
 1.90000E+01 1.31027E+02
 2.00000E+01 1.41355E+02
 2.10000E+01 1.48969E+02
 2.20000E+01 1.58202E+02
 2.30000E+01 1.63984E+02
 2.40000E+01 1.71333E+02
 2.50000E+01 1.76621E+02
 2.60000E+01 1.78699E+02
 2.70000E+01 1.80487E+02
 2.80000E+01 1.76733E+02
 2.90000E+01 1.72144E+02
 3.00000E+01 1.69377E+02
 3.10000E+01 1.64672E+02
 3.20000E+01 1.62346E+02
 3.30000E+01 1.58496E+02
 3.40000E+01 1.56767E+02
 3.50000E+01 1.56033E+02
 3.60000E+01 1.52315E+02
 3.70000E+01 1.50332E+02
 3.80000E+01 1.49294E+02
 3.90000E+01 1.46378E+02
 4.00000E+01 1.44407E+02
