# n +  94Zr: Production of  93Sr - Total
# Q-value    =-1.36901E+01 mass=  92.914024
# E-threshold= 1.38371E+01
# # energies =    40
#     E          xs
 1.00000E+00 0.00000E+00
 2.00000E+00 0.00000E+00
 3.00000E+00 0.00000E+00
 4.00000E+00 0.00000E+00
 5.00000E+00 0.00000E+00
 6.00000E+00 0.00000E+00
 7.00000E+00 0.00000E+00
 8.00000E+00 0.00000E+00
 9.00000E+00 0.00000E+00
 1.00000E+01 0.00000E+00
 1.10000E+01 0.00000E+00
 1.20000E+01 0.00000E+00
 1.30000E+01 0.00000E+00
 1.40000E+01 0.00000E+00
 1.50000E+01 0.00000E+00
 1.60000E+01 0.00000E+00
 1.70000E+01 0.00000E+00
 1.80000E+01 0.00000E+00
 1.90000E+01 0.00000E+00
 2.00000E+01 0.00000E+00
 2.10000E+01 0.00000E+00
 2.20000E+01 0.00000E+00
 2.30000E+01 0.00000E+00
 2.40000E+01 0.00000E+00
 2.50000E+01 0.00000E+00
 2.60000E+01 0.00000E+00
 2.70000E+01 0.00000E+00
 2.80000E+01 0.00000E+00
 2.90000E+01 9.81025E-04
 3.00000E+01 1.94414E-03
 3.10000E+01 3.39548E-03
 3.20000E+01 5.47001E-03
 3.30000E+01 8.23546E-03
 3.40000E+01 1.13275E-02
 3.50000E+01 1.51191E-02
 3.60000E+01 1.89630E-02
 3.70000E+01 2.28759E-02
 3.80000E+01 2.71149E-02
 3.90000E+01 3.09958E-02
 4.00000E+01 3.50729E-02
