# n +  91Zr: Production of  87Rb - Total
# Q-value    =-4.94033E+00 mass=  86.909181
# E-threshold= 4.99515E+00
# # energies =    40
#     E          xs
 1.00000E+00 0.00000E+00
 2.00000E+00 0.00000E+00
 3.00000E+00 0.00000E+00
 4.00000E+00 0.00000E+00
 5.00000E+00 0.00000E+00
 6.00000E+00 0.00000E+00
 7.00000E+00 0.00000E+00
 8.00000E+00 0.00000E+00
 9.00000E+00 0.00000E+00
 1.00000E+01 0.00000E+00
 1.10000E+01 0.00000E+00
 1.20000E+01 0.00000E+00
 1.30000E+01 0.00000E+00
 1.40000E+01 0.00000E+00
 1.50000E+01 0.00000E+00
 1.60000E+01 0.00000E+00
 1.70000E+01 0.00000E+00
 1.80000E+01 0.00000E+00
 1.90000E+01 0.00000E+00
 2.00000E+01 2.59322E-03
 2.10000E+01 5.92242E-03
 2.20000E+01 1.13074E-02
 2.30000E+01 1.91895E-02
 2.40000E+01 3.01679E-02
 2.50000E+01 4.50268E-02
 2.60000E+01 6.59090E-02
 2.70000E+01 9.45319E-02
 2.80000E+01 1.33182E-01
 2.90000E+01 1.83477E-01
 3.00000E+01 2.43727E-01
 3.10000E+01 3.06903E-01
 3.20000E+01 3.76291E-01
 3.30000E+01 4.27283E-01
 3.40000E+01 4.55609E-01
 3.50000E+01 4.89314E-01
 3.60000E+01 5.14314E-01
 3.70000E+01 4.99016E-01
 3.80000E+01 4.81349E-01
 3.90000E+01 4.82648E-01
 4.00000E+01 4.85361E-01
