# n +  96Zr: Production of  95Y  - Total
# Q-value    =-9.29440E+00 mass=  94.912819
# E-threshold= 9.39214E+00
# # energies =    40
#     E          xs
 1.00000E+00 0.00000E+00
 2.00000E+00 0.00000E+00
 3.00000E+00 0.00000E+00
 4.00000E+00 0.00000E+00
 5.00000E+00 0.00000E+00
 6.00000E+00 0.00000E+00
 7.00000E+00 0.00000E+00
 8.00000E+00 0.00000E+00
 9.00000E+00 0.00000E+00
 1.00000E+01 0.00000E+00
 1.10000E+01 0.00000E+00
 1.20000E+01 0.00000E+00
 1.30000E+01 0.00000E+00
 1.40000E+01 1.10124E-02
 1.50000E+01 8.03074E-02
 1.60000E+01 3.42277E-01
 1.70000E+01 1.05783E+00
 1.80000E+01 2.58108E+00
 1.90000E+01 5.09923E+00
 2.00000E+01 8.61331E+00
 2.10000E+01 1.31298E+01
 2.20000E+01 1.88262E+01
 2.30000E+01 2.44712E+01
 2.40000E+01 3.02587E+01
 2.50000E+01 3.61305E+01
 2.60000E+01 4.11668E+01
 2.70000E+01 4.55689E+01
 2.80000E+01 4.96540E+01
 2.90000E+01 5.23710E+01
 3.00000E+01 5.53818E+01
 3.10000E+01 5.67711E+01
 3.20000E+01 5.85466E+01
 3.30000E+01 6.01251E+01
 3.40000E+01 6.11581E+01
 3.50000E+01 6.12636E+01
 3.60000E+01 6.17035E+01
 3.70000E+01 6.18993E+01
 3.80000E+01 6.17931E+01
 3.90000E+01 6.16367E+01
 4.00000E+01 6.15691E+01
