# n +  94Zr: Production of  94Y  - Total
# Q-value    =-4.13551E+00 mass=  93.911592
# E-threshold= 4.17993E+00
# # energies =    40
#     E          xs
 1.00000E+00 0.00000E+00
 2.00000E+00 0.00000E+00
 3.00000E+00 0.00000E+00
 4.00000E+00 0.00000E+00
 5.00000E+00 0.00000E+00
 6.00000E+00 0.00000E+00
 7.00000E+00 0.00000E+00
 8.00000E+00 5.01024E-03
 9.00000E+00 3.91856E-02
 1.00000E+01 2.02015E-01
 1.10000E+01 7.38689E-01
 1.20000E+01 1.87405E+00
 1.30000E+01 3.69831E+00
 1.40000E+01 6.38203E+00
 1.50000E+01 9.52302E+00
 1.60000E+01 1.28851E+01
 1.70000E+01 1.60911E+01
 1.80000E+01 1.87370E+01
 1.90000E+01 2.06044E+01
 2.00000E+01 2.21108E+01
 2.10000E+01 2.27455E+01
 2.20000E+01 2.35905E+01
 2.30000E+01 2.41776E+01
 2.40000E+01 2.38795E+01
 2.50000E+01 2.39587E+01
 2.60000E+01 2.37671E+01
 2.70000E+01 2.31406E+01
 2.80000E+01 2.28617E+01
 2.90000E+01 2.19841E+01
 3.00000E+01 2.13491E+01
 3.10000E+01 2.09425E+01
 3.20000E+01 2.07176E+01
 3.30000E+01 1.96535E+01
 3.40000E+01 1.89142E+01
 3.50000E+01 1.83206E+01
 3.60000E+01 1.78340E+01
 3.70000E+01 1.66719E+01
 3.80000E+01 1.59491E+01
 3.90000E+01 1.52731E+01
 4.00000E+01 1.46328E+01
