# n +  90Zr: Production of  86Rb - Total
# Q-value    =-7.66810E+00 mass=  85.911167
# E-threshold= 7.75413E+00
# # energies =    40
#     E          xs
 1.00000E+00 0.00000E+00
 2.00000E+00 0.00000E+00
 3.00000E+00 0.00000E+00
 4.00000E+00 0.00000E+00
 5.00000E+00 0.00000E+00
 6.00000E+00 0.00000E+00
 7.00000E+00 0.00000E+00
 8.00000E+00 0.00000E+00
 9.00000E+00 0.00000E+00
 1.00000E+01 0.00000E+00
 1.10000E+01 0.00000E+00
 1.20000E+01 0.00000E+00
 1.30000E+01 0.00000E+00
 1.40000E+01 0.00000E+00
 1.50000E+01 0.00000E+00
 1.60000E+01 0.00000E+00
 1.70000E+01 0.00000E+00
 1.80000E+01 0.00000E+00
 1.90000E+01 0.00000E+00
 2.00000E+01 0.00000E+00
 2.10000E+01 0.00000E+00
 2.20000E+01 0.00000E+00
 2.30000E+01 1.84664E-03
 2.40000E+01 4.40284E-03
 2.50000E+01 8.58172E-03
 2.60000E+01 1.42615E-02
 2.70000E+01 2.10466E-02
 2.80000E+01 2.85447E-02
 2.90000E+01 3.61148E-02
 3.00000E+01 4.40812E-02
 3.10000E+01 5.21806E-02
 3.20000E+01 5.92843E-02
 3.30000E+01 6.57640E-02
 3.40000E+01 7.22180E-02
 3.50000E+01 7.68883E-02
 3.60000E+01 7.97359E-02
 3.70000E+01 8.15039E-02
 3.80000E+01 8.34181E-02
 3.90000E+01 8.29919E-02
 4.00000E+01 8.16742E-02
