# n +  94Zr: Production of  91Y  - Ground state
# Q-value    =-1.58678E+01 mass=  90.907298
# E-threshold= 1.60383E+01
# # energies =    40
#     E          xs      Branching
 1.00000E+00 0.00000E+00 0.00000E+00
 2.00000E+00 0.00000E+00 0.00000E+00
 3.00000E+00 0.00000E+00 0.00000E+00
 4.00000E+00 0.00000E+00 0.00000E+00
 5.00000E+00 0.00000E+00 0.00000E+00
 6.00000E+00 0.00000E+00 0.00000E+00
 7.00000E+00 0.00000E+00 0.00000E+00
 8.00000E+00 0.00000E+00 0.00000E+00
 9.00000E+00 0.00000E+00 0.00000E+00
 1.00000E+01 0.00000E+00 0.00000E+00
 1.10000E+01 0.00000E+00 0.00000E+00
 1.20000E+01 0.00000E+00 0.00000E+00
 1.30000E+01 0.00000E+00 0.00000E+00
 1.40000E+01 0.00000E+00 0.00000E+00
 1.50000E+01 0.00000E+00 0.00000E+00
 1.60000E+01 0.00000E+00 0.00000E+00
 1.70000E+01 0.00000E+00 0.00000E+00
 1.80000E+01 0.00000E+00 0.00000E+00
 1.90000E+01 0.00000E+00 0.00000E+00
 2.00000E+01 0.00000E+00 0.00000E+00
 2.10000E+01 6.24706E-03 5.08913E-01
 2.20000E+01 3.93034E-02 4.28742E-01
 2.30000E+01 1.26779E-01 3.67296E-01
 2.40000E+01 2.74034E-01 3.34726E-01
 2.50000E+01 4.57138E-01 3.35205E-01
 2.60000E+01 6.63048E-01 3.03522E-01
 2.70000E+01 9.04083E-01 2.98095E-01
 2.80000E+01 1.11117E+00 2.81095E-01
 2.90000E+01 1.40605E+00 2.79991E-01
 3.00000E+01 1.71336E+00 2.65333E-01
 3.10000E+01 2.17233E+00 2.67196E-01
 3.20000E+01 2.92031E+00 2.53896E-01
 3.30000E+01 3.77957E+00 2.53315E-01
 3.40000E+01 4.89426E+00 2.51380E-01
 3.50000E+01 6.27740E+00 2.37507E-01
 3.60000E+01 7.62119E+00 2.34124E-01
 3.70000E+01 9.04220E+00 2.30695E-01
 3.80000E+01 1.04336E+01 2.26943E-01
 3.90000E+01 1.18857E+01 2.18769E-01
 4.00000E+01 1.28730E+01 2.13717E-01
