# n +  94Zr: Production of  89Sr - Total
# Q-value    =-1.15565E+01 mass=  88.907451
# E-threshold= 1.16807E+01
# # energies =    40
#     E          xs
 1.00000E+00 0.00000E+00
 2.00000E+00 0.00000E+00
 3.00000E+00 0.00000E+00
 4.00000E+00 0.00000E+00
 5.00000E+00 0.00000E+00
 6.00000E+00 0.00000E+00
 7.00000E+00 0.00000E+00
 8.00000E+00 0.00000E+00
 9.00000E+00 0.00000E+00
 1.00000E+01 0.00000E+00
 1.10000E+01 0.00000E+00
 1.20000E+01 0.00000E+00
 1.30000E+01 0.00000E+00
 1.40000E+01 0.00000E+00
 1.50000E+01 0.00000E+00
 1.60000E+01 0.00000E+00
 1.70000E+01 0.00000E+00
 1.80000E+01 0.00000E+00
 1.90000E+01 0.00000E+00
 2.00000E+01 6.31347E-03
 2.10000E+01 3.08554E-02
 2.20000E+01 1.54452E-01
 2.30000E+01 5.17051E-01
 2.40000E+01 1.14114E+00
 2.50000E+01 2.23912E+00
 2.60000E+01 3.56415E+00
 2.70000E+01 5.09379E+00
 2.80000E+01 7.05700E+00
 2.90000E+01 8.90772E+00
 3.00000E+01 1.06699E+01
 3.10000E+01 1.26345E+01
 3.20000E+01 1.41188E+01
 3.30000E+01 1.53488E+01
 3.40000E+01 1.63088E+01
 3.50000E+01 1.69061E+01
 3.60000E+01 1.73227E+01
 3.70000E+01 1.72512E+01
 3.80000E+01 1.71411E+01
 3.90000E+01 1.67323E+01
 4.00000E+01 1.60735E+01
