# n +  90Zr: Production of  87Y  - Total
# Q-value    =-2.07040E+01 mass=  86.910876
# E-threshold= 2.09362E+01
# # energies =    40
#     E          xs
 1.00000E+00 0.00000E+00
 2.00000E+00 0.00000E+00
 3.00000E+00 0.00000E+00
 4.00000E+00 0.00000E+00
 5.00000E+00 0.00000E+00
 6.00000E+00 0.00000E+00
 7.00000E+00 0.00000E+00
 8.00000E+00 0.00000E+00
 9.00000E+00 0.00000E+00
 1.00000E+01 0.00000E+00
 1.10000E+01 0.00000E+00
 1.20000E+01 0.00000E+00
 1.30000E+01 0.00000E+00
 1.40000E+01 0.00000E+00
 1.50000E+01 0.00000E+00
 1.60000E+01 0.00000E+00
 1.70000E+01 0.00000E+00
 1.80000E+01 0.00000E+00
 1.90000E+01 0.00000E+00
 2.00000E+01 0.00000E+00
 2.10000E+01 0.00000E+00
 2.20000E+01 0.00000E+00
 2.30000E+01 0.00000E+00
 2.40000E+01 0.00000E+00
 2.50000E+01 0.00000E+00
 2.60000E+01 1.17792E-02
 2.70000E+01 7.03839E-02
 2.80000E+01 2.54238E-01
 2.90000E+01 5.80261E-01
 3.00000E+01 1.05554E+00
 3.10000E+01 1.66539E+00
 3.20000E+01 2.36009E+00
 3.30000E+01 3.32417E+00
 3.40000E+01 5.57690E+00
 3.50000E+01 1.03930E+01
 3.60000E+01 1.94010E+01
 3.70000E+01 3.18973E+01
 3.80000E+01 4.77856E+01
 3.90000E+01 6.84399E+01
 4.00000E+01 8.99193E+01
