# n +  91Zr: Production of  84Kr - Total
# Q-value    =-2.23473E+00 mass=  83.911498
# E-threshold= 2.25953E+00
# # energies =    40
#     E          xs
 1.00000E+00 0.00000E+00
 2.00000E+00 0.00000E+00
 3.00000E+00 0.00000E+00
 4.00000E+00 0.00000E+00
 5.00000E+00 0.00000E+00
 6.00000E+00 0.00000E+00
 7.00000E+00 0.00000E+00
 8.00000E+00 0.00000E+00
 9.00000E+00 0.00000E+00
 1.00000E+01 0.00000E+00
 1.10000E+01 0.00000E+00
 1.20000E+01 0.00000E+00
 1.30000E+01 0.00000E+00
 1.40000E+01 0.00000E+00
 1.50000E+01 0.00000E+00
 1.60000E+01 0.00000E+00
 1.70000E+01 0.00000E+00
 1.80000E+01 0.00000E+00
 1.90000E+01 0.00000E+00
 2.00000E+01 0.00000E+00
 2.10000E+01 0.00000E+00
 2.20000E+01 0.00000E+00
 2.30000E+01 0.00000E+00
 2.40000E+01 0.00000E+00
 2.50000E+01 0.00000E+00
 2.60000E+01 0.00000E+00
 2.70000E+01 0.00000E+00
 2.80000E+01 1.00886E-03
 2.90000E+01 1.49935E-03
 3.00000E+01 2.13973E-03
 3.10000E+01 2.94562E-03
 3.20000E+01 3.96059E-03
 3.30000E+01 5.17165E-03
 3.40000E+01 6.61907E-03
 3.50000E+01 8.23126E-03
 3.60000E+01 9.13925E-03
 3.70000E+01 1.03472E-02
 3.80000E+01 1.14258E-02
 3.90000E+01 1.23091E-02
 4.00000E+01 1.31318E-02
