# n +  92Zr: Production of  89Y  - Level  1     0.90897 MeV
# Q-value    =-1.66094E+01 mass=  88.905841
# E-threshold= 1.67917E+01
# # energies =    40
#     E          xs      Branching
 1.00000E+00 0.00000E+00 0.00000E+00
 2.00000E+00 0.00000E+00 0.00000E+00
 3.00000E+00 0.00000E+00 0.00000E+00
 4.00000E+00 0.00000E+00 0.00000E+00
 5.00000E+00 0.00000E+00 0.00000E+00
 6.00000E+00 0.00000E+00 0.00000E+00
 7.00000E+00 0.00000E+00 0.00000E+00
 8.00000E+00 0.00000E+00 0.00000E+00
 9.00000E+00 0.00000E+00 0.00000E+00
 1.00000E+01 0.00000E+00 0.00000E+00
 1.10000E+01 0.00000E+00 0.00000E+00
 1.20000E+01 0.00000E+00 0.00000E+00
 1.30000E+01 0.00000E+00 0.00000E+00
 1.40000E+01 0.00000E+00 0.00000E+00
 1.50000E+01 0.00000E+00 0.00000E+00
 1.60000E+01 0.00000E+00 0.00000E+00
 1.70000E+01 0.00000E+00 0.00000E+00
 1.80000E+01 0.00000E+00 0.00000E+00
 1.90000E+01 0.00000E+00 0.00000E+00
 2.00000E+01 0.00000E+00 0.00000E+00
 2.10000E+01 4.03960E-03 1.94509E-01
 2.20000E+01 4.80199E-02 3.77403E-01
 2.30000E+01 1.63626E-01 4.56837E-01
 2.40000E+01 4.87107E-01 5.63092E-01
 2.50000E+01 1.00263E+00 6.30429E-01
 2.60000E+01 1.65061E+00 6.74462E-01
 2.70000E+01 2.28111E+00 6.82314E-01
 2.80000E+01 3.18236E+00 6.74266E-01
 2.90000E+01 4.23252E+00 5.88392E-01
 3.00000E+01 6.27384E+00 5.50146E-01
 3.10000E+01 9.59024E+00 5.49660E-01
 3.20000E+01 1.38245E+01 5.63955E-01
 3.30000E+01 2.23102E+01 6.31939E-01
 3.40000E+01 3.10804E+01 6.61404E-01
 3.50000E+01 4.10185E+01 6.87011E-01
 3.60000E+01 5.50879E+01 7.28706E-01
 3.70000E+01 6.67014E+01 7.44349E-01
 3.80000E+01 7.78258E+01 7.55696E-01
 3.90000E+01 8.96468E+01 7.68397E-01
 4.00000E+01 1.00672E+02 7.82730E-01
