# n +  92Zr: Production of  90Y  - Ground state
# Q-value    =-8.84344E+00 mass=  89.907145
# E-threshold= 8.94049E+00
# # energies =    40
#     E          xs      Branching
 1.00000E+00 0.00000E+00 0.00000E+00
 2.00000E+00 0.00000E+00 0.00000E+00
 3.00000E+00 0.00000E+00 0.00000E+00
 4.00000E+00 0.00000E+00 0.00000E+00
 5.00000E+00 0.00000E+00 0.00000E+00
 6.00000E+00 0.00000E+00 0.00000E+00
 7.00000E+00 0.00000E+00 0.00000E+00
 8.00000E+00 0.00000E+00 0.00000E+00
 9.00000E+00 0.00000E+00 0.00000E+00
 1.00000E+01 0.00000E+00 0.00000E+00
 1.10000E+01 0.00000E+00 0.00000E+00
 1.20000E+01 0.00000E+00 0.00000E+00
 1.30000E+01 0.00000E+00 0.00000E+00
 1.40000E+01 4.85151E-03 7.22101E-01
 1.50000E+01 4.25965E-02 7.16354E-01
 1.60000E+01 1.73585E-01 7.07104E-01
 1.70000E+01 4.34364E-01 6.98050E-01
 1.80000E+01 8.09704E-01 6.82385E-01
 1.90000E+01 1.26670E+00 6.62488E-01
 2.00000E+01 1.84360E+00 6.43186E-01
 2.10000E+01 2.58745E+00 6.36370E-01
 2.20000E+01 3.93160E+00 6.40929E-01
 2.30000E+01 6.14392E+00 6.20417E-01
 2.40000E+01 1.05358E+01 5.98736E-01
 2.50000E+01 1.60691E+01 5.98070E-01
 2.60000E+01 2.14213E+01 5.48207E-01
 2.70000E+01 2.75617E+01 5.21773E-01
 2.80000E+01 3.29279E+01 5.08429E-01
 2.90000E+01 3.83215E+01 4.92692E-01
 3.00000E+01 4.24150E+01 4.78542E-01
 3.10000E+01 4.52822E+01 4.66720E-01
 3.20000E+01 4.78354E+01 4.50475E-01
 3.30000E+01 4.82208E+01 4.42034E-01
 3.40000E+01 4.77105E+01 4.32108E-01
 3.50000E+01 4.75021E+01 4.20823E-01
 3.60000E+01 4.61123E+01 4.20418E-01
 3.70000E+01 4.45303E+01 4.15898E-01
 3.80000E+01 4.44843E+01 4.19000E-01
 3.90000E+01 4.29783E+01 4.13309E-01
 4.00000E+01 4.25636E+01 4.19130E-01
