# n +  94Zr: Production of  92Y  - Total
# Q-value    =-9.33130E+00 mass=  91.908946
# E-threshold= 9.43153E+00
# # energies =    40
#     E          xs
 1.00000E+00 0.00000E+00
 2.00000E+00 0.00000E+00
 3.00000E+00 0.00000E+00
 4.00000E+00 0.00000E+00
 5.00000E+00 0.00000E+00
 6.00000E+00 0.00000E+00
 7.00000E+00 0.00000E+00
 8.00000E+00 0.00000E+00
 9.00000E+00 0.00000E+00
 1.00000E+01 0.00000E+00
 1.10000E+01 0.00000E+00
 1.20000E+01 0.00000E+00
 1.30000E+01 0.00000E+00
 1.40000E+01 1.22979E-03
 1.50000E+01 1.80295E-02
 1.60000E+01 1.17328E-01
 1.70000E+01 3.61373E-01
 1.80000E+01 7.65651E-01
 1.90000E+01 1.31713E+00
 2.00000E+01 1.99705E+00
 2.10000E+01 2.82286E+00
 2.20000E+01 3.86725E+00
 2.30000E+01 5.15370E+00
 2.40000E+01 7.17410E+00
 2.50000E+01 1.04534E+01
 2.60000E+01 1.48910E+01
 2.70000E+01 1.96699E+01
 2.80000E+01 2.67604E+01
 2.90000E+01 3.25220E+01
 3.00000E+01 3.99499E+01
 3.10000E+01 4.68385E+01
 3.20000E+01 5.24664E+01
 3.30000E+01 5.85189E+01
 3.40000E+01 6.21616E+01
 3.50000E+01 6.48407E+01
 3.60000E+01 6.75583E+01
 3.70000E+01 6.99930E+01
 3.80000E+01 7.07569E+01
 3.90000E+01 7.19116E+01
 4.00000E+01 7.24940E+01
