# n +  91Zr: Production of  90Y  - Ground state
# Q-value    =-6.46590E+00 mass=  89.907145
# E-threshold= 6.53765E+00
# # energies =    40
#     E          xs      Branching
 1.00000E+00 0.00000E+00 0.00000E+00
 2.00000E+00 0.00000E+00 0.00000E+00
 3.00000E+00 0.00000E+00 0.00000E+00
 4.00000E+00 0.00000E+00 0.00000E+00
 5.00000E+00 0.00000E+00 0.00000E+00
 6.00000E+00 0.00000E+00 0.00000E+00
 7.00000E+00 0.00000E+00 0.00000E+00
 8.00000E+00 0.00000E+00 0.00000E+00
 9.00000E+00 0.00000E+00 0.00000E+00
 1.00000E+01 0.00000E+00 0.00000E+00
 1.10000E+01 1.85175E-02 8.09529E-01
 1.20000E+01 2.24051E-01 8.28822E-01
 1.30000E+01 1.43158E+00 7.95570E-01
 1.40000E+01 3.73900E+00 7.18399E-01
 1.50000E+01 7.98651E+00 6.77739E-01
 1.60000E+01 1.30539E+01 6.36568E-01
 1.70000E+01 1.86938E+01 6.05560E-01
 1.80000E+01 2.38315E+01 5.73087E-01
 1.90000E+01 2.95152E+01 5.54142E-01
 2.00000E+01 3.48630E+01 5.41573E-01
 2.10000E+01 3.91463E+01 5.21242E-01
 2.20000E+01 4.28094E+01 5.10843E-01
 2.30000E+01 4.50222E+01 4.93764E-01
 2.40000E+01 4.52552E+01 4.83066E-01
 2.50000E+01 4.64969E+01 4.76871E-01
 2.60000E+01 4.59004E+01 4.69390E-01
 2.70000E+01 4.60821E+01 4.67113E-01
 2.80000E+01 4.55913E+01 4.63359E-01
 2.90000E+01 4.57412E+01 4.61785E-01
 3.00000E+01 4.49968E+01 4.61096E-01
 3.10000E+01 4.50554E+01 4.60993E-01
 3.20000E+01 4.51070E+01 4.58171E-01
 3.30000E+01 4.45114E+01 4.58922E-01
 3.40000E+01 4.43124E+01 4.59107E-01
 3.50000E+01 4.37185E+01 4.58738E-01
 3.60000E+01 4.39726E+01 4.59440E-01
 3.70000E+01 4.27212E+01 4.57410E-01
 3.80000E+01 4.27536E+01 4.59774E-01
 3.90000E+01 4.27343E+01 4.64144E-01
 4.00000E+01 4.22836E+01 4.65196E-01
