# n +  91Zr: Production of  90Y  - Total
# Q-value    =-6.46590E+00 mass=  89.907145
# E-threshold= 6.53765E+00
# # energies =    40
#     E          xs
 1.00000E+00 0.00000E+00
 2.00000E+00 0.00000E+00
 3.00000E+00 0.00000E+00
 4.00000E+00 0.00000E+00
 5.00000E+00 0.00000E+00
 6.00000E+00 0.00000E+00
 7.00000E+00 0.00000E+00
 8.00000E+00 0.00000E+00
 9.00000E+00 0.00000E+00
 1.00000E+01 0.00000E+00
 1.10000E+01 2.28744E-02
 1.20000E+01 2.70325E-01
 1.30000E+01 1.79943E+00
 1.40000E+01 5.20462E+00
 1.50000E+01 1.17840E+01
 1.60000E+01 2.05067E+01
 1.70000E+01 3.08702E+01
 1.80000E+01 4.15844E+01
 1.90000E+01 5.32628E+01
 2.00000E+01 6.43735E+01
 2.10000E+01 7.51020E+01
 2.20000E+01 8.38014E+01
 2.30000E+01 9.11816E+01
 2.40000E+01 9.36832E+01
 2.50000E+01 9.75041E+01
 2.60000E+01 9.77872E+01
 2.70000E+01 9.86530E+01
 2.80000E+01 9.83931E+01
 2.90000E+01 9.90529E+01
 3.00000E+01 9.75866E+01
 3.10000E+01 9.77354E+01
 3.20000E+01 9.84500E+01
 3.30000E+01 9.69911E+01
 3.40000E+01 9.65187E+01
 3.50000E+01 9.53016E+01
 3.60000E+01 9.57091E+01
 3.70000E+01 9.33981E+01
 3.80000E+01 9.29883E+01
 3.90000E+01 9.20711E+01
 4.00000E+01 9.08943E+01
