# n +  96Zr: Production of  94Sr - Total
# Q-value    =-1.34530E+01 mass=  93.915356
# E-threshold= 1.35945E+01
# # energies =    40
#     E          xs
 1.00000E+00 0.00000E+00
 2.00000E+00 0.00000E+00
 3.00000E+00 0.00000E+00
 4.00000E+00 0.00000E+00
 5.00000E+00 0.00000E+00
 6.00000E+00 0.00000E+00
 7.00000E+00 0.00000E+00
 8.00000E+00 0.00000E+00
 9.00000E+00 0.00000E+00
 1.00000E+01 0.00000E+00
 1.10000E+01 0.00000E+00
 1.20000E+01 0.00000E+00
 1.30000E+01 0.00000E+00
 1.40000E+01 0.00000E+00
 1.50000E+01 0.00000E+00
 1.60000E+01 0.00000E+00
 1.70000E+01 0.00000E+00
 1.80000E+01 0.00000E+00
 1.90000E+01 0.00000E+00
 2.00000E+01 0.00000E+00
 2.10000E+01 0.00000E+00
 2.20000E+01 0.00000E+00
 2.30000E+01 0.00000E+00
 2.40000E+01 0.00000E+00
 2.50000E+01 0.00000E+00
 2.60000E+01 0.00000E+00
 2.70000E+01 2.72956E-03
 2.80000E+01 9.14339E-03
 2.90000E+01 2.46109E-02
 3.00000E+01 5.33603E-02
 3.10000E+01 9.66199E-02
 3.20000E+01 1.48309E-01
 3.30000E+01 2.03698E-01
 3.40000E+01 2.50137E-01
 3.50000E+01 2.92525E-01
 3.60000E+01 3.21407E-01
 3.70000E+01 3.66305E-01
 3.80000E+01 4.00104E-01
 3.90000E+01 4.06297E-01
 4.00000E+01 4.21750E-01
