# n +  92Zr: Production of  91Y  - Total
# Q-value    =-7.17213E+00 mass=  90.907298
# E-threshold= 7.25084E+00
# # energies =    40
#     E          xs
 1.00000E+00 0.00000E+00
 2.00000E+00 0.00000E+00
 3.00000E+00 0.00000E+00
 4.00000E+00 0.00000E+00
 5.00000E+00 0.00000E+00
 6.00000E+00 0.00000E+00
 7.00000E+00 0.00000E+00
 8.00000E+00 0.00000E+00
 9.00000E+00 0.00000E+00
 1.00000E+01 0.00000E+00
 1.10000E+01 1.35078E-03
 1.20000E+01 1.92617E-02
 1.30000E+01 2.40636E-01
 1.40000E+01 1.53373E+00
 1.50000E+01 4.98134E+00
 1.60000E+01 1.11242E+01
 1.70000E+01 1.95456E+01
 1.80000E+01 2.84527E+01
 1.90000E+01 3.89889E+01
 2.00000E+01 5.02640E+01
 2.10000E+01 6.15233E+01
 2.20000E+01 7.34606E+01
 2.30000E+01 8.25954E+01
 2.40000E+01 8.86958E+01
 2.50000E+01 9.24202E+01
 2.60000E+01 9.31359E+01
 2.70000E+01 9.31554E+01
 2.80000E+01 9.34241E+01
 2.90000E+01 9.22826E+01
 3.00000E+01 9.25961E+01
 3.10000E+01 9.33296E+01
 3.20000E+01 9.14071E+01
 3.30000E+01 9.19335E+01
 3.40000E+01 9.32315E+01
 3.50000E+01 9.09038E+01
 3.60000E+01 9.03591E+01
 3.70000E+01 9.05297E+01
 3.80000E+01 8.93039E+01
 3.90000E+01 8.84161E+01
 4.00000E+01 8.74303E+01
