# n +  90Zr: Production of  87Sr - Level  1     0.38853 MeV
# Q-value    = 1.36541E+00 mass=  86.908877
# E-threshold= 0.00000E+00
# # energies =    40
#     E          xs      Branching
 1.00000E+00 0.00000E+00 0.00000E+00
 2.00000E+00 0.00000E+00 0.00000E+00
 3.00000E+00 0.00000E+00 0.00000E+00
 4.00000E+00 0.00000E+00 0.00000E+00
 5.00000E+00 2.37970E-04 1.78346E-01
 6.00000E+00 2.93653E-03 1.98225E-01
 7.00000E+00 1.72277E-02 2.50897E-01
 8.00000E+00 5.01549E-02 2.92088E-01
 9.00000E+00 1.05063E-01 3.43245E-01
 1.00000E+01 1.68240E-01 3.86425E-01
 1.10000E+01 2.37048E-01 3.81478E-01
 1.20000E+01 3.50931E-01 3.54119E-01
 1.30000E+01 5.28005E-01 3.27701E-01
 1.40000E+01 7.80363E-01 3.03402E-01
 1.50000E+01 1.05608E+00 2.75679E-01
 1.60000E+01 1.42238E+00 2.56486E-01
 1.70000E+01 1.81798E+00 2.36448E-01
 1.80000E+01 2.20992E+00 2.15192E-01
 1.90000E+01 2.43925E+00 1.95934E-01
 2.00000E+01 2.50276E+00 1.77196E-01
 2.10000E+01 2.38067E+00 1.63236E-01
 2.20000E+01 2.11842E+00 1.52387E-01
 2.30000E+01 1.96700E+00 1.44307E-01
 2.40000E+01 1.79174E+00 1.39175E-01
 2.50000E+01 1.57736E+00 1.30174E-01
 2.60000E+01 1.41779E+00 1.24514E-01
 2.70000E+01 1.27464E+00 1.22117E-01
 2.80000E+01 1.11669E+00 1.14804E-01
 2.90000E+01 9.98538E-01 1.11280E-01
 3.00000E+01 8.99540E-01 1.10600E-01
 3.10000E+01 8.25661E-01 1.08362E-01
 3.20000E+01 7.56082E-01 1.04380E-01
 3.30000E+01 7.42589E-01 1.08194E-01
 3.40000E+01 7.46240E-01 1.12573E-01
 3.50000E+01 7.99440E-01 1.19454E-01
 3.60000E+01 8.42462E-01 1.20198E-01
 3.70000E+01 9.29473E-01 1.27912E-01
 3.80000E+01 1.00030E+00 1.29690E-01
 3.90000E+01 1.08177E+00 1.31262E-01
 4.00000E+01 1.19863E+00 1.34979E-01
