# n +  94Zr: Production of  91Y  - Total
# Q-value    =-1.58678E+01 mass=  90.907298
# E-threshold= 1.60383E+01
# # energies =    40
#     E          xs
 1.00000E+00 0.00000E+00
 2.00000E+00 0.00000E+00
 3.00000E+00 0.00000E+00
 4.00000E+00 0.00000E+00
 5.00000E+00 0.00000E+00
 6.00000E+00 0.00000E+00
 7.00000E+00 0.00000E+00
 8.00000E+00 0.00000E+00
 9.00000E+00 0.00000E+00
 1.00000E+01 0.00000E+00
 1.10000E+01 0.00000E+00
 1.20000E+01 0.00000E+00
 1.30000E+01 0.00000E+00
 1.40000E+01 0.00000E+00
 1.50000E+01 0.00000E+00
 1.60000E+01 0.00000E+00
 1.70000E+01 0.00000E+00
 1.80000E+01 0.00000E+00
 1.90000E+01 0.00000E+00
 2.00000E+01 0.00000E+00
 2.10000E+01 1.22753E-02
 2.20000E+01 9.16716E-02
 2.30000E+01 3.45169E-01
 2.40000E+01 8.18681E-01
 2.50000E+01 1.36376E+00
 2.60000E+01 2.18451E+00
 2.70000E+01 3.03287E+00
 2.80000E+01 3.95301E+00
 2.90000E+01 5.02178E+00
 3.00000E+01 6.45738E+00
 3.10000E+01 8.13008E+00
 3.20000E+01 1.15020E+01
 3.30000E+01 1.49205E+01
 3.40000E+01 1.94696E+01
 3.50000E+01 2.64304E+01
 3.60000E+01 3.25519E+01
 3.70000E+01 3.91955E+01
 3.80000E+01 4.59744E+01
 3.90000E+01 5.43297E+01
 4.00000E+01 6.02339E+01
