# n +  96Zr: Production of  95Zr - Total
# Q-value    =-7.85023E+00 mass=  94.908040
# E-threshold= 7.93279E+00
# # energies =    40
#     E          xs
 1.00000E+00 0.00000E+00
 2.00000E+00 0.00000E+00
 3.00000E+00 0.00000E+00
 4.00000E+00 0.00000E+00
 5.00000E+00 0.00000E+00
 6.00000E+00 0.00000E+00
 7.00000E+00 0.00000E+00
 8.00000E+00 2.90170E+01
 9.00000E+00 7.00371E+02
 1.00000E+01 1.06080E+03
 1.10000E+01 1.27812E+03
 1.20000E+01 1.39039E+03
 1.30000E+01 1.45209E+03
 1.40000E+01 1.47962E+03
 1.50000E+01 1.48871E+03
 1.60000E+01 1.43952E+03
 1.70000E+01 1.29989E+03
 1.80000E+01 1.09919E+03
 1.90000E+01 8.89654E+02
 2.00000E+01 7.21805E+02
 2.10000E+01 5.86456E+02
 2.20000E+01 4.96447E+02
 2.30000E+01 4.30464E+02
 2.40000E+01 3.89034E+02
 2.50000E+01 3.56029E+02
 2.60000E+01 3.30169E+02
 2.70000E+01 3.13291E+02
 2.80000E+01 2.97076E+02
 2.90000E+01 2.83020E+02
 3.00000E+01 2.72963E+02
 3.10000E+01 2.62689E+02
 3.20000E+01 2.51797E+02
 3.30000E+01 2.43089E+02
 3.40000E+01 2.33623E+02
 3.50000E+01 2.26355E+02
 3.60000E+01 2.20352E+02
 3.70000E+01 2.14254E+02
 3.80000E+01 2.05574E+02
 3.90000E+01 1.98840E+02
 4.00000E+01 1.92658E+02
