# n +  92Zr: Production of  89Zr - Ground state
# Q-value    =-2.77974E+01 mass=  88.908882
# E-threshold= 2.81025E+01
# # energies =    40
#     E          xs      Branching
 1.00000E+00 0.00000E+00 0.00000E+00
 2.00000E+00 0.00000E+00 0.00000E+00
 3.00000E+00 0.00000E+00 0.00000E+00
 4.00000E+00 0.00000E+00 0.00000E+00
 5.00000E+00 0.00000E+00 0.00000E+00
 6.00000E+00 0.00000E+00 0.00000E+00
 7.00000E+00 0.00000E+00 0.00000E+00
 8.00000E+00 0.00000E+00 0.00000E+00
 9.00000E+00 0.00000E+00 0.00000E+00
 1.00000E+01 0.00000E+00 0.00000E+00
 1.10000E+01 0.00000E+00 0.00000E+00
 1.20000E+01 0.00000E+00 0.00000E+00
 1.30000E+01 0.00000E+00 0.00000E+00
 1.40000E+01 0.00000E+00 0.00000E+00
 1.50000E+01 0.00000E+00 0.00000E+00
 1.60000E+01 0.00000E+00 0.00000E+00
 1.70000E+01 0.00000E+00 0.00000E+00
 1.80000E+01 0.00000E+00 0.00000E+00
 1.90000E+01 0.00000E+00 0.00000E+00
 2.00000E+01 0.00000E+00 0.00000E+00
 2.10000E+01 0.00000E+00 0.00000E+00
 2.20000E+01 0.00000E+00 0.00000E+00
 2.30000E+01 0.00000E+00 0.00000E+00
 2.40000E+01 0.00000E+00 0.00000E+00
 2.50000E+01 0.00000E+00 0.00000E+00
 2.60000E+01 0.00000E+00 0.00000E+00
 2.70000E+01 0.00000E+00 0.00000E+00
 2.80000E+01 0.00000E+00 0.00000E+00
 2.90000E+01 4.90896E+00 9.91025E-01
 3.00000E+01 2.24155E+01 9.52582E-01
 3.10000E+01 4.67390E+01 9.06730E-01
 3.20000E+01 9.21235E+01 8.96395E-01
 3.30000E+01 1.34077E+02 8.75448E-01
 3.40000E+01 1.77220E+02 8.67822E-01
 3.50000E+01 2.19491E+02 8.65542E-01
 3.60000E+01 2.56331E+02 8.65122E-01
 3.70000E+01 2.87938E+02 8.66629E-01
 3.80000E+01 3.12057E+02 8.69424E-01
 3.90000E+01 3.26637E+02 8.71212E-01
 4.00000E+01 3.43771E+02 8.74673E-01
