# n +  90Zr: Production of  88Zr - Total
# Q-value    =-2.12863E+01 mass=  87.910221
# E-threshold= 2.15251E+01
# # energies =    40
#     E          xs
 1.00000E+00 0.00000E+00
 2.00000E+00 0.00000E+00
 3.00000E+00 0.00000E+00
 4.00000E+00 0.00000E+00
 5.00000E+00 0.00000E+00
 6.00000E+00 0.00000E+00
 7.00000E+00 0.00000E+00
 8.00000E+00 0.00000E+00
 9.00000E+00 0.00000E+00
 1.00000E+01 0.00000E+00
 1.10000E+01 0.00000E+00
 1.20000E+01 0.00000E+00
 1.30000E+01 0.00000E+00
 1.40000E+01 0.00000E+00
 1.50000E+01 0.00000E+00
 1.60000E+01 0.00000E+00
 1.70000E+01 0.00000E+00
 1.80000E+01 0.00000E+00
 1.90000E+01 0.00000E+00
 2.00000E+01 0.00000E+00
 2.10000E+01 0.00000E+00
 2.20000E+01 1.32691E+00
 2.30000E+01 1.30798E+01
 2.40000E+01 4.28976E+01
 2.50000E+01 9.96495E+01
 2.60000E+01 1.87260E+02
 2.70000E+01 2.82489E+02
 2.80000E+01 3.66741E+02
 2.90000E+01 4.30306E+02
 3.00000E+01 4.73520E+02
 3.10000E+01 5.01932E+02
 3.20000E+01 5.18627E+02
 3.30000E+01 5.25816E+02
 3.40000E+01 5.29020E+02
 3.50000E+01 5.23818E+02
 3.60000E+01 5.09058E+02
 3.70000E+01 4.84558E+02
 3.80000E+01 4.52519E+02
 3.90000E+01 4.15473E+02
 4.00000E+01 3.78892E+02
