# n +  90Zr: Production of  89Zr - Ground state
# Q-value    =-1.19683E+01 mass=  88.908882
# E-threshold= 1.21026E+01
# # energies =    40
#     E          xs      Branching
 1.00000E+00 0.00000E+00 0.00000E+00
 2.00000E+00 0.00000E+00 0.00000E+00
 3.00000E+00 0.00000E+00 0.00000E+00
 4.00000E+00 0.00000E+00 0.00000E+00
 5.00000E+00 0.00000E+00 0.00000E+00
 6.00000E+00 0.00000E+00 0.00000E+00
 7.00000E+00 0.00000E+00 0.00000E+00
 8.00000E+00 0.00000E+00 0.00000E+00
 9.00000E+00 0.00000E+00 0.00000E+00
 1.00000E+01 0.00000E+00 0.00000E+00
 1.10000E+01 0.00000E+00 0.00000E+00
 1.20000E+01 0.00000E+00 0.00000E+00
 1.30000E+01 2.62414E+02 9.69030E-01
 1.40000E+01 5.13447E+02 8.55932E-01
 1.50000E+01 6.56058E+02 7.95312E-01
 1.60000E+01 7.42262E+02 7.75267E-01
 1.70000E+01 8.06292E+02 7.76850E-01
 1.80000E+01 8.43335E+02 7.86194E-01
 1.90000E+01 8.67107E+02 7.96709E-01
 2.00000E+01 8.83863E+02 8.06627E-01
 2.10000E+01 8.93092E+02 8.15037E-01
 2.20000E+01 8.89950E+02 8.22454E-01
 2.30000E+01 8.80025E+02 8.32091E-01
 2.40000E+01 8.60089E+02 8.46332E-01
 2.50000E+01 8.08383E+02 8.59237E-01
 2.60000E+01 7.26744E+02 8.69398E-01
 2.70000E+01 6.30332E+02 8.75447E-01
 2.80000E+01 5.42340E+02 8.77357E-01
 2.90000E+01 4.66896E+02 8.77508E-01
 3.00000E+01 4.12894E+02 8.75656E-01
 3.10000E+01 3.68595E+02 8.74755E-01
 3.20000E+01 3.34819E+02 8.73665E-01
 3.30000E+01 3.14008E+02 8.72288E-01
 3.40000E+01 2.94264E+02 8.72276E-01
 3.50000E+01 2.78322E+02 8.71011E-01
 3.60000E+01 2.68240E+02 8.71790E-01
 3.70000E+01 2.58581E+02 8.71467E-01
 3.80000E+01 2.49270E+02 8.72242E-01
 3.90000E+01 2.40843E+02 8.72584E-01
 4.00000E+01 2.33372E+02 8.72270E-01
