# n +  92Zr: Production of  91Zr - Total
# Q-value    =-8.63478E+00 mass=  90.905640
# E-threshold= 8.72955E+00
# # energies =    40
#     E          xs
 1.00000E+00 0.00000E+00
 2.00000E+00 0.00000E+00
 3.00000E+00 0.00000E+00
 4.00000E+00 0.00000E+00
 5.00000E+00 0.00000E+00
 6.00000E+00 0.00000E+00
 7.00000E+00 0.00000E+00
 8.00000E+00 0.00000E+00
 9.00000E+00 1.32145E+02
 1.00000E+01 6.72405E+02
 1.10000E+01 1.03545E+03
 1.20000E+01 1.24427E+03
 1.30000E+01 1.35628E+03
 1.40000E+01 1.41070E+03
 1.50000E+01 1.42897E+03
 1.60000E+01 1.43146E+03
 1.70000E+01 1.40671E+03
 1.80000E+01 1.33237E+03
 1.90000E+01 1.20739E+03
 2.00000E+01 1.04513E+03
 2.10000E+01 8.61940E+02
 2.20000E+01 6.92353E+02
 2.30000E+01 5.80169E+02
 2.40000E+01 4.92833E+02
 2.50000E+01 4.32184E+02
 2.60000E+01 3.90545E+02
 2.70000E+01 3.61480E+02
 2.80000E+01 3.37129E+02
 2.90000E+01 3.22989E+02
 3.00000E+01 3.07870E+02
 3.10000E+01 2.96558E+02
 3.20000E+01 2.83766E+02
 3.30000E+01 2.77098E+02
 3.40000E+01 2.66289E+02
 3.50000E+01 2.57347E+02
 3.60000E+01 2.50707E+02
 3.70000E+01 2.43155E+02
 3.80000E+01 2.36758E+02
 3.90000E+01 2.30300E+02
 4.00000E+01 2.20381E+02
