# n +  91Zr: Production of  89Zr - Ground state
# Q-value    =-1.91626E+01 mass=  88.908882
# E-threshold= 1.93753E+01
# # energies =    40
#     E          xs      Branching
 1.00000E+00 0.00000E+00 0.00000E+00
 2.00000E+00 0.00000E+00 0.00000E+00
 3.00000E+00 0.00000E+00 0.00000E+00
 4.00000E+00 0.00000E+00 0.00000E+00
 5.00000E+00 0.00000E+00 0.00000E+00
 6.00000E+00 0.00000E+00 0.00000E+00
 7.00000E+00 0.00000E+00 0.00000E+00
 8.00000E+00 0.00000E+00 0.00000E+00
 9.00000E+00 0.00000E+00 0.00000E+00
 1.00000E+01 0.00000E+00 0.00000E+00
 1.10000E+01 0.00000E+00 0.00000E+00
 1.20000E+01 0.00000E+00 0.00000E+00
 1.30000E+01 0.00000E+00 0.00000E+00
 1.40000E+01 0.00000E+00 0.00000E+00
 1.50000E+01 0.00000E+00 0.00000E+00
 1.60000E+01 0.00000E+00 0.00000E+00
 1.70000E+01 0.00000E+00 0.00000E+00
 1.80000E+01 0.00000E+00 0.00000E+00
 1.90000E+01 0.00000E+00 0.00000E+00
 2.00000E+01 1.71601E+01 9.99382E-01
 2.10000E+01 8.14109E+01 9.48193E-01
 2.20000E+01 1.70072E+02 9.02415E-01
 2.30000E+01 2.53889E+02 8.69652E-01
 2.40000E+01 3.34030E+02 8.59128E-01
 2.50000E+01 3.91121E+02 8.51188E-01
 2.60000E+01 4.36476E+02 8.52004E-01
 2.70000E+01 4.71112E+02 8.55579E-01
 2.80000E+01 4.96181E+02 8.59996E-01
 2.90000E+01 5.07943E+02 8.63558E-01
 3.00000E+01 5.19190E+02 8.67044E-01
 3.10000E+01 5.26973E+02 8.71683E-01
 3.20000E+01 5.20956E+02 8.77231E-01
 3.30000E+01 5.10683E+02 8.82494E-01
 3.40000E+01 4.83495E+02 8.87033E-01
 3.50000E+01 4.54033E+02 8.90155E-01
 3.60000E+01 4.15098E+02 8.91301E-01
 3.70000E+01 3.77135E+02 8.91289E-01
 3.80000E+01 3.46781E+02 8.91439E-01
 3.90000E+01 3.16607E+02 8.90013E-01
 4.00000E+01 2.92832E+02 8.87354E-01
