# n +  91Zr: Production of  88Zr - Total
# Q-value    =-2.84807E+01 mass=  87.910221
# E-threshold= 2.87967E+01
# # energies =    40
#     E          xs
 1.00000E+00 0.00000E+00
 2.00000E+00 0.00000E+00
 3.00000E+00 0.00000E+00
 4.00000E+00 0.00000E+00
 5.00000E+00 0.00000E+00
 6.00000E+00 0.00000E+00
 7.00000E+00 0.00000E+00
 8.00000E+00 0.00000E+00
 9.00000E+00 0.00000E+00
 1.00000E+01 0.00000E+00
 1.10000E+01 0.00000E+00
 1.20000E+01 0.00000E+00
 1.30000E+01 0.00000E+00
 1.40000E+01 0.00000E+00
 1.50000E+01 0.00000E+00
 1.60000E+01 0.00000E+00
 1.70000E+01 0.00000E+00
 1.80000E+01 0.00000E+00
 1.90000E+01 0.00000E+00
 2.00000E+01 0.00000E+00
 2.10000E+01 0.00000E+00
 2.20000E+01 0.00000E+00
 2.30000E+01 0.00000E+00
 2.40000E+01 0.00000E+00
 2.50000E+01 0.00000E+00
 2.60000E+01 0.00000E+00
 2.70000E+01 0.00000E+00
 2.80000E+01 0.00000E+00
 2.90000E+01 1.83795E-02
 3.00000E+01 7.58206E-01
 3.10000E+01 3.97720E+00
 3.20000E+01 1.24442E+01
 3.30000E+01 2.98476E+01
 3.40000E+01 5.65812E+01
 3.50000E+01 9.00054E+01
 3.60000E+01 1.26095E+02
 3.70000E+01 1.61896E+02
 3.80000E+01 1.91680E+02
 3.90000E+01 2.16421E+02
 4.00000E+01 2.36088E+02
