# n +  96Zr: Production of  96Zr - Total
# Q-value    =-1.58164E+00 mass=  95.908278
# E-threshold= 1.59827E+00
# # energies =    40
#     E          xs
 1.00000E+00 9.94700E-01
 2.00000E+00 1.06156E+03
 3.00000E+00 1.76787E+03
 4.00000E+00 1.87081E+03
 5.00000E+00 1.86621E+03
 6.00000E+00 1.88283E+03
 7.00000E+00 1.89135E+03
 8.00000E+00 1.85030E+03
 9.00000E+00 1.15557E+03
 1.00000E+01 7.69059E+02
 1.10000E+01 5.27910E+02
 1.20000E+01 3.96873E+02
 1.30000E+01 3.21244E+02
 1.40000E+01 2.82934E+02
 1.50000E+01 2.59288E+02
 1.60000E+01 2.42793E+02
 1.70000E+01 2.29626E+02
 1.80000E+01 2.18162E+02
 1.90000E+01 2.10971E+02
 2.00000E+01 2.00513E+02
 2.10000E+01 1.92423E+02
 2.20000E+01 1.86638E+02
 2.30000E+01 1.80870E+02
 2.40000E+01 1.70822E+02
 2.50000E+01 1.65523E+02
 2.60000E+01 1.61102E+02
 2.70000E+01 1.54162E+02
 2.80000E+01 1.50464E+02
 2.90000E+01 1.46535E+02
 3.00000E+01 1.41325E+02
 3.10000E+01 1.36454E+02
 3.20000E+01 1.32141E+02
 3.30000E+01 1.27938E+02
 3.40000E+01 1.24000E+02
 3.50000E+01 1.18823E+02
 3.60000E+01 1.14201E+02
 3.70000E+01 1.10323E+02
 3.80000E+01 1.06668E+02
 3.90000E+01 1.03305E+02
 4.00000E+01 1.00021E+02
