# n +  94Zr: Production of  95Zr - Total
# Q-value    = 6.46194E+00 mass=  94.908040
# E-threshold= 0.00000E+00
# # energies =    40
#     E          xs
 1.00000E+00 7.96932E+00
 2.00000E+00 5.03868E+00
 3.00000E+00 3.13783E+00
 4.00000E+00 2.27433E+00
 5.00000E+00 1.50302E+00
 6.00000E+00 9.65208E-01
 7.00000E+00 6.25591E-01
 8.00000E+00 4.85901E-01
 9.00000E+00 5.33724E-01
 1.00000E+01 7.13276E-01
 1.10000E+01 9.16729E-01
 1.20000E+01 1.05950E+00
 1.30000E+01 1.13851E+00
 1.40000E+01 1.16433E+00
 1.50000E+01 1.14753E+00
 1.60000E+01 1.07506E+00
 1.70000E+01 9.53435E-01
 1.80000E+01 8.20185E-01
 1.90000E+01 6.94964E-01
 2.00000E+01 5.91814E-01
 2.10000E+01 5.08941E-01
 2.20000E+01 4.49950E-01
 2.30000E+01 4.00045E-01
 2.40000E+01 3.61500E-01
 2.50000E+01 3.32201E-01
 2.60000E+01 3.07347E-01
 2.70000E+01 2.87601E-01
 2.80000E+01 2.66969E-01
 2.90000E+01 2.52560E-01
 3.00000E+01 2.39424E-01
 3.10000E+01 2.28003E-01
 3.20000E+01 2.17885E-01
 3.30000E+01 2.07201E-01
 3.40000E+01 1.99135E-01
 3.50000E+01 1.90950E-01
 3.60000E+01 1.80854E-01
 3.70000E+01 1.76875E-01
 3.80000E+01 1.66906E-01
 3.90000E+01 1.66655E-01
 4.00000E+01 1.56597E-01
