# n +  92Zr: Production of  93Zr - Total
# Q-value    = 6.73433E+00 mass=  92.906471
# E-threshold= 0.00000E+00
# # energies =    40
#     E          xs
 1.00000E+00 1.09461E+01
 2.00000E+00 6.71829E+00
 3.00000E+00 4.07054E+00
 4.00000E+00 2.92989E+00
 5.00000E+00 2.48405E+00
 6.00000E+00 2.08277E+00
 7.00000E+00 1.67629E+00
 8.00000E+00 1.37206E+00
 9.00000E+00 1.22969E+00
 1.00000E+01 1.22934E+00
 1.10000E+01 1.28677E+00
 1.20000E+01 1.34651E+00
 1.30000E+01 1.35288E+00
 1.40000E+01 1.33813E+00
 1.50000E+01 1.26806E+00
 1.60000E+01 1.16485E+00
 1.70000E+01 1.01825E+00
 1.80000E+01 8.76093E-01
 1.90000E+01 7.42989E-01
 2.00000E+01 6.28646E-01
 2.10000E+01 5.44048E-01
 2.20000E+01 4.78103E-01
 2.30000E+01 4.26459E-01
 2.40000E+01 3.86208E-01
 2.50000E+01 3.54357E-01
 2.60000E+01 3.26544E-01
 2.70000E+01 3.05552E-01
 2.80000E+01 2.86853E-01
 2.90000E+01 2.72346E-01
 3.00000E+01 2.57969E-01
 3.10000E+01 2.43643E-01
 3.20000E+01 2.32583E-01
 3.30000E+01 2.22485E-01
 3.40000E+01 2.12990E-01
 3.50000E+01 2.04393E-01
 3.60000E+01 1.96708E-01
 3.70000E+01 1.84586E-01
 3.80000E+01 1.82962E-01
 3.90000E+01 1.73199E-01
 4.00000E+01 1.73188E-01
