# n +  94Zr: Production of  93Zr - Total
# Q-value    =-8.21861E+00 mass=  92.906471
# E-threshold= 8.30689E+00
# # energies =    40
#     E          xs
 1.00000E+00 0.00000E+00
 2.00000E+00 0.00000E+00
 3.00000E+00 0.00000E+00
 4.00000E+00 0.00000E+00
 5.00000E+00 0.00000E+00
 6.00000E+00 0.00000E+00
 7.00000E+00 0.00000E+00
 8.00000E+00 0.00000E+00
 9.00000E+00 5.00747E+02
 1.00000E+01 9.83434E+02
 1.10000E+01 1.26691E+03
 1.20000E+01 1.38720E+03
 1.30000E+01 1.44211E+03
 1.40000E+01 1.46176E+03
 1.50000E+01 1.47047E+03
 1.60000E+01 1.45099E+03
 1.70000E+01 1.34953E+03
 1.80000E+01 1.15620E+03
 1.90000E+01 9.36572E+02
 2.00000E+01 7.44988E+02
 2.10000E+01 5.97761E+02
 2.20000E+01 4.95794E+02
 2.30000E+01 4.27949E+02
 2.40000E+01 3.79932E+02
 2.50000E+01 3.46692E+02
 2.60000E+01 3.25178E+02
 2.70000E+01 3.07945E+02
 2.80000E+01 2.91832E+02
 2.90000E+01 2.83571E+02
 3.00000E+01 2.71074E+02
 3.10000E+01 2.62620E+02
 3.20000E+01 2.52181E+02
 3.30000E+01 2.46091E+02
 3.40000E+01 2.38543E+02
 3.50000E+01 2.30089E+02
 3.60000E+01 2.24025E+02
 3.70000E+01 2.18019E+02
 3.80000E+01 2.12490E+02
 3.90000E+01 2.05832E+02
 4.00000E+01 2.00062E+02
