# n +  91Zr: Production of  92Zr - Total
# Q-value    = 8.63478E+00 mass=  91.905035
# E-threshold= 0.00000E+00
# # energies =    40
#     E          xs
 1.00000E+00 1.16153E+01
 2.00000E+00 1.44309E+01
 3.00000E+00 4.36070E+00
 4.00000E+00 2.03492E+00
 5.00000E+00 1.38608E+00
 6.00000E+00 1.12338E+00
 7.00000E+00 1.04400E+00
 8.00000E+00 1.05795E+00
 9.00000E+00 1.12437E+00
 1.00000E+01 1.16632E+00
 1.10000E+01 1.17808E+00
 1.20000E+01 1.16645E+00
 1.30000E+01 1.14268E+00
 1.40000E+01 1.08389E+00
 1.50000E+01 1.00486E+00
 1.60000E+01 8.69862E-01
 1.70000E+01 7.52624E-01
 1.80000E+01 6.48046E-01
 1.90000E+01 5.28789E-01
 2.00000E+01 4.62298E-01
 2.10000E+01 4.03978E-01
 2.20000E+01 3.53550E-01
 2.30000E+01 3.24023E-01
 2.40000E+01 2.99742E-01
 2.50000E+01 2.76073E-01
 2.60000E+01 2.58596E-01
 2.70000E+01 2.43851E-01
 2.80000E+01 2.32837E-01
 2.90000E+01 2.20139E-01
 3.00000E+01 2.11925E-01
 3.10000E+01 2.04945E-01
 3.20000E+01 1.94323E-01
 3.30000E+01 1.88158E-01
 3.40000E+01 1.79895E-01
 3.50000E+01 1.73251E-01
 3.60000E+01 1.65597E-01
 3.70000E+01 1.64868E-01
 3.80000E+01 1.59484E-01
 3.90000E+01 1.55777E-01
 4.00000E+01 1.49103E-01
