# n +  91Zr: Production of  91Zr - Total
# Q-value    =-1.20481E+00 mass=  90.905640
# E-threshold= 1.21818E+00
# # energies =    40
#     E          xs
 1.00000E+00 2.83205E-01
 2.00000E+00 7.93048E+02
 3.00000E+00 1.72135E+03
 4.00000E+00 1.77022E+03
 5.00000E+00 1.71339E+03
 6.00000E+00 1.72794E+03
 7.00000E+00 1.75325E+03
 8.00000E+00 1.62918E+03
 9.00000E+00 1.38826E+03
 1.00000E+01 1.12378E+03
 1.10000E+01 8.18365E+02
 1.20000E+01 5.92155E+02
 1.30000E+01 4.72770E+02
 1.40000E+01 4.06267E+02
 1.50000E+01 3.71629E+02
 1.60000E+01 3.47701E+02
 1.70000E+01 3.29969E+02
 1.80000E+01 3.15000E+02
 1.90000E+01 3.00953E+02
 2.00000E+01 2.87228E+02
 2.10000E+01 2.78374E+02
 2.20000E+01 2.68866E+02
 2.30000E+01 2.59972E+02
 2.40000E+01 2.46889E+02
 2.50000E+01 2.38861E+02
 2.60000E+01 2.29219E+02
 2.70000E+01 2.22723E+02
 2.80000E+01 2.17822E+02
 2.90000E+01 2.08974E+02
 3.00000E+01 2.03620E+02
 3.10000E+01 1.98427E+02
 3.20000E+01 1.90357E+02
 3.30000E+01 1.83742E+02
 3.40000E+01 1.78185E+02
 3.50000E+01 1.73006E+02
 3.60000E+01 1.65808E+02
 3.70000E+01 1.59631E+02
 3.80000E+01 1.54658E+02
 3.90000E+01 1.50116E+02
 4.00000E+01 1.45552E+02
