# n +  90Zr: Production of  91Zr - Total
# Q-value    = 7.19435E+00 mass=  90.905640
# E-threshold= 0.00000E+00
# # energies =    40
#     E          xs
 1.00000E+00 1.37700E+01
 2.00000E+00 2.70883E+01
 3.00000E+00 1.22453E+01
 4.00000E+00 9.83713E+00
 5.00000E+00 6.91833E+00
 6.00000E+00 4.78222E+00
 7.00000E+00 3.17069E+00
 8.00000E+00 2.18245E+00
 9.00000E+00 1.65989E+00
 1.00000E+01 1.48462E+00
 1.10000E+01 1.44558E+00
 1.20000E+01 1.41040E+00
 1.30000E+01 1.35351E+00
 1.40000E+01 1.27385E+00
 1.50000E+01 1.20855E+00
 1.60000E+01 1.08201E+00
 1.70000E+01 9.67145E-01
 1.80000E+01 8.07833E-01
 1.90000E+01 6.62019E-01
 2.00000E+01 5.52020E-01
 2.10000E+01 4.43551E-01
 2.20000E+01 3.85346E-01
 2.30000E+01 3.41448E-01
 2.40000E+01 3.01934E-01
 2.50000E+01 2.74147E-01
 2.60000E+01 2.55737E-01
 2.70000E+01 2.41760E-01
 2.80000E+01 2.24883E-01
 2.90000E+01 2.11961E-01
 3.00000E+01 2.03382E-01
 3.10000E+01 1.96076E-01
 3.20000E+01 1.89080E-01
 3.30000E+01 1.81403E-01
 3.40000E+01 1.72623E-01
 3.50000E+01 1.67642E-01
 3.60000E+01 1.58999E-01
 3.70000E+01 1.54342E-01
 3.80000E+01 1.50453E-01
 3.90000E+01 1.47673E-01
 4.00000E+01 1.42958E-01
