# n +  92Zr: Production of  89Zr - Level  1     0.58782 MeV
# Q-value    =-2.83853E+01 mass=  88.908882
# E-threshold= 2.86968E+01
# # energies =    40
#     E          xs      Branching
 1.00000E+00 0.00000E+00 0.00000E+00
 2.00000E+00 0.00000E+00 0.00000E+00
 3.00000E+00 0.00000E+00 0.00000E+00
 4.00000E+00 0.00000E+00 0.00000E+00
 5.00000E+00 0.00000E+00 0.00000E+00
 6.00000E+00 0.00000E+00 0.00000E+00
 7.00000E+00 0.00000E+00 0.00000E+00
 8.00000E+00 0.00000E+00 0.00000E+00
 9.00000E+00 0.00000E+00 0.00000E+00
 1.00000E+01 0.00000E+00 0.00000E+00
 1.10000E+01 0.00000E+00 0.00000E+00
 1.20000E+01 0.00000E+00 0.00000E+00
 1.30000E+01 0.00000E+00 0.00000E+00
 1.40000E+01 0.00000E+00 0.00000E+00
 1.50000E+01 0.00000E+00 0.00000E+00
 1.60000E+01 0.00000E+00 0.00000E+00
 1.70000E+01 0.00000E+00 0.00000E+00
 1.80000E+01 0.00000E+00 0.00000E+00
 1.90000E+01 0.00000E+00 0.00000E+00
 2.00000E+01 0.00000E+00 0.00000E+00
 2.10000E+01 0.00000E+00 0.00000E+00
 2.20000E+01 0.00000E+00 0.00000E+00
 2.30000E+01 0.00000E+00 0.00000E+00
 2.40000E+01 0.00000E+00 0.00000E+00
 2.50000E+01 0.00000E+00 0.00000E+00
 2.60000E+01 0.00000E+00 0.00000E+00
 2.70000E+01 0.00000E+00 0.00000E+00
 2.80000E+01 0.00000E+00 0.00000E+00
 2.90000E+01 4.44581E-02 8.97525E-03
 3.00000E+01 1.11582E+00 4.74183E-02
 3.10000E+01 4.80774E+00 9.32695E-02
 3.20000E+01 1.06476E+01 1.03605E-01
 3.30000E+01 1.90755E+01 1.24552E-01
 3.40000E+01 2.69924E+01 1.32178E-01
 3.50000E+01 3.40969E+01 1.34458E-01
 3.60000E+01 3.99635E+01 1.34878E-01
 3.70000E+01 4.43124E+01 1.33371E-01
 3.80000E+01 4.68669E+01 1.30576E-01
 3.90000E+01 4.82857E+01 1.28788E-01
 4.00000E+01 4.92573E+01 1.25327E-01
