# n +  96Zr: Production of  93Zr - Total
# Q-value    =-2.25308E+01 mass=  92.906471
# E-threshold= 2.27677E+01
# # energies =    40
#     E          xs
 1.00000E+00 0.00000E+00
 2.00000E+00 0.00000E+00
 3.00000E+00 0.00000E+00
 4.00000E+00 0.00000E+00
 5.00000E+00 0.00000E+00
 6.00000E+00 0.00000E+00
 7.00000E+00 0.00000E+00
 8.00000E+00 0.00000E+00
 9.00000E+00 0.00000E+00
 1.00000E+01 0.00000E+00
 1.10000E+01 0.00000E+00
 1.20000E+01 0.00000E+00
 1.30000E+01 0.00000E+00
 1.40000E+01 0.00000E+00
 1.50000E+01 0.00000E+00
 1.60000E+01 0.00000E+00
 1.70000E+01 0.00000E+00
 1.80000E+01 0.00000E+00
 1.90000E+01 0.00000E+00
 2.00000E+01 0.00000E+00
 2.10000E+01 0.00000E+00
 2.20000E+01 0.00000E+00
 2.30000E+01 1.85181E-01
 2.40000E+01 1.38300E+01
 2.50000E+01 5.34800E+01
 2.60000E+01 1.25046E+02
 2.70000E+01 2.21553E+02
 2.80000E+01 3.15254E+02
 2.90000E+01 4.05524E+02
 3.00000E+01 4.83731E+02
 3.10000E+01 5.46859E+02
 3.20000E+01 5.93476E+02
 3.30000E+01 6.19297E+02
 3.40000E+01 6.23692E+02
 3.50000E+01 6.08019E+02
 3.60000E+01 5.77120E+02
 3.70000E+01 5.40396E+02
 3.80000E+01 4.95047E+02
 3.90000E+01 4.50932E+02
 4.00000E+01 4.11009E+02
