# n +  91Zr: Production of  89Zr - Level  1     0.58782 MeV
# Q-value    =-1.97505E+01 mass=  88.908882
# E-threshold= 1.99696E+01
# # energies =    40
#     E          xs      Branching
 1.00000E+00 0.00000E+00 0.00000E+00
 2.00000E+00 0.00000E+00 0.00000E+00
 3.00000E+00 0.00000E+00 0.00000E+00
 4.00000E+00 0.00000E+00 0.00000E+00
 5.00000E+00 0.00000E+00 0.00000E+00
 6.00000E+00 0.00000E+00 0.00000E+00
 7.00000E+00 0.00000E+00 0.00000E+00
 8.00000E+00 0.00000E+00 0.00000E+00
 9.00000E+00 0.00000E+00 0.00000E+00
 1.00000E+01 0.00000E+00 0.00000E+00
 1.10000E+01 0.00000E+00 0.00000E+00
 1.20000E+01 0.00000E+00 0.00000E+00
 1.30000E+01 0.00000E+00 0.00000E+00
 1.40000E+01 0.00000E+00 0.00000E+00
 1.50000E+01 0.00000E+00 0.00000E+00
 1.60000E+01 0.00000E+00 0.00000E+00
 1.70000E+01 0.00000E+00 0.00000E+00
 1.80000E+01 0.00000E+00 0.00000E+00
 1.90000E+01 0.00000E+00 0.00000E+00
 2.00000E+01 1.06119E-02 6.18024E-04
 2.10000E+01 4.44809E+00 5.18069E-02
 2.20000E+01 1.83913E+01 9.75854E-02
 2.30000E+01 3.80544E+01 1.30348E-01
 2.40000E+01 5.47711E+01 1.40872E-01
 2.50000E+01 6.83789E+01 1.48812E-01
 2.60000E+01 7.58173E+01 1.47996E-01
 2.70000E+01 7.95233E+01 1.44421E-01
 2.80000E+01 8.07766E+01 1.40004E-01
 2.90000E+01 8.02551E+01 1.36442E-01
 3.00000E+01 7.96146E+01 1.32956E-01
 3.10000E+01 7.75740E+01 1.28318E-01
 3.20000E+01 7.29081E+01 1.22769E-01
 3.30000E+01 6.79986E+01 1.17506E-01
 3.40000E+01 6.15747E+01 1.12967E-01
 3.50000E+01 5.60274E+01 1.09845E-01
 3.60000E+01 5.06233E+01 1.08699E-01
 3.70000E+01 4.59995E+01 1.08711E-01
 3.80000E+01 4.22317E+01 1.08561E-01
 3.90000E+01 3.91259E+01 1.09987E-01
 4.00000E+01 3.71737E+01 1.12646E-01
