# n +  91Zr Total cross sections
# 
# 
# # energies =    40
#    E      Cross section
 1.00000E+00 7.02852E+03
 2.00000E+00 4.88040E+03
 3.00000E+00 4.05887E+03
 4.00000E+00 3.67674E+03
 5.00000E+00 3.64279E+03
 6.00000E+00 3.81099E+03
 7.00000E+00 4.01348E+03
 8.00000E+00 4.16177E+03
 9.00000E+00 4.24109E+03
 1.00000E+01 4.25731E+03
 1.10000E+01 4.22172E+03
 1.20000E+01 4.15092E+03
 1.30000E+01 4.05974E+03
 1.40000E+01 3.95727E+03
 1.50000E+01 3.84911E+03
 1.60000E+01 3.74004E+03
 1.70000E+01 3.63392E+03
 1.80000E+01 3.53226E+03
 1.90000E+01 3.43433E+03
 2.00000E+01 3.33911E+03
 2.10000E+01 3.24712E+03
 2.20000E+01 3.16052E+03
 2.30000E+01 3.08211E+03
 2.40000E+01 3.01418E+03
 2.50000E+01 2.95801E+03
 2.60000E+01 2.91379E+03
 2.70000E+01 2.88081E+03
 2.80000E+01 2.85777E+03
 2.90000E+01 2.84312E+03
 3.00000E+01 2.83537E+03
 3.10000E+01 2.83328E+03
 3.20000E+01 2.83587E+03
 3.30000E+01 2.84247E+03
 3.40000E+01 2.85258E+03
 3.50000E+01 2.86579E+03
 3.60000E+01 2.88169E+03
 3.70000E+01 2.89986E+03
 3.80000E+01 2.91986E+03
 3.90000E+01 2.94123E+03
 4.00000E+01 2.96350E+03
