# n +  94Zr Total cross sections
# 
# 
# # energies =    40
#     E      Non-elastic    Elastic     Total     Comp. el.   Shape el.   Reaction   Comp. nonel   Direct    Pre-equil.  Dir. Capt.
 1.00000E+00 4.66281E+02 6.74041E+03 7.20669E+03 2.17114E+03 4.56927E+03 2.63742E+03 4.66281E+02 0.00000E+00 0.00000E+00 0.00000E+00
 2.00000E+00 1.61975E+03 3.37010E+03 4.98986E+03 6.64974E+02 2.70513E+03 2.28472E+03 1.52514E+03 9.46106E+01 0.00000E+00 0.00000E+00
 3.00000E+00 1.88838E+03 2.17595E+03 4.06434E+03 2.12042E+02 1.96391E+03 2.10042E+03 1.76525E+03 1.23127E+02 0.00000E+00 0.00000E+00
 4.00000E+00 1.81708E+03 1.82674E+03 3.64382E+03 5.96377E+01 1.76710E+03 1.87672E+03 1.67664E+03 1.23655E+02 1.57918E+01 0.00000E+00
 5.00000E+00 1.78317E+03 1.82801E+03 3.61119E+03 1.46910E+01 1.81332E+03 1.79786E+03 1.62097E+03 1.16724E+02 4.38041E+01 0.00000E+00
 6.00000E+00 1.80518E+03 1.97173E+03 3.77692E+03 3.73778E+00 1.96799E+03 1.80892E+03 1.61674E+03 1.13337E+02 7.28818E+01 0.00000E+00
 7.00000E+00 1.82545E+03 2.14745E+03 3.97290E+03 9.55257E-01 2.14649E+03 1.82641E+03 1.60330E+03 1.11445E+02 1.05456E+02 0.00000E+00
 8.00000E+00 1.82290E+03 2.29598E+03 4.11888E+03 2.42561E-01 2.29574E+03 1.82314E+03 1.56134E+03 1.08932E+02 1.34762E+02 0.00000E+00
 9.00000E+00 1.80589E+03 2.39363E+03 4.19952E+03 3.03820E-02 2.39360E+03 1.80592E+03 1.51288E+03 1.05103E+02 1.67673E+02 0.00000E+00
 1.00000E+01 1.78399E+03 2.43835E+03 4.22235E+03 8.61222E-03 2.43834E+03 1.78400E+03 1.46034E+03 1.00499E+02 2.02081E+02 0.00000E+00
 1.10000E+01 1.76380E+03 2.43737E+03 4.20117E+03 2.60697E-03 2.43737E+03 1.76380E+03 1.41001E+03 9.59366E+01 2.37265E+02 0.00000E+00
 1.20000E+01 1.74881E+03 2.40083E+03 4.14964E+03 8.40394E-04 2.40083E+03 1.74881E+03 1.36340E+03 9.18701E+01 2.73635E+02 0.00000E+00
 1.30000E+01 1.73906E+03 2.33843E+03 4.07749E+03 2.87164E-04 2.33843E+03 1.73906E+03 1.32034E+03 8.83708E+01 3.10905E+02 0.00000E+00
 1.40000E+01 1.73278E+03 2.25813E+03 3.99092E+03 1.03214E-04 2.25813E+03 1.73278E+03 1.27914E+03 8.55715E+01 3.48955E+02 0.00000E+00
 1.50000E+01 1.72877E+03 2.16632E+03 3.89509E+03 3.86702E-05 2.16632E+03 1.72877E+03 1.23907E+03 8.31607E+01 3.87373E+02 0.00000E+00
 1.60000E+01 1.72650E+03 2.06842E+03 3.79491E+03 1.50467E-05 2.06842E+03 1.72650E+03 1.19938E+03 8.11796E+01 4.26216E+02 0.00000E+00
 1.70000E+01 1.72476E+03 1.96901E+03 3.69377E+03 6.08185E-06 1.96901E+03 1.72476E+03 1.15914E+03 7.95532E+01 4.65329E+02 0.00000E+00
 1.80000E+01 1.72126E+03 1.87156E+03 3.59282E+03 2.56472E-06 1.87156E+03 1.72126E+03 1.11779E+03 7.82316E+01 5.03877E+02 0.00000E+00
 1.90000E+01 1.71391E+03 1.77827E+03 3.49218E+03 1.14034E-06 1.77827E+03 1.71391E+03 1.07490E+03 7.67785E+01 5.40556E+02 0.00000E+00
 2.00000E+01 1.70222E+03 1.69055E+03 3.39277E+03 5.47131E-07 1.69055E+03 1.70222E+03 1.03078E+03 7.50489E+01 5.74370E+02 0.00000E+00
 2.10000E+01 1.68735E+03 1.60956E+03 3.29691E+03 2.95684E-07 1.60956E+03 1.68735E+03 9.87321E+02 7.34868E+01 6.04042E+02 0.00000E+00
 2.20000E+01 1.67122E+03 1.53643E+03 3.20765E+03 1.86327E-07 1.53643E+03 1.67122E+03 9.35446E+02 7.20394E+01 6.40726E+02 0.00000E+00
 2.30000E+01 1.65551E+03 1.47218E+03 3.12770E+03 1.39090E-07 1.47218E+03 1.65551E+03 8.93797E+02 7.04780E+01 6.67771E+02 0.00000E+00
 2.40000E+01 1.64123E+03 1.41762E+03 3.05885E+03 1.18040E-07 1.41762E+03 1.64123E+03 8.54302E+02 6.89904E+01 6.94067E+02 0.00000E+00
 2.50000E+01 1.62862E+03 1.37315E+03 3.00177E+03 1.08497E-07 1.37315E+03 1.62862E+03 8.18056E+02 6.75972E+01 7.18703E+02 0.00000E+00
 2.60000E+01 1.61736E+03 1.33879E+03 2.95615E+03 1.04078E-07 1.33879E+03 1.61736E+03 7.84914E+02 6.63176E+01 7.41336E+02 0.00000E+00
 2.70000E+01 1.60685E+03 1.31410E+03 2.92095E+03 1.01989E-07 1.31410E+03 1.60685E+03 7.53005E+02 6.50567E+01 7.63261E+02 0.00000E+00
 2.80000E+01 1.59645E+03 1.29834E+03 2.89480E+03 1.00984E-07 1.29834E+03 1.59645E+03 7.22493E+02 6.39225E+01 7.83730E+02 0.00000E+00
 2.90000E+01 1.58570E+03 1.29057E+03 2.87628E+03 1.00493E-07 1.29057E+03 1.58570E+03 6.93376E+02 6.27826E+01 8.02534E+02 0.00000E+00
 3.00000E+01 1.57441E+03 1.28978E+03 2.86419E+03 1.00249E-07 1.28978E+03 1.57441E+03 6.65559E+02 6.16148E+01 8.19700E+02 0.00000E+00
 3.10000E+01 1.56261E+03 1.29503E+03 2.85764E+03 1.00128E-07 1.29503E+03 1.56261E+03 6.39186E+02 6.05259E+01 8.34899E+02 0.00000E+00
 3.20000E+01 1.55051E+03 1.30548E+03 2.85598E+03 1.00066E-07 1.30548E+03 1.55051E+03 6.13383E+02 5.96325E+01 8.49007E+02 0.00000E+00
 3.30000E+01 1.53834E+03 1.32042E+03 2.85876E+03 1.00034E-07 1.32042E+03 1.53834E+03 5.89087E+02 5.84291E+01 8.61813E+02 0.00000E+00
 3.40000E+01 1.52634E+03 1.33926E+03 2.86560E+03 1.00018E-07 1.33926E+03 1.52634E+03 5.66074E+02 5.72227E+01 8.73526E+02 0.00000E+00
 3.50000E+01 1.51465E+03 1.36144E+03 2.87609E+03 1.00010E-07 1.36144E+03 1.51465E+03 5.44295E+02 5.60339E+01 8.84363E+02 0.00000E+00
 3.60000E+01 1.50333E+03 1.38647E+03 2.88981E+03 1.00005E-07 1.38647E+03 1.50333E+03 5.23679E+02 5.49017E+01 8.94429E+02 0.00000E+00
 3.70000E+01 1.49240E+03 1.41386E+03 2.90626E+03 1.00003E-07 1.41386E+03 1.49240E+03 5.04170E+02 5.37763E+01 9.03845E+02 0.00000E+00
 3.80000E+01 1.48180E+03 1.44311E+03 2.92491E+03 1.00002E-07 1.44311E+03 1.48180E+03 4.85761E+02 5.26701E+01 9.12554E+02 0.00000E+00
 3.90000E+01 1.47148E+03 1.47376E+03 2.94524E+03 1.00001E-07 1.47376E+03 1.47148E+03 4.68290E+02 5.15952E+01 9.20662E+02 0.00000E+00
 4.00000E+01 1.46138E+03 1.50533E+03 2.96672E+03 1.00000E-07 1.50533E+03 1.46138E+03 4.51555E+02 5.05674E+01 9.28290E+02 0.00000E+00
