# n +  91Zr Total cross sections
# 
# 
# # energies =    40
#     E      Non-elastic    Elastic     Total     Comp. el.   Shape el.   Reaction   Comp. nonel   Direct    Pre-equil.  Dir. Capt.
 1.00000E+00 1.19226E+01 7.01659E+03 7.02852E+03 2.56809E+03 4.44850E+03 2.58001E+03 1.19226E+01 0.00000E+00 0.00000E+00 0.00000E+00
 2.00000E+00 8.07604E+02 4.07280E+03 4.88040E+03 1.47515E+03 2.59765E+03 2.28275E+03 6.95969E+02 1.11635E+02 0.00000E+00 0.00000E+00
 3.00000E+00 1.72590E+03 2.33297E+03 4.05887E+03 3.86096E+02 1.94687E+03 2.11200E+03 1.51233E+03 2.13522E+02 5.52297E-02 0.00000E+00
 4.00000E+00 1.77234E+03 1.90440E+03 3.67674E+03 8.04169E+01 1.82398E+03 1.85276E+03 1.50889E+03 2.29008E+02 2.12571E+01 0.00000E+00
 5.00000E+00 1.71492E+03 1.92787E+03 3.64279E+03 2.17535E+01 1.90612E+03 1.73667E+03 1.42655E+03 2.17397E+02 5.09062E+01 0.00000E+00
 6.00000E+00 1.72949E+03 2.08150E+03 3.81099E+03 6.89760E+00 2.07460E+03 1.73639E+03 1.41368E+03 1.99606E+02 9.11473E+01 0.00000E+00
 7.00000E+00 1.75550E+03 2.25798E+03 4.01348E+03 2.32279E+00 2.25566E+03 1.75782E+03 1.40717E+03 1.87764E+02 1.34414E+02 0.00000E+00
 8.00000E+00 1.76073E+03 2.40104E+03 4.16177E+03 5.86781E-01 2.40045E+03 1.76132E+03 1.35716E+03 1.81395E+02 1.73403E+02 0.00000E+00
 9.00000E+00 1.75239E+03 2.48870E+03 4.24109E+03 2.03048E-01 2.48850E+03 1.75259E+03 1.30946E+03 1.75790E+02 2.14405E+02 0.00000E+00
 1.00000E+01 1.73748E+03 2.51983E+03 4.25731E+03 7.25650E-02 2.51976E+03 1.73755E+03 1.25904E+03 1.68564E+02 2.55592E+02 0.00000E+00
 1.10000E+01 1.71867E+03 2.50305E+03 4.22172E+03 2.68019E-02 2.50302E+03 1.71870E+03 1.20795E+03 1.60320E+02 2.97469E+02 0.00000E+00
 1.20000E+01 1.70102E+03 2.44990E+03 4.15092E+03 1.02201E-02 2.44989E+03 1.70103E+03 1.15848E+03 1.52453E+02 3.39358E+02 0.00000E+00
 1.30000E+01 1.68809E+03 2.37165E+03 4.05974E+03 4.02407E-03 2.37165E+03 1.68809E+03 1.11164E+03 1.45900E+02 3.81719E+02 0.00000E+00
 1.40000E+01 1.67977E+03 2.27750E+03 3.95727E+03 1.62564E-03 2.27750E+03 1.67977E+03 1.06681E+03 1.40401E+02 4.25261E+02 0.00000E+00
 1.50000E+01 1.67479E+03 2.17432E+03 3.84911E+03 6.71293E-04 2.17432E+03 1.67479E+03 1.02365E+03 1.36159E+02 4.68832E+02 0.00000E+00
 1.60000E+01 1.67248E+03 2.06756E+03 3.74004E+03 2.83164E-04 2.06756E+03 1.67248E+03 9.81991E+02 1.32474E+02 5.12395E+02 0.00000E+00
 1.70000E+01 1.67212E+03 1.96180E+03 3.63392E+03 1.22249E-04 1.96180E+03 1.67212E+03 9.43124E+02 1.29182E+02 5.54083E+02 0.00000E+00
 1.80000E+01 1.67172E+03 1.86054E+03 3.53226E+03 5.39661E-05 1.86054E+03 1.67172E+03 9.05322E+02 1.26278E+02 5.94422E+02 0.00000E+00
 1.90000E+01 1.66849E+03 1.76585E+03 3.43433E+03 2.42663E-05 1.76585E+03 1.66849E+03 8.66451E+02 1.23628E+02 6.33168E+02 0.00000E+00
 2.00000E+01 1.66052E+03 1.67859E+03 3.33911E+03 1.11047E-05 1.67859E+03 1.66052E+03 8.26535E+02 1.20851E+02 6.68374E+02 0.00000E+00
 2.10000E+01 1.64795E+03 1.59916E+03 3.24712E+03 5.17814E-06 1.59916E+03 1.64795E+03 7.86058E+02 1.18145E+02 6.99301E+02 0.00000E+00
 2.20000E+01 1.63244E+03 1.52808E+03 3.16052E+03 2.44399E-06 1.52808E+03 1.63244E+03 7.37589E+02 1.15246E+02 7.35336E+02 0.00000E+00
 2.30000E+01 1.61606E+03 1.46606E+03 3.08211E+03 1.20803E-06 1.46606E+03 1.61606E+03 6.99013E+02 1.12088E+02 7.60842E+02 0.00000E+00
 2.40000E+01 1.60042E+03 1.41377E+03 3.01418E+03 6.32079E-07 1.41377E+03 1.60042E+03 6.63854E+02 1.08989E+02 7.83621E+02 0.00000E+00
 2.50000E+01 1.58635E+03 1.37166E+03 2.95801E+03 3.58754E-07 1.37166E+03 1.58635E+03 6.30347E+02 1.06037E+02 8.06131E+02 0.00000E+00
 2.60000E+01 1.57396E+03 1.33984E+03 2.91379E+03 2.27675E-07 1.33984E+03 1.57396E+03 5.99454E+02 1.03200E+02 8.27493E+02 0.00000E+00
 2.70000E+01 1.56286E+03 1.31795E+03 2.88081E+03 1.63840E-07 1.31795E+03 1.56286E+03 5.70610E+02 1.00617E+02 8.47466E+02 0.00000E+00
 2.80000E+01 1.55246E+03 1.30530E+03 2.85777E+03 1.32320E-07 1.30530E+03 1.55246E+03 5.43718E+02 9.83633E+01 8.65846E+02 0.00000E+00
 2.90000E+01 1.54219E+03 1.30093E+03 2.84312E+03 1.16549E-07 1.30093E+03 1.54219E+03 5.18216E+02 9.62077E+01 8.82878E+02 0.00000E+00
 3.00000E+01 1.53165E+03 1.30373E+03 2.83537E+03 1.08556E-07 1.30373E+03 1.53165E+03 4.93907E+02 9.42146E+01 8.98468E+02 0.00000E+00
 3.10000E+01 1.52067E+03 1.31260E+03 2.83328E+03 1.04467E-07 1.31260E+03 1.52067E+03 4.70831E+02 9.22132E+01 9.12523E+02 0.00000E+00
 3.20000E+01 1.50931E+03 1.32656E+03 2.83587E+03 1.02352E-07 1.32656E+03 1.50931E+03 4.48893E+02 9.01269E+01 9.25150E+02 0.00000E+00
 3.30000E+01 1.49772E+03 1.34475E+03 2.84247E+03 1.01249E-07 1.34475E+03 1.49772E+03 4.28083E+02 8.79590E+01 9.36452E+02 0.00000E+00
 3.40000E+01 1.48612E+03 1.36646E+03 2.85258E+03 1.00669E-07 1.36646E+03 1.48612E+03 4.08292E+02 8.58455E+01 9.46643E+02 0.00000E+00
 3.50000E+01 1.47469E+03 1.39110E+03 2.86579E+03 1.00361E-07 1.39110E+03 1.47469E+03 3.89576E+02 8.37812E+01 9.55912E+02 0.00000E+00
 3.60000E+01 1.46355E+03 1.41813E+03 2.88169E+03 1.00196E-07 1.41813E+03 1.46355E+03 3.71862E+02 8.17176E+01 9.64532E+02 0.00000E+00
 3.70000E+01 1.45277E+03 1.44709E+03 2.89986E+03 1.00108E-07 1.44709E+03 1.45277E+03 3.55230E+02 7.97232E+01 9.72424E+02 0.00000E+00
 3.80000E+01 1.44233E+03 1.47753E+03 2.91986E+03 1.00059E-07 1.47753E+03 1.44233E+03 3.39400E+02 7.77883E+01 9.79856E+02 0.00000E+00
 3.90000E+01 1.43222E+03 1.50901E+03 2.94123E+03 1.00033E-07 1.50901E+03 1.43222E+03 3.23949E+02 7.65051E+01 9.86672E+02 0.00000E+00
 4.00000E+01 1.42239E+03 1.54111E+03 2.96350E+03 1.00018E-07 1.54111E+03 1.42239E+03 3.09741E+02 7.46660E+01 9.93179E+02 0.00000E+00
