# n +  96Zr Total cross sections
# 
# 
# # energies =    40
#    E      Cross section
 1.00000E+00 6.85823E+03
 2.00000E+00 4.90710E+03
 3.00000E+00 4.08583E+03
 4.00000E+00 3.73282E+03
 5.00000E+00 3.72512E+03
 6.00000E+00 3.88848E+03
 7.00000E+00 4.07136E+03
 8.00000E+00 4.20411E+03
 9.00000E+00 4.27463E+03
 1.00000E+01 4.28974E+03
 1.10000E+01 4.26175E+03
 1.20000E+01 4.20349E+03
 1.30000E+01 4.12459E+03
 1.40000E+01 4.03168E+03
 1.50000E+01 3.93049E+03
 1.60000E+01 3.82620E+03
 1.70000E+01 3.72203E+03
 1.80000E+01 3.61869E+03
 1.90000E+01 3.51605E+03
 2.00000E+01 3.41506E+03
 2.10000E+01 3.31824E+03
 2.20000E+01 3.22878E+03
 2.30000E+01 3.14946E+03
 2.40000E+01 3.08200E+03
 2.50000E+01 3.02690E+03
 2.60000E+01 2.98365E+03
 2.70000E+01 2.95105E+03
 2.80000E+01 2.92755E+03
 2.90000E+01 2.91168E+03
 3.00000E+01 2.90218E+03
 3.10000E+01 2.89816E+03
 3.20000E+01 2.89899E+03
 3.30000E+01 2.90421E+03
 3.40000E+01 2.91343E+03
 3.50000E+01 2.92624E+03
 3.60000E+01 2.94218E+03
 3.70000E+01 2.96073E+03
 3.80000E+01 2.98133E+03
 3.90000E+01 3.00344E+03
 4.00000E+01 3.02653E+03
