# n +  96Zr Total cross sections
# 
# 
# # energies =    40
#     E      Non-elastic    Elastic     Total     Comp. el.   Shape el.   Reaction   Comp. nonel   Direct    Pre-equil.  Dir. Capt.
 1.00000E+00 3.11458E+01 6.82708E+03 6.85823E+03 2.66411E+03 4.16297E+03 2.69526E+03 3.11458E+01 0.00000E+00 0.00000E+00 0.00000E+00
 2.00000E+00 1.09322E+03 3.81388E+03 4.90710E+03 1.26928E+03 2.54460E+03 2.36250E+03 1.07775E+03 1.54687E+01 0.00000E+00 0.00000E+00
 3.00000E+00 1.78916E+03 2.29668E+03 4.08583E+03 3.96616E+02 1.90006E+03 2.18578E+03 1.73927E+03 4.98980E+01 0.00000E+00 0.00000E+00
 4.00000E+00 1.88421E+03 1.84861E+03 3.73282E+03 9.17856E+01 1.75682E+03 1.97600E+03 1.80359E+03 6.92372E+01 9.52207E+00 0.00000E+00
 5.00000E+00 1.87470E+03 1.85041E+03 3.72512E+03 1.92204E+01 1.83119E+03 1.89392E+03 1.74484E+03 7.93386E+01 4.72645E+01 0.00000E+00
 6.00000E+00 1.88772E+03 2.00075E+03 3.88848E+03 4.06641E+00 1.99668E+03 1.89179E+03 1.71524E+03 8.41933E+01 8.41616E+01 0.00000E+00
 7.00000E+00 1.89408E+03 2.17727E+03 4.07136E+03 8.85077E-01 2.17639E+03 1.89497E+03 1.67337E+03 8.55915E+01 1.26747E+02 0.00000E+00
 8.00000E+00 1.88091E+03 2.32320E+03 4.20411E+03 9.75639E-02 2.32310E+03 1.88101E+03 1.61038E+03 8.60871E+01 1.65189E+02 0.00000E+00
 9.00000E+00 1.85704E+03 2.41759E+03 4.27463E+03 2.48428E-02 2.41757E+03 1.85706E+03 1.54248E+03 8.58527E+01 2.06738E+02 0.00000E+00
 1.00000E+01 1.83081E+03 2.45893E+03 4.28974E+03 6.86099E-03 2.45892E+03 1.83082E+03 1.47499E+03 8.46406E+01 2.48045E+02 0.00000E+00
 1.10000E+01 1.80708E+03 2.45466E+03 4.26175E+03 2.04203E-03 2.45466E+03 1.80708E+03 1.41165E+03 8.27467E+01 2.89724E+02 0.00000E+00
 1.20000E+01 1.78853E+03 2.41496E+03 4.20349E+03 6.51147E-04 2.41496E+03 1.78853E+03 1.35470E+03 8.06149E+01 3.30697E+02 0.00000E+00
 1.30000E+01 1.77505E+03 2.34954E+03 4.12459E+03 2.20687E-04 2.34954E+03 1.77505E+03 1.30335E+03 7.86211E+01 3.70871E+02 0.00000E+00
 1.40000E+01 1.76522E+03 2.26646E+03 4.03168E+03 7.88626E-05 2.26646E+03 1.76522E+03 1.25575E+03 7.70301E+01 4.10486E+02 0.00000E+00
 1.50000E+01 1.75821E+03 2.17228E+03 3.93049E+03 2.94500E-05 2.17228E+03 1.75821E+03 1.21110E+03 7.58195E+01 4.49192E+02 0.00000E+00
 1.60000E+01 1.75353E+03 2.07267E+03 3.82620E+03 1.14607E-05 2.07267E+03 1.75353E+03 1.16883E+03 7.49103E+01 4.87083E+02 0.00000E+00
 1.70000E+01 1.74967E+03 1.97236E+03 3.72203E+03 4.65362E-06 1.97236E+03 1.74967E+03 1.12776E+03 7.42979E+01 5.23926E+02 0.00000E+00
 1.80000E+01 1.74393E+03 1.87476E+03 3.61869E+03 1.98129E-06 1.87476E+03 1.74393E+03 1.08651E+03 7.37792E+01 5.59385E+02 0.00000E+00
 1.90000E+01 1.73411E+03 1.78194E+03 3.51605E+03 8.96013E-07 1.78194E+03 1.73411E+03 1.04371E+03 7.32508E+01 5.92570E+02 0.00000E+00
 2.00000E+01 1.71989E+03 1.69517E+03 3.41506E+03 4.43246E-07 1.69517E+03 1.71989E+03 9.99769E+02 7.25116E+01 6.22644E+02 0.00000E+00
 2.10000E+01 1.70266E+03 1.61558E+03 3.31824E+03 2.50631E-07 1.61558E+03 1.70266E+03 9.56196E+02 7.16234E+01 6.49367E+02 0.00000E+00
 2.20000E+01 1.68450E+03 1.54428E+03 3.22878E+03 1.66727E-07 1.54428E+03 1.68450E+03 9.05778E+02 7.07931E+01 6.81926E+02 0.00000E+00
 2.30000E+01 1.66712E+03 1.48234E+03 3.14946E+03 1.30409E-07 1.48234E+03 1.66712E+03 8.66180E+02 6.96230E+01 7.04837E+02 0.00000E+00
 2.40000E+01 1.65144E+03 1.43056E+03 3.08200E+03 1.14159E-07 1.43056E+03 1.65144E+03 8.30660E+02 6.83979E+01 7.25451E+02 0.00000E+00
 2.50000E+01 1.63760E+03 1.38930E+03 3.02690E+03 1.06716E-07 1.38930E+03 1.63760E+03 7.96330E+02 6.72123E+01 7.46675E+02 0.00000E+00
 2.60000E+01 1.62517E+03 1.35849E+03 2.98365E+03 1.03244E-07 1.35849E+03 1.62517E+03 7.63791E+02 6.60380E+01 7.67307E+02 0.00000E+00
 2.70000E+01 1.61346E+03 1.33759E+03 2.95105E+03 1.01593E-07 1.33759E+03 1.61346E+03 7.33215E+02 6.49506E+01 7.86472E+02 0.00000E+00
 2.80000E+01 1.60181E+03 1.32574E+03 2.92755E+03 1.00793E-07 1.32574E+03 1.60181E+03 7.03409E+02 6.44878E+01 8.04263E+02 0.00000E+00
 2.90000E+01 1.58979E+03 1.32189E+03 2.91168E+03 1.00400E-07 1.32189E+03 1.58979E+03 6.75593E+02 6.35906E+01 8.20251E+02 0.00000E+00
 3.00000E+01 1.57723E+03 1.32495E+03 2.90218E+03 1.00204E-07 1.32495E+03 1.57723E+03 6.49267E+02 6.24932E+01 8.34580E+02 0.00000E+00
 3.10000E+01 1.56422E+03 1.33394E+03 2.89816E+03 1.00105E-07 1.33394E+03 1.56422E+03 6.23883E+02 6.14286E+01 8.47523E+02 0.00000E+00
 3.20000E+01 1.55100E+03 1.34799E+03 2.89899E+03 1.00055E-07 1.34799E+03 1.55100E+03 5.99562E+02 6.02745E+01 8.59240E+02 0.00000E+00
 3.30000E+01 1.53782E+03 1.36639E+03 2.90421E+03 1.00029E-07 1.36639E+03 1.53782E+03 5.76116E+02 5.95755E+01 8.69638E+02 0.00000E+00
 3.40000E+01 1.52490E+03 1.38853E+03 2.91343E+03 1.00015E-07 1.38853E+03 1.52490E+03 5.54458E+02 5.83568E+01 8.79063E+02 0.00000E+00
 3.50000E+01 1.51236E+03 1.41388E+03 2.92624E+03 1.00008E-07 1.41388E+03 1.51236E+03 5.34024E+02 5.71466E+01 8.87716E+02 0.00000E+00
 3.60000E+01 1.50027E+03 1.44191E+03 2.94218E+03 1.00004E-07 1.44191E+03 1.50027E+03 5.14757E+02 5.59426E+01 8.95730E+02 0.00000E+00
 3.70000E+01 1.48860E+03 1.47213E+03 2.96073E+03 1.00002E-07 1.47213E+03 1.48860E+03 4.96553E+02 5.47450E+01 9.03175E+02 0.00000E+00
 3.80000E+01 1.47730E+03 1.50404E+03 2.98133E+03 1.00001E-07 1.50404E+03 1.47730E+03 4.79336E+02 5.35868E+01 9.10062E+02 0.00000E+00
 3.90000E+01 1.46630E+03 1.53714E+03 3.00344E+03 1.00001E-07 1.53714E+03 1.46630E+03 4.63019E+02 5.24600E+01 9.16424E+02 0.00000E+00
 4.00000E+01 1.45556E+03 1.57097E+03 3.02653E+03 1.00000E-07 1.57097E+03 1.45556E+03 4.47576E+02 5.13572E+01 9.22236E+02 0.00000E+00
