# n +  90Zr Total cross sections
# 
# 
# # energies =    40
#    E      Cross section
 1.00000E+00 6.58067E+03
 2.00000E+00 4.69431E+03
 3.00000E+00 4.02106E+03
 4.00000E+00 3.71868E+03
 5.00000E+00 3.69737E+03
 6.00000E+00 3.84983E+03
 7.00000E+00 4.03552E+03
 8.00000E+00 4.16959E+03
 9.00000E+00 4.23638E+03
 1.00000E+01 4.24336E+03
 1.10000E+01 4.20030E+03
 1.20000E+01 4.12131E+03
 1.30000E+01 4.02141E+03
 1.40000E+01 3.91112E+03
 1.50000E+01 3.79692E+03
 1.60000E+01 3.68379E+03
 1.70000E+01 3.57568E+03
 1.80000E+01 3.47437E+03
 1.90000E+01 3.37923E+03
 2.00000E+01 3.28873E+03
 2.10000E+01 3.20247E+03
 2.20000E+01 3.12172E+03
 2.30000E+01 3.04870E+03
 2.40000E+01 2.98551E+03
 2.50000E+01 2.93346E+03
 2.60000E+01 2.89289E+03
 2.70000E+01 2.86324E+03
 2.80000E+01 2.84333E+03
 2.90000E+01 2.83168E+03
 3.00000E+01 2.82680E+03
 3.10000E+01 2.82736E+03
 3.20000E+01 2.83236E+03
 3.30000E+01 2.84102E+03
 3.40000E+01 2.85282E+03
 3.50000E+01 2.86731E+03
 3.60000E+01 2.88412E+03
 3.70000E+01 2.90284E+03
 3.80000E+01 2.92309E+03
 3.90000E+01 2.94443E+03
 4.00000E+01 2.96645E+03
