# n +  90Zr Total triton   production
# Q-value    =-1.13520E+01
# 
# # energies =    40
#    E         xs         Yield
 1.00000E+00 0.00000E+00 0.00000E+00
 2.00000E+00 0.00000E+00 0.00000E+00
 3.00000E+00 0.00000E+00 0.00000E+00
 4.00000E+00 0.00000E+00 0.00000E+00
 5.00000E+00 0.00000E+00 0.00000E+00
 6.00000E+00 0.00000E+00 0.00000E+00
 7.00000E+00 0.00000E+00 0.00000E+00
 8.00000E+00 0.00000E+00 0.00000E+00
 9.00000E+00 0.00000E+00 0.00000E+00
 1.00000E+01 0.00000E+00 0.00000E+00
 1.10000E+01 0.00000E+00 0.00000E+00
 1.20000E+01 0.00000E+00 0.00000E+00
 1.30000E+01 3.65355E-16 2.14982E-19
 1.40000E+01 2.47004E-08 1.46335E-11
 1.50000E+01 9.30087E-06 5.53686E-09
 1.60000E+01 8.64591E-04 5.16266E-07
 1.70000E+01 1.40105E-02 8.37871E-06
 1.80000E+01 8.85536E-02 5.30077E-05
 1.90000E+01 2.80570E-01 1.68276E-04
 2.00000E+01 6.05526E-01 3.64742E-04
 2.10000E+01 1.05833E+00 6.41971E-04
 2.20000E+01 1.62274E+00 9.93279E-04
 2.30000E+01 2.27892E+00 1.40894E-03
 2.40000E+01 2.96761E+00 1.85298E-03
 2.50000E+01 3.74334E+00 2.35898E-03
 2.60000E+01 4.55188E+00 2.89234E-03
 2.70000E+01 5.37816E+00 3.44303E-03
 2.80000E+01 6.21061E+00 4.00379E-03
 2.90000E+01 7.03975E+00 4.56939E-03
 3.00000E+01 7.89407E+00 5.15959E-03
 3.10000E+01 8.67596E+00 5.71163E-03
 3.20000E+01 9.45460E+00 6.27092E-03
 3.30000E+01 1.02814E+01 6.87191E-03
 3.40000E+01 1.09991E+01 7.40897E-03
 3.50000E+01 1.16815E+01 7.92981E-03
 3.60000E+01 1.23275E+01 8.43246E-03
 3.70000E+01 1.29362E+01 8.91516E-03
 3.80000E+01 1.35131E+01 9.38074E-03
 3.90000E+01 1.40563E+01 9.82741E-03
 4.00000E+01 1.45663E+01 1.02549E-02
