# n +  91Zr Total triton   production
# Q-value    =-7.06569E+00
# 
# # energies =    40
#    E         xs         Yield
 1.00000E+00 0.00000E+00 0.00000E+00
 2.00000E+00 0.00000E+00 0.00000E+00
 3.00000E+00 0.00000E+00 0.00000E+00
 4.00000E+00 0.00000E+00 0.00000E+00
 5.00000E+00 0.00000E+00 0.00000E+00
 6.00000E+00 0.00000E+00 0.00000E+00
 7.00000E+00 0.00000E+00 0.00000E+00
 8.00000E+00 4.03431E-21 2.29127E-24
 9.00000E+00 1.14189E-10 6.51617E-14
 1.00000E+01 7.72064E-07 4.44359E-10
 1.10000E+01 4.39388E-05 2.55655E-08
 1.20000E+01 3.97592E-04 2.33738E-07
 1.30000E+01 3.82628E-03 2.26664E-06
 1.40000E+01 2.67178E-02 1.59056E-05
 1.50000E+01 1.50364E-01 8.97807E-05
 1.60000E+01 4.87539E-01 2.91506E-04
 1.70000E+01 1.05111E+00 6.28606E-04
 1.80000E+01 1.80147E+00 1.07761E-03
 1.90000E+01 2.69835E+00 1.61724E-03
 2.00000E+01 3.70463E+00 2.23101E-03
 2.10000E+01 4.96115E+00 3.01050E-03
 2.20000E+01 6.07640E+00 3.72228E-03
 2.30000E+01 7.20829E+00 4.46041E-03
 2.40000E+01 8.33690E+00 5.20919E-03
 2.50000E+01 9.44823E+00 5.95596E-03
 2.60000E+01 1.04284E+01 6.62555E-03
 2.70000E+01 1.14830E+01 7.34742E-03
 2.80000E+01 1.25880E+01 8.10845E-03
 2.90000E+01 1.35398E+01 8.77961E-03
 3.00000E+01 1.44918E+01 9.46158E-03
 3.10000E+01 1.52894E+01 1.00544E-02
 3.20000E+01 1.60522E+01 1.06355E-02
 3.30000E+01 1.66997E+01 1.11501E-02
 3.40000E+01 1.73467E+01 1.16724E-02
 3.50000E+01 1.79450E+01 1.21687E-02
 3.60000E+01 1.84967E+01 1.26383E-02
 3.70000E+01 1.90182E+01 1.30910E-02
 3.80000E+01 1.94924E+01 1.35145E-02
 3.90000E+01 1.99333E+01 1.39178E-02
 4.00000E+01 2.03477E+01 1.43053E-02
