# n +  68Zn Total alpha    production
# Q-value    = 7.65004E-01
# 
# # energies =    40
#    E         xs         Yield
 1.00000E+00 0.00000E+00 0.00000E+00
 2.00000E+00 0.00000E+00 0.00000E+00
 3.00000E+00 3.04189E-05 2.24594E-08
 4.00000E+00 3.06870E-03 1.85019E-06
 5.00000E+00 4.41651E-02 2.56917E-05
 6.00000E+00 3.41815E-01 2.01263E-04
 7.00000E+00 1.28109E+00 7.70450E-04
 8.00000E+00 2.68378E+00 1.64435E-03
 9.00000E+00 3.77506E+00 2.34609E-03
 1.00000E+01 4.55328E+00 2.86123E-03
 1.10000E+01 5.55862E+00 3.52720E-03
 1.20000E+01 6.95368E+00 4.45331E-03
 1.30000E+01 9.10377E+00 5.87629E-03
 1.40000E+01 1.19568E+01 7.76345E-03
 1.50000E+01 1.55597E+01 1.01494E-02
 1.60000E+01 1.96655E+01 1.28922E-02
 1.70000E+01 2.41535E+01 1.59453E-02
 1.80000E+01 2.85260E+01 1.90110E-02
 1.90000E+01 3.26984E+01 2.20429E-02
 2.00000E+01 3.64857E+01 2.49052E-02
 2.10000E+01 4.01078E+01 2.77240E-02
 2.20000E+01 4.34812E+01 3.04188E-02
 2.30000E+01 4.64912E+01 3.28899E-02
 2.40000E+01 4.94650E+01 3.53592E-02
 2.50000E+01 5.18600E+01 3.74373E-02
 2.60000E+01 5.43904E+01 3.96417E-02
 2.70000E+01 5.67630E+01 4.17682E-02
 2.80000E+01 5.88584E+01 4.37323E-02
 2.90000E+01 6.06914E+01 4.55422E-02
 3.00000E+01 6.22806E+01 4.72066E-02
 3.10000E+01 6.37658E+01 4.88245E-02
 3.20000E+01 6.49611E+01 5.02457E-02
 3.30000E+01 6.59394E+01 5.15160E-02
 3.40000E+01 6.69179E+01 5.27989E-02
 3.50000E+01 6.76815E+01 5.39209E-02
 3.60000E+01 6.84852E+01 5.50812E-02
 3.70000E+01 6.91171E+01 5.61088E-02
 3.80000E+01 6.97671E+01 5.71553E-02
 3.90000E+01 7.04589E+01 5.82416E-02
 4.00000E+01 7.07131E+01 5.89694E-02
