# n +  66Zn Total alpha    production
# Q-value    = 2.26003E+00
# 
# # energies =    40
#    E         xs         Yield
 1.00000E+00 0.00000E+00 0.00000E+00
 2.00000E+00 4.23016E-03 4.25586E-06
 3.00000E+00 1.64653E-01 1.11345E-04
 4.00000E+00 9.33929E-01 5.22077E-04
 5.00000E+00 3.77632E+00 2.08491E-03
 6.00000E+00 9.31439E+00 5.26494E-03
 7.00000E+00 1.43461E+01 8.32207E-03
 8.00000E+00 1.65945E+01 9.82205E-03
 9.00000E+00 1.74474E+01 1.04913E-02
 1.00000E+01 1.95752E+01 1.19405E-02
 1.10000E+01 3.09272E+01 1.91290E-02
 1.20000E+01 4.28185E+01 2.68289E-02
 1.30000E+01 4.35890E+01 2.76168E-02
 1.40000E+01 4.48392E+01 2.86696E-02
 1.50000E+01 4.84262E+01 3.12147E-02
 1.60000E+01 5.46956E+01 3.55524E-02
 1.70000E+01 6.20434E+01 4.07187E-02
 1.80000E+01 6.95739E+01 4.61773E-02
 1.90000E+01 7.63440E+01 5.13165E-02
 2.00000E+01 8.14483E+01 5.54920E-02
 2.10000E+01 8.45620E+01 5.84040E-02
 2.20000E+01 8.64071E+01 6.04711E-02
 2.30000E+01 8.81089E+01 6.24363E-02
 2.40000E+01 8.90862E+01 6.38753E-02
 2.50000E+01 8.99527E+01 6.52228E-02
 2.60000E+01 9.04557E+01 6.63034E-02
 2.70000E+01 9.13423E+01 6.76750E-02
 2.80000E+01 9.17889E+01 6.87377E-02
 2.90000E+01 9.23136E+01 6.98779E-02
 3.00000E+01 9.30665E+01 7.12117E-02
 3.10000E+01 9.30546E+01 7.19730E-02
 3.20000E+01 9.40174E+01 7.34987E-02
 3.30000E+01 9.52200E+01 7.52287E-02
 3.40000E+01 9.69994E+01 7.74335E-02
 3.50000E+01 9.87033E+01 7.95981E-02
 3.60000E+01 1.00673E+02 8.19983E-02
 3.70000E+01 1.02152E+02 8.40160E-02
 3.80000E+01 1.03224E+02 8.57106E-02
 3.90000E+01 1.03968E+02 8.71381E-02
 4.00000E+01 1.04555E+02 8.84356E-02
