# n +  64Zn Total deuteron production
# Q-value    =-5.48866E+00
# 
# # energies =    40
#    E         xs         Yield
 1.00000E+00 0.00000E+00 0.00000E+00
 2.00000E+00 0.00000E+00 0.00000E+00
 3.00000E+00 0.00000E+00 0.00000E+00
 4.00000E+00 0.00000E+00 0.00000E+00
 5.00000E+00 0.00000E+00 0.00000E+00
 6.00000E+00 1.73896E-19 9.75649E-23
 7.00000E+00 3.30999E-06 1.90866E-09
 8.00000E+00 2.34167E-03 1.37792E-06
 9.00000E+00 5.51246E-02 3.29523E-05
 1.00000E+01 3.44414E-01 2.08928E-04
 1.10000E+01 1.20483E+00 7.41619E-04
 1.20000E+01 2.54510E+00 1.58845E-03
 1.30000E+01 4.75330E+00 3.00335E-03
 1.40000E+01 7.79799E+00 4.97910E-03
 1.50000E+01 1.12348E+01 7.24046E-03
 1.60000E+01 1.48960E+01 9.68751E-03
 1.70000E+01 1.86180E+01 1.22264E-02
 1.80000E+01 2.22890E+01 1.47972E-02
 1.90000E+01 2.58859E+01 1.73940E-02
 2.00000E+01 2.93836E+01 2.00023E-02
 2.10000E+01 3.27580E+01 2.25989E-02
 2.20000E+01 3.60784E+01 2.52199E-02
 2.30000E+01 3.92816E+01 2.78106E-02
 2.40000E+01 4.23579E+01 3.03543E-02
 2.50000E+01 4.61916E+01 3.34880E-02
 2.60000E+01 4.89752E+01 3.59071E-02
 2.70000E+01 5.15829E+01 3.82376E-02
 2.80000E+01 5.65987E+01 4.24160E-02
 2.90000E+01 5.88848E+01 4.46121E-02
 3.00000E+01 6.09440E+01 4.66767E-02
 3.10000E+01 6.28120E+01 4.86315E-02
 3.20000E+01 6.06567E+01 4.74711E-02
 3.30000E+01 6.25010E+01 4.94380E-02
 3.40000E+01 6.42509E+01 5.13588E-02
 3.50000E+01 6.59048E+01 5.32271E-02
 3.60000E+01 6.74710E+01 5.50469E-02
 3.70000E+01 6.89532E+01 5.68176E-02
 3.80000E+01 7.03547E+01 5.85396E-02
 3.90000E+01 7.16706E+01 6.02067E-02
 4.00000E+01 7.29190E+01 6.18319E-02
