# n +  70Zn Total deuteron production
# Q-value    =-8.89292E+00
# 
# # energies =    40
#    E         xs         Yield
 1.00000E+00 0.00000E+00 0.00000E+00
 2.00000E+00 0.00000E+00 0.00000E+00
 3.00000E+00 0.00000E+00 0.00000E+00
 4.00000E+00 0.00000E+00 0.00000E+00
 5.00000E+00 0.00000E+00 0.00000E+00
 6.00000E+00 0.00000E+00 0.00000E+00
 7.00000E+00 0.00000E+00 0.00000E+00
 8.00000E+00 0.00000E+00 0.00000E+00
 9.00000E+00 0.00000E+00 0.00000E+00
 1.00000E+01 1.96772E-10 1.23207E-13
 1.10000E+01 3.31807E-05 2.09565E-08
 1.20000E+01 3.00566E-03 1.91358E-06
 1.30000E+01 5.49989E-02 3.52415E-05
 1.40000E+01 2.40799E-01 1.54999E-04
 1.50000E+01 8.18640E-01 5.29025E-04
 1.60000E+01 1.82911E+00 1.18832E-03
 1.70000E+01 3.24695E+00 2.12640E-03
 1.80000E+01 4.99807E+00 3.30829E-03
 1.90000E+01 6.93714E+00 4.64893E-03
 2.00000E+01 8.97633E+00 6.09354E-03
 2.10000E+01 1.10437E+01 7.59098E-03
 2.20000E+01 1.31148E+01 9.11929E-03
 2.30000E+01 1.51653E+01 1.06570E-02
 2.40000E+01 1.77490E+01 1.25954E-02
 2.50000E+01 1.97398E+01 1.41400E-02
 2.60000E+01 2.16669E+01 1.56653E-02
 2.70000E+01 2.35278E+01 1.71725E-02
 2.80000E+01 2.53249E+01 1.86646E-02
 2.90000E+01 2.70487E+01 2.01346E-02
 3.00000E+01 2.86885E+01 2.15725E-02
 3.10000E+01 3.01762E+01 2.29231E-02
 3.20000E+01 3.12669E+01 2.39926E-02
 3.30000E+01 3.27591E+01 2.53888E-02
 3.40000E+01 3.41941E+01 2.67604E-02
 3.50000E+01 3.55800E+01 2.81113E-02
 3.60000E+01 3.69171E+01 2.94409E-02
 3.70000E+01 3.82100E+01 3.07510E-02
 3.80000E+01 3.94997E+01 3.20747E-02
 3.90000E+01 4.06907E+01 3.33339E-02
 4.00000E+01 4.18642E+01 3.45936E-02
