# n +  67Zn Elastic cross sections
# 
# 
# # energies =    40
#    E      Cross section
 1.00000E+00 2.94229E+03
 2.00000E+00 1.73173E+03
 3.00000E+00 1.67521E+03
 4.00000E+00 1.86278E+03
 5.00000E+00 2.04444E+03
 6.00000E+00 2.15057E+03
 7.00000E+00 2.17772E+03
 8.00000E+00 2.14390E+03
 9.00000E+00 2.07032E+03
 1.00000E+01 1.97328E+03
 1.10000E+01 1.86473E+03
 1.20000E+01 1.75265E+03
 1.30000E+01 1.64263E+03
 1.40000E+01 1.53907E+03
 1.50000E+01 1.44525E+03
 1.60000E+01 1.36297E+03
 1.70000E+01 1.29265E+03
 1.80000E+01 1.23381E+03
 1.90000E+01 1.18569E+03
 2.00000E+01 1.14762E+03
 2.10000E+01 1.11910E+03
 2.20000E+01 1.09969E+03
 2.30000E+01 1.08893E+03
 2.40000E+01 1.08622E+03
 2.50000E+01 1.09083E+03
 2.60000E+01 1.10187E+03
 2.70000E+01 1.11839E+03
 2.80000E+01 1.13938E+03
 2.90000E+01 1.16392E+03
 3.00000E+01 1.19117E+03
 3.10000E+01 1.22041E+03
 3.20000E+01 1.25103E+03
 3.30000E+01 1.28251E+03
 3.40000E+01 1.31442E+03
 3.50000E+01 1.34642E+03
 3.60000E+01 1.37818E+03
 3.70000E+01 1.40943E+03
 3.80000E+01 1.43992E+03
 3.90000E+01 1.46945E+03
 4.00000E+01 1.49782E+03
