# n +  66Zn Elastic cross sections
# 
# 
# # energies =    40
#    E      Cross section
 1.00000E+00 4.05606E+03
 2.00000E+00 2.45191E+03
 3.00000E+00 2.00152E+03
 4.00000E+00 1.88083E+03
 5.00000E+00 1.97456E+03
 6.00000E+00 2.04716E+03
 7.00000E+00 2.06562E+03
 8.00000E+00 2.03579E+03
 9.00000E+00 1.97057E+03
 1.00000E+01 1.88267E+03
 1.10000E+01 1.78285E+03
 1.20000E+01 1.67941E+03
 1.30000E+01 1.57836E+03
 1.40000E+01 1.48371E+03
 1.50000E+01 1.39810E+03
 1.60000E+01 1.32308E+03
 1.70000E+01 1.25926E+03
 1.80000E+01 1.20656E+03
 1.90000E+01 1.16441E+03
 2.00000E+01 1.13212E+03
 2.10000E+01 1.10909E+03
 2.20000E+01 1.09480E+03
 2.30000E+01 1.08870E+03
 2.40000E+01 1.09015E+03
 2.50000E+01 1.09839E+03
 2.60000E+01 1.11252E+03
 2.70000E+01 1.13163E+03
 2.80000E+01 1.15481E+03
 2.90000E+01 1.18122E+03
 3.00000E+01 1.21006E+03
 3.10000E+01 1.24066E+03
 3.20000E+01 1.27245E+03
 3.30000E+01 1.30491E+03
 3.40000E+01 1.33763E+03
 3.50000E+01 1.37026E+03
 3.60000E+01 1.40247E+03
 3.70000E+01 1.43400E+03
 3.80000E+01 1.46462E+03
 3.90000E+01 1.49413E+03
 4.00000E+01 1.52235E+03
