# n +  64Zn Elastic cross sections
# 
# 
# # energies =    40
#    E      Cross section
 1.00000E+00 4.07433E+03
 2.00000E+00 2.39064E+03
 3.00000E+00 1.99260E+03
 4.00000E+00 1.81491E+03
 5.00000E+00 1.90488E+03
 6.00000E+00 1.97431E+03
 7.00000E+00 1.98900E+03
 8.00000E+00 1.95809E+03
 9.00000E+00 1.89491E+03
 1.00000E+01 1.81100E+03
 1.10000E+01 1.71610E+03
 1.20000E+01 1.61803E+03
 1.30000E+01 1.52253E+03
 1.40000E+01 1.43325E+03
 1.50000E+01 1.35256E+03
 1.60000E+01 1.28197E+03
 1.70000E+01 1.22215E+03
 1.80000E+01 1.17311E+03
 1.90000E+01 1.13436E+03
 2.00000E+01 1.10515E+03
 2.10000E+01 1.08477E+03
 2.20000E+01 1.07259E+03
 2.30000E+01 1.06803E+03
 2.40000E+01 1.07046E+03
 2.50000E+01 1.07918E+03
 2.60000E+01 1.09341E+03
 2.70000E+01 1.11235E+03
 2.80000E+01 1.13517E+03
 2.90000E+01 1.16109E+03
 3.00000E+01 1.18939E+03
 3.10000E+01 1.21941E+03
 3.20000E+01 1.25059E+03
 3.30000E+01 1.28243E+03
 3.40000E+01 1.31452E+03
 3.50000E+01 1.34648E+03
 3.60000E+01 1.37803E+03
 3.70000E+01 1.40889E+03
 3.80000E+01 1.43885E+03
 3.90000E+01 1.46771E+03
 4.00000E+01 1.49530E+03
