# n +  68Zn Total gamma    production
# Q-value    = 6.48208E+00
# 
# # energies =    40
#    E         xs         Yield
 1.00000E+00 4.14353E+01 2.23877E+00
 2.00000E+00 2.64258E+01 2.99958E-02
 3.00000E+00 2.15011E+01 1.58750E-02
 4.00000E+00 1.97377E+02 1.19003E-01
 5.00000E+00 8.01742E+02 4.66389E-01
 6.00000E+00 1.27680E+03 7.51790E-01
 7.00000E+00 1.64984E+03 9.92213E-01
 8.00000E+00 1.97795E+03 1.21189E+00
 9.00000E+00 2.27726E+03 1.41526E+00
 1.00000E+01 2.55915E+03 1.60814E+00
 1.10000E+01 2.50608E+03 1.59022E+00
 1.20000E+01 1.91472E+03 1.22624E+00
 1.30000E+01 1.52321E+03 9.83196E-01
 1.40000E+01 1.44632E+03 9.39081E-01
 1.50000E+01 1.52877E+03 9.97194E-01
 1.60000E+01 1.69132E+03 1.10878E+00
 1.70000E+01 1.88335E+03 1.24332E+00
 1.80000E+01 2.08029E+03 1.38640E+00
 1.90000E+01 2.24435E+03 1.51298E+00
 2.00000E+01 2.33447E+03 1.59352E+00
 2.10000E+01 2.33566E+03 1.61450E+00
 2.20000E+01 2.27126E+03 1.58894E+00
 2.30000E+01 2.19974E+03 1.55619E+00
 2.40000E+01 2.13421E+03 1.52560E+00
 2.50000E+01 2.10196E+03 1.51739E+00
 2.60000E+01 2.08877E+03 1.52237E+00
 2.70000E+01 2.11256E+03 1.55449E+00
 2.80000E+01 2.15243E+03 1.59927E+00
 2.90000E+01 2.21410E+03 1.66144E+00
 3.00000E+01 2.28403E+03 1.73122E+00
 3.10000E+01 2.34306E+03 1.79405E+00
 3.20000E+01 2.37844E+03 1.83966E+00
 3.30000E+01 2.39909E+03 1.87432E+00
 3.40000E+01 2.39560E+03 1.89016E+00
 3.50000E+01 2.36780E+03 1.88640E+00
 3.60000E+01 2.33728E+03 1.87982E+00
 3.70000E+01 2.30460E+03 1.87086E+00
 3.80000E+01 2.27796E+03 1.86617E+00
 3.90000E+01 2.25676E+03 1.86544E+00
 4.00000E+01 2.24082E+03 1.86868E+00
