# n +  66Zn Total gamma    production
# Q-value    = 7.05247E+00
# 
# # energies =    40
#    E         xs         Yield
 1.00000E+00 4.92792E+01 2.16213E+00
 2.00000E+00 3.00458E+01 3.02284E-02
 3.00000E+00 2.61730E+01 1.76992E-02
 4.00000E+00 9.48366E+01 5.30147E-02
 5.00000E+00 7.48899E+02 4.13467E-01
 6.00000E+00 1.25949E+03 7.11923E-01
 7.00000E+00 1.62460E+03 9.42419E-01
 8.00000E+00 1.94714E+03 1.15248E+00
 9.00000E+00 2.24883E+03 1.35224E+00
 1.00000E+01 2.52702E+03 1.54143E+00
 1.10000E+01 2.76179E+03 1.70822E+00
 1.20000E+01 2.55921E+03 1.60353E+00
 1.30000E+01 2.01237E+03 1.27498E+00
 1.40000E+01 1.65226E+03 1.05644E+00
 1.50000E+01 1.55736E+03 1.00385E+00
 1.60000E+01 1.62621E+03 1.05704E+00
 1.70000E+01 1.76425E+03 1.15787E+00
 1.80000E+01 1.93320E+03 1.28309E+00
 1.90000E+01 2.10659E+03 1.41600E+00
 2.00000E+01 2.26765E+03 1.54499E+00
 2.10000E+01 2.39721E+03 1.65567E+00
 2.20000E+01 2.45987E+03 1.72152E+00
 2.30000E+01 2.44910E+03 1.73550E+00
 2.40000E+01 2.36875E+03 1.69840E+00
 2.50000E+01 2.27849E+03 1.65208E+00
 2.60000E+01 2.19856E+03 1.61153E+00
 2.70000E+01 2.15435E+03 1.59615E+00
 2.80000E+01 2.12598E+03 1.59208E+00
 2.90000E+01 2.13048E+03 1.61269E+00
 3.00000E+01 2.16997E+03 1.66039E+00
 3.10000E+01 2.19710E+03 1.69935E+00
 3.20000E+01 2.23626E+03 1.74821E+00
 3.30000E+01 2.26267E+03 1.78763E+00
 3.40000E+01 2.26800E+03 1.81052E+00
 3.50000E+01 2.25856E+03 1.82139E+00
 3.60000E+01 2.23497E+03 1.82038E+00
 3.70000E+01 2.20366E+03 1.81243E+00
 3.80000E+01 2.17390E+03 1.80507E+00
 3.90000E+01 2.14825E+03 1.80050E+00
 4.00000E+01 2.12228E+03 1.79509E+00
