# n +  66Zn Total helium-3 production
# Q-value    =-8.66012E+00
# 
# # energies =    40
#    E         xs         Yield
 1.00000E+00 0.00000E+00 0.00000E+00
 2.00000E+00 0.00000E+00 0.00000E+00
 3.00000E+00 0.00000E+00 0.00000E+00
 4.00000E+00 0.00000E+00 0.00000E+00
 5.00000E+00 0.00000E+00 0.00000E+00
 6.00000E+00 0.00000E+00 0.00000E+00
 7.00000E+00 0.00000E+00 0.00000E+00
 8.00000E+00 0.00000E+00 0.00000E+00
 9.00000E+00 0.00000E+00 0.00000E+00
 1.00000E+01 4.72059E-25 2.87946E-28
 1.10000E+01 7.23176E-16 4.47298E-19
 1.20000E+01 3.81798E-11 2.39224E-14
 1.30000E+01 4.56475E-08 2.89210E-11
 1.40000E+01 1.43076E-06 9.14808E-10
 1.50000E+01 1.84602E-05 1.18991E-08
 1.60000E+01 1.31846E-04 8.57008E-08
 1.70000E+01 5.95407E-04 3.90762E-07
 1.80000E+01 1.89435E-03 1.25731E-06
 1.90000E+01 5.17680E-03 3.47971E-06
 2.00000E+01 1.50972E-02 1.02860E-05
 2.10000E+01 4.52055E-02 3.12218E-05
 2.20000E+01 7.59354E-02 5.31425E-05
 2.30000E+01 1.80825E-01 1.28138E-04
 2.40000E+01 3.64223E-01 2.61150E-04
 2.50000E+01 6.36622E-01 4.61601E-04
 2.60000E+01 9.98852E-01 7.32152E-04
 2.70000E+01 1.44376E+00 1.06968E-03
 2.80000E+01 1.96229E+00 1.46950E-03
 2.90000E+01 2.54521E+00 1.92662E-03
 3.00000E+01 3.18412E+00 2.43639E-03
 3.10000E+01 3.87193E+00 2.99474E-03
 3.20000E+01 4.60269E+00 3.59819E-03
 3.30000E+01 5.43238E+00 4.29186E-03
 3.40000E+01 6.23317E+00 4.97587E-03
 3.50000E+01 7.04111E+00 5.67822E-03
 3.60000E+01 7.89813E+00 6.43301E-03
 3.70000E+01 8.77746E+00 7.21914E-03
 3.80000E+01 9.67389E+00 8.03259E-03
 3.90000E+01 1.05856E+01 8.87202E-03
 4.00000E+01 1.15328E+01 9.75480E-03
