# n +  70Zn Nonelastic cross sections
# 
# 
# # energies =    40
#    E      Cross section
 1.00000E+00 3.22180E+02
 2.00000E+00 1.08507E+03
 3.00000E+00 1.46683E+03
 4.00000E+00 1.66826E+03
 5.00000E+00 1.73101E+03
 6.00000E+00 1.70840E+03
 7.00000E+00 1.66851E+03
 8.00000E+00 1.63560E+03
 9.00000E+00 1.61300E+03
 1.00000E+01 1.59708E+03
 1.10000E+01 1.58331E+03
 1.20000E+01 1.57070E+03
 1.30000E+01 1.56063E+03
 1.40000E+01 1.55355E+03
 1.50000E+01 1.54745E+03
 1.60000E+01 1.53924E+03
 1.70000E+01 1.52697E+03
 1.80000E+01 1.51077E+03
 1.90000E+01 1.49220E+03
 2.00000E+01 1.47309E+03
 2.10000E+01 1.45485E+03
 2.20000E+01 1.43814E+03
 2.30000E+01 1.42303E+03
 2.40000E+01 1.40917E+03
 2.50000E+01 1.39602E+03
 2.60000E+01 1.38311E+03
 2.70000E+01 1.37009E+03
 2.80000E+01 1.35684E+03
 2.90000E+01 1.34339E+03
 3.00000E+01 1.32986E+03
 3.10000E+01 1.31641E+03
 3.20000E+01 1.30319E+03
 3.30000E+01 1.29030E+03
 3.40000E+01 1.27779E+03
 3.50000E+01 1.26568E+03
 3.60000E+01 1.25394E+03
 3.70000E+01 1.24256E+03
 3.80000E+01 1.23149E+03
 3.90000E+01 1.22070E+03
 4.00000E+01 1.21017E+03
