# n +  67Zn Nonelastic cross sections
# 
# 
# # energies =    40
#    E      Cross section
 1.00000E+00 1.04320E+03
 2.00000E+00 1.46498E+03
 3.00000E+00 1.61171E+03
 4.00000E+00 1.71502E+03
 5.00000E+00 1.73442E+03
 6.00000E+00 1.70282E+03
 7.00000E+00 1.66373E+03
 8.00000E+00 1.63213E+03
 9.00000E+00 1.60800E+03
 1.00000E+01 1.58917E+03
 1.10000E+01 1.57263E+03
 1.20000E+01 1.55724E+03
 1.30000E+01 1.54396E+03
 1.40000E+01 1.53379E+03
 1.50000E+01 1.52601E+03
 1.60000E+01 1.51828E+03
 1.70000E+01 1.50824E+03
 1.80000E+01 1.49485E+03
 1.90000E+01 1.47854E+03
 2.00000E+01 1.46062E+03
 2.10000E+01 1.44246E+03
 2.20000E+01 1.42505E+03
 2.30000E+01 1.40887E+03
 2.40000E+01 1.39393E+03
 2.50000E+01 1.37996E+03
 2.60000E+01 1.36658E+03
 2.70000E+01 1.35346E+03
 2.80000E+01 1.34036E+03
 2.90000E+01 1.32719E+03
 3.00000E+01 1.31396E+03
 3.10000E+01 1.30075E+03
 3.20000E+01 1.28765E+03
 3.30000E+01 1.27478E+03
 3.40000E+01 1.26220E+03
 3.50000E+01 1.24995E+03
 3.60000E+01 1.23805E+03
 3.70000E+01 1.22649E+03
 3.80000E+01 1.21526E+03
 3.90000E+01 1.20432E+03
 4.00000E+01 1.19366E+03
