# n +  70Zn Total neutron  production
# Q-value    = 0.00000E+00
# 
# # energies =    40
#    E         xs         Yield
 1.00000E+00 3.13713E+02 9.73720E-01
 2.00000E+00 1.08003E+03 9.95355E-01
 3.00000E+00 1.46167E+03 9.96485E-01
 4.00000E+00 1.66309E+03 9.96900E-01
 5.00000E+00 1.72677E+03 9.97549E-01
 6.00000E+00 1.70531E+03 9.98195E-01
 7.00000E+00 1.66629E+03 9.98670E-01
 8.00000E+00 1.63396E+03 9.99001E-01
 9.00000E+00 1.61170E+03 9.99189E-01
 1.00000E+01 1.69685E+03 1.06247E+00
 1.10000E+01 2.11984E+03 1.33887E+00
 1.20000E+01 2.41188E+03 1.53554E+00
 1.30000E+01 2.58006E+03 1.65322E+00
 1.40000E+01 2.66170E+03 1.71330E+00
 1.50000E+01 2.70402E+03 1.74741E+00
 1.60000E+01 2.71477E+03 1.76371E+00
 1.70000E+01 2.71361E+03 1.77712E+00
 1.80000E+01 2.73019E+03 1.80715E+00
 1.90000E+01 2.77658E+03 1.86073E+00
 2.00000E+01 2.83898E+03 1.92723E+00
 2.10000E+01 2.91688E+03 2.00493E+00
 2.20000E+01 2.98696E+03 2.07696E+00
 2.30000E+01 3.03808E+03 2.13494E+00
 2.40000E+01 3.06552E+03 2.17540E+00
 2.50000E+01 3.08513E+03 2.20995E+00
 2.60000E+01 3.08933E+03 2.23361E+00
 2.70000E+01 3.08303E+03 2.25024E+00
 2.80000E+01 3.07268E+03 2.26459E+00
 2.90000E+01 3.06862E+03 2.28424E+00
 3.00000E+01 3.07196E+03 2.30999E+00
 3.10000E+01 3.08458E+03 2.34317E+00
 3.20000E+01 3.10395E+03 2.38181E+00
 3.30000E+01 3.12613E+03 2.42279E+00
 3.40000E+01 3.14505E+03 2.46132E+00
 3.50000E+01 3.15633E+03 2.49378E+00
 3.60000E+01 3.16964E+03 2.52774E+00
 3.70000E+01 3.18104E+03 2.56007E+00
 3.80000E+01 3.18368E+03 2.58523E+00
 3.90000E+01 3.18969E+03 2.61300E+00
 4.00000E+01 3.19525E+03 2.64033E+00
