# n +  66Zn Total proton   production
# Q-value    =-1.85853E+00
# 
# # energies =    40
#    E         xs         Yield
 1.00000E+00 0.00000E+00 0.00000E+00
 2.00000E+00 0.00000E+00 0.00000E+00
 3.00000E+00 4.92724E-04 3.33199E-07
 4.00000E+00 2.98989E-01 1.67138E-04
 5.00000E+00 4.14068E+00 2.28607E-03
 6.00000E+00 1.42091E+01 8.03166E-03
 7.00000E+00 2.57598E+01 1.49431E-02
 8.00000E+00 3.48826E+01 2.06465E-02
 9.00000E+00 4.13770E+01 2.48804E-02
 1.00000E+01 4.64365E+01 2.83252E-02
 1.10000E+01 5.34922E+01 3.30860E-02
 1.20000E+01 6.52114E+01 4.08597E-02
 1.30000E+01 7.27019E+01 4.60619E-02
 1.40000E+01 8.00729E+01 5.11976E-02
 1.50000E+01 9.05993E+01 5.83989E-02
 1.60000E+01 1.05659E+02 6.86788E-02
 1.70000E+01 1.20941E+02 7.93725E-02
 1.80000E+01 1.35300E+02 8.98009E-02
 1.90000E+01 1.48754E+02 9.99885E-02
 2.00000E+01 1.62441E+02 1.10673E-01
 2.10000E+01 1.73607E+02 1.19904E-01
 2.20000E+01 1.84225E+02 1.28928E-01
 2.30000E+01 1.95019E+02 1.38196E-01
 2.40000E+01 2.06091E+02 1.47768E-01
 2.50000E+01 2.18080E+02 1.58125E-01
 2.60000E+01 2.29092E+02 1.67922E-01
 2.70000E+01 2.39843E+02 1.77698E-01
 2.80000E+01 2.50280E+02 1.87427E-01
 2.90000E+01 2.60547E+02 1.97224E-01
 3.00000E+01 2.71061E+02 2.07407E-01
 3.10000E+01 2.81451E+02 2.17688E-01
 3.20000E+01 2.93912E+02 2.29768E-01
 3.30000E+01 3.08267E+02 2.43547E-01
 3.40000E+01 3.23554E+02 2.58289E-01
 3.50000E+01 3.38678E+02 2.73123E-01
 3.60000E+01 3.52881E+02 2.87421E-01
 3.70000E+01 3.65494E+02 3.00605E-01
 3.80000E+01 3.76134E+02 3.12318E-01
 3.90000E+01 3.85755E+02 3.23311E-01
 4.00000E+01 3.93680E+02 3.32987E-01
