# n +  68Zn Total proton   production
# Q-value    =-3.65770E+00
# 
# # energies =    40
#    E         xs         Yield
 1.00000E+00 0.00000E+00 0.00000E+00
 2.00000E+00 0.00000E+00 0.00000E+00
 3.00000E+00 0.00000E+00 0.00000E+00
 4.00000E+00 0.00000E+00 0.00000E+00
 5.00000E+00 2.96329E-04 1.72381E-07
 6.00000E+00 6.10813E-02 3.59651E-05
 7.00000E+00 5.23117E-01 3.14603E-04
 8.00000E+00 1.74694E+00 1.07035E-03
 9.00000E+00 4.76398E+00 2.96068E-03
 1.00000E+01 9.57220E+00 6.01506E-03
 1.10000E+01 1.52971E+01 9.70667E-03
 1.20000E+01 2.19082E+01 1.40305E-02
 1.30000E+01 2.93027E+01 1.89142E-02
 1.40000E+01 3.79040E+01 2.46107E-02
 1.50000E+01 4.77264E+01 3.11313E-02
 1.60000E+01 5.85055E+01 3.83547E-02
 1.70000E+01 7.01816E+01 4.63315E-02
 1.80000E+01 8.20156E+01 5.46588E-02
 1.90000E+01 9.35240E+01 6.30471E-02
 2.00000E+01 1.04954E+02 7.16419E-02
 2.10000E+01 1.15583E+02 7.98952E-02
 2.20000E+01 1.25760E+02 8.79795E-02
 2.30000E+01 1.35703E+02 9.60024E-02
 2.40000E+01 1.45713E+02 1.04160E-01
 2.50000E+01 1.56496E+02 1.12973E-01
 2.60000E+01 1.66697E+02 1.21495E-01
 2.70000E+01 1.76271E+02 1.29707E-01
 2.80000E+01 1.85550E+02 1.37865E-01
 2.90000E+01 1.94038E+02 1.45604E-01
 3.00000E+01 2.01972E+02 1.53088E-01
 3.10000E+01 2.09067E+02 1.60080E-01
 3.20000E+01 2.15553E+02 1.66725E-01
 3.30000E+01 2.21982E+02 1.73426E-01
 3.40000E+01 2.27793E+02 1.79731E-01
 3.50000E+01 2.33513E+02 1.86036E-01
 3.60000E+01 2.39040E+02 1.92255E-01
 3.70000E+01 2.44381E+02 1.98387E-01
 3.80000E+01 2.49636E+02 2.04509E-01
 3.90000E+01 2.55032E+02 2.10810E-01
 4.00000E+01 2.59943E+02 2.16772E-01
