# n +  67Zn Total proton   production
# Q-value    = 2.21553E-01
# 
# # energies =    40
#    E         xs         Yield
 1.00000E+00 2.04702E-03 1.96226E-06
 2.00000E+00 3.01308E-01 2.05673E-04
 3.00000E+00 1.82326E+00 1.13126E-03
 4.00000E+00 4.38526E+00 2.55697E-03
 5.00000E+00 7.77394E+00 4.48215E-03
 6.00000E+00 1.27805E+01 7.50549E-03
 7.00000E+00 1.98602E+01 1.19371E-02
 8.00000E+00 2.66507E+01 1.63288E-02
 9.00000E+00 3.29349E+01 2.04819E-02
 1.00000E+01 3.94000E+01 2.47928E-02
 1.10000E+01 4.62788E+01 2.94276E-02
 1.20000E+01 5.39939E+01 3.46727E-02
 1.30000E+01 6.36806E+01 4.12449E-02
 1.40000E+01 7.59722E+01 4.95324E-02
 1.50000E+01 8.97885E+01 5.88388E-02
 1.60000E+01 1.03310E+02 6.80439E-02
 1.70000E+01 1.15303E+02 7.64484E-02
 1.80000E+01 1.25599E+02 8.40215E-02
 1.90000E+01 1.34917E+02 9.12502E-02
 2.00000E+01 1.45712E+02 9.97605E-02
 2.10000E+01 1.53948E+02 1.06726E-01
 2.20000E+01 1.62690E+02 1.14165E-01
 2.30000E+01 1.70179E+02 1.20791E-01
 2.40000E+01 1.79082E+02 1.28473E-01
 2.50000E+01 1.89110E+02 1.37040E-01
 2.60000E+01 1.98512E+02 1.45262E-01
 2.70000E+01 2.08168E+02 1.53804E-01
 2.80000E+01 2.16203E+02 1.61302E-01
 2.90000E+01 2.24620E+02 1.69245E-01
 3.00000E+01 2.32605E+02 1.77026E-01
 3.10000E+01 2.39820E+02 1.84371E-01
 3.20000E+01 2.47333E+02 1.92081E-01
 3.30000E+01 2.53774E+02 1.99072E-01
 3.40000E+01 2.60947E+02 2.06740E-01
 3.50000E+01 2.67215E+02 2.13781E-01
 3.60000E+01 2.74080E+02 2.21381E-01
 3.70000E+01 2.81017E+02 2.29123E-01
 3.80000E+01 2.87411E+02 2.36502E-01
 3.90000E+01 2.94626E+02 2.44641E-01
 4.00000E+01 3.01977E+02 2.52984E-01
