# n +  68Zn Reaction cross sections
# 
# 
# # energies =    40
#    E      Cross section
 1.00000E+00 1.88650E+03
 2.00000E+00 1.70680E+03
 3.00000E+00 1.71201E+03
 4.00000E+00 1.76872E+03
 5.00000E+00 1.76015E+03
 6.00000E+00 1.71433E+03
 7.00000E+00 1.66896E+03
 8.00000E+00 1.63452E+03
 9.00000E+00 1.61002E+03
 1.00000E+01 1.59174E+03
 1.10000E+01 1.57600E+03
 1.20000E+01 1.56149E+03
 1.30000E+01 1.54925E+03
 1.40000E+01 1.54015E+03
 1.50000E+01 1.53307E+03
 1.60000E+01 1.52538E+03
 1.70000E+01 1.51477E+03
 1.80000E+01 1.50050E+03
 1.90000E+01 1.48340E+03
 2.00000E+01 1.46498E+03
 2.10000E+01 1.44668E+03
 2.20000E+01 1.42942E+03
 2.30000E+01 1.41354E+03
 2.40000E+01 1.39893E+03
 2.50000E+01 1.38525E+03
 2.60000E+01 1.37205E+03
 2.70000E+01 1.35900E+03
 2.80000E+01 1.34588E+03
 2.90000E+01 1.33264E+03
 3.00000E+01 1.31932E+03
 3.10000E+01 1.30602E+03
 3.20000E+01 1.29287E+03
 3.30000E+01 1.27998E+03
 3.40000E+01 1.26741E+03
 3.50000E+01 1.25520E+03
 3.60000E+01 1.24335E+03
 3.70000E+01 1.23184E+03
 3.80000E+01 1.22066E+03
 3.90000E+01 1.20977E+03
 4.00000E+01 1.19915E+03
