# n +  68Zn: Production of  63Co - Total
# Q-value    =-1.56450E+01 mass=  62.933600
# E-threshold= 1.58773E+01
# # energies =    40
#     E          xs
 1.00000E+00 0.00000E+00
 2.00000E+00 0.00000E+00
 3.00000E+00 0.00000E+00
 4.00000E+00 0.00000E+00
 5.00000E+00 0.00000E+00
 6.00000E+00 0.00000E+00
 7.00000E+00 0.00000E+00
 8.00000E+00 0.00000E+00
 9.00000E+00 0.00000E+00
 1.00000E+01 0.00000E+00
 1.10000E+01 0.00000E+00
 1.20000E+01 0.00000E+00
 1.30000E+01 0.00000E+00
 1.40000E+01 0.00000E+00
 1.50000E+01 0.00000E+00
 1.60000E+01 0.00000E+00
 1.70000E+01 0.00000E+00
 1.80000E+01 0.00000E+00
 1.90000E+01 0.00000E+00
 2.00000E+01 0.00000E+00
 2.10000E+01 0.00000E+00
 2.20000E+01 0.00000E+00
 2.30000E+01 0.00000E+00
 2.40000E+01 0.00000E+00
 2.50000E+01 0.00000E+00
 2.60000E+01 0.00000E+00
 2.70000E+01 0.00000E+00
 2.80000E+01 0.00000E+00
 2.90000E+01 2.00905E-03
 3.00000E+01 6.18934E-03
 3.10000E+01 1.89961E-02
 3.20000E+01 3.86468E-02
 3.30000E+01 6.84764E-02
 3.40000E+01 1.14874E-01
 3.50000E+01 1.66074E-01
 3.60000E+01 2.27287E-01
 3.70000E+01 3.03587E-01
 3.80000E+01 3.82756E-01
 3.90000E+01 4.59164E-01
 4.00000E+01 5.33903E-01
