# n +  64Zn: Production of  56Fe - Total
# Q-value    =-1.02468E+01 mass=  55.934936
# E-threshold= 1.04084E+01
# # energies =    40
#     E          xs
 1.00000E+00 0.00000E+00
 2.00000E+00 0.00000E+00
 3.00000E+00 0.00000E+00
 4.00000E+00 0.00000E+00
 5.00000E+00 0.00000E+00
 6.00000E+00 0.00000E+00
 7.00000E+00 0.00000E+00
 8.00000E+00 0.00000E+00
 9.00000E+00 0.00000E+00
 1.00000E+01 0.00000E+00
 1.10000E+01 0.00000E+00
 1.20000E+01 0.00000E+00
 1.30000E+01 0.00000E+00
 1.40000E+01 0.00000E+00
 1.50000E+01 0.00000E+00
 1.60000E+01 0.00000E+00
 1.70000E+01 0.00000E+00
 1.80000E+01 0.00000E+00
 1.90000E+01 0.00000E+00
 2.00000E+01 0.00000E+00
 2.10000E+01 0.00000E+00
 2.20000E+01 0.00000E+00
 2.30000E+01 0.00000E+00
 2.40000E+01 3.05805E-03
 2.50000E+01 8.94564E-03
 2.60000E+01 1.91347E-02
 2.70000E+01 5.65223E-02
 2.80000E+01 1.17659E-01
 2.90000E+01 2.25186E-01
 3.00000E+01 3.84977E-01
 3.10000E+01 5.93199E-01
 3.20000E+01 8.99552E-01
 3.30000E+01 1.21098E+00
 3.40000E+01 1.50525E+00
 3.50000E+01 1.77353E+00
 3.60000E+01 2.00596E+00
 3.70000E+01 2.22655E+00
 3.80000E+01 2.39213E+00
 3.90000E+01 2.57864E+00
 4.00000E+01 2.74125E+00
