# n +  67Zn: Production of  61Ni - Total
# Q-value    =-2.22260E+01 mass=  60.931055
# E-threshold= 2.25609E+01
# # energies =    40
#     E          xs
 1.00000E+00 0.00000E+00
 2.00000E+00 0.00000E+00
 3.00000E+00 0.00000E+00
 4.00000E+00 0.00000E+00
 5.00000E+00 0.00000E+00
 6.00000E+00 0.00000E+00
 7.00000E+00 0.00000E+00
 8.00000E+00 0.00000E+00
 9.00000E+00 0.00000E+00
 1.00000E+01 0.00000E+00
 1.10000E+01 0.00000E+00
 1.20000E+01 0.00000E+00
 1.30000E+01 0.00000E+00
 1.40000E+01 0.00000E+00
 1.50000E+01 0.00000E+00
 1.60000E+01 0.00000E+00
 1.70000E+01 0.00000E+00
 1.80000E+01 0.00000E+00
 1.90000E+01 0.00000E+00
 2.00000E+01 0.00000E+00
 2.10000E+01 0.00000E+00
 2.20000E+01 0.00000E+00
 2.30000E+01 0.00000E+00
 2.40000E+01 0.00000E+00
 2.50000E+01 0.00000E+00
 2.60000E+01 0.00000E+00
 2.70000E+01 0.00000E+00
 2.80000E+01 3.98050E-03
 2.90000E+01 3.75719E-02
 3.00000E+01 1.99705E-01
 3.10000E+01 5.94712E-01
 3.20000E+01 1.31055E+00
 3.30000E+01 2.50011E+00
 3.40000E+01 4.26903E+00
 3.50000E+01 6.60988E+00
 3.60000E+01 9.26223E+00
 3.70000E+01 1.27791E+01
 3.80000E+01 1.57765E+01
 3.90000E+01 1.89196E+01
 4.00000E+01 2.20595E+01
