# n +  64Zn: Production of  64Cu - Total
# Q-value    = 2.02884E-01 mass=  63.929764
# E-threshold= 0.00000E+00
# # energies =    40
#     E          xs
 1.00000E+00 2.10111E-02
 2.00000E+00 5.65213E+00
 3.00000E+00 7.89021E+01
 4.00000E+00 1.18126E+02
 5.00000E+00 1.37713E+02
 6.00000E+00 1.58519E+02
 7.00000E+00 1.78426E+02
 8.00000E+00 1.99035E+02
 9.00000E+00 2.19615E+02
 1.00000E+01 2.40581E+02
 1.10000E+01 2.51777E+02
 1.20000E+01 2.37999E+02
 1.30000E+01 2.01466E+02
 1.40000E+01 1.58913E+02
 1.50000E+01 1.26031E+02
 1.60000E+01 9.78985E+01
 1.70000E+01 7.92112E+01
 1.80000E+01 6.93113E+01
 1.90000E+01 6.13379E+01
 2.00000E+01 5.68548E+01
 2.10000E+01 5.26201E+01
 2.20000E+01 4.96294E+01
 2.30000E+01 4.76322E+01
 2.40000E+01 4.47052E+01
 2.50000E+01 4.35567E+01
 2.60000E+01 4.22590E+01
 2.70000E+01 3.97637E+01
 2.80000E+01 3.79166E+01
 2.90000E+01 3.65183E+01
 3.00000E+01 3.52465E+01
 3.10000E+01 3.32718E+01
 3.20000E+01 3.16622E+01
 3.30000E+01 3.03069E+01
 3.40000E+01 2.92265E+01
 3.50000E+01 2.78574E+01
 3.60000E+01 2.63347E+01
 3.70000E+01 2.49318E+01
 3.80000E+01 2.37840E+01
 3.90000E+01 2.29550E+01
 4.00000E+01 2.21140E+01
