# n +  66Zn: Production of  65Ni - Total
# Q-value    =-1.02801E+01 mass=  64.930085
# E-threshold= 1.04374E+01
# # energies =    40
#     E          xs
 1.00000E+00 0.00000E+00
 2.00000E+00 0.00000E+00
 3.00000E+00 0.00000E+00
 4.00000E+00 0.00000E+00
 5.00000E+00 0.00000E+00
 6.00000E+00 0.00000E+00
 7.00000E+00 0.00000E+00
 8.00000E+00 0.00000E+00
 9.00000E+00 0.00000E+00
 1.00000E+01 0.00000E+00
 1.10000E+01 0.00000E+00
 1.20000E+01 0.00000E+00
 1.30000E+01 0.00000E+00
 1.40000E+01 0.00000E+00
 1.50000E+01 0.00000E+00
 1.60000E+01 1.26649E-03
 1.70000E+01 6.97142E-03
 1.80000E+01 2.10546E-02
 1.90000E+01 4.33319E-02
 2.00000E+01 6.68520E-02
 2.10000E+01 9.25181E-02
 2.20000E+01 1.17825E-01
 2.30000E+01 1.43971E-01
 2.40000E+01 1.71374E-01
 2.50000E+01 1.98291E-01
 2.60000E+01 2.24825E-01
 2.70000E+01 2.49519E-01
 2.80000E+01 2.68339E-01
 2.90000E+01 2.84153E-01
 3.00000E+01 2.91823E-01
 3.10000E+01 3.02022E-01
 3.20000E+01 3.08242E-01
 3.30000E+01 3.14055E-01
 3.40000E+01 3.11594E-01
 3.50000E+01 3.12294E-01
 3.60000E+01 3.12986E-01
 3.70000E+01 3.13373E-01
 3.80000E+01 3.16702E-01
 3.90000E+01 3.09632E-01
 4.00000E+01 3.02507E-01
