# n +  67Zn: Production of  63Cu - Total
# Q-value    =-2.53217E+01 mass=  62.929597
# E-threshold= 2.57033E+01
# # energies =    40
#     E          xs
 1.00000E+00 0.00000E+00
 2.00000E+00 0.00000E+00
 3.00000E+00 0.00000E+00
 4.00000E+00 0.00000E+00
 5.00000E+00 0.00000E+00
 6.00000E+00 0.00000E+00
 7.00000E+00 0.00000E+00
 8.00000E+00 0.00000E+00
 9.00000E+00 0.00000E+00
 1.00000E+01 0.00000E+00
 1.10000E+01 0.00000E+00
 1.20000E+01 0.00000E+00
 1.30000E+01 0.00000E+00
 1.40000E+01 0.00000E+00
 1.50000E+01 0.00000E+00
 1.60000E+01 0.00000E+00
 1.70000E+01 0.00000E+00
 1.80000E+01 0.00000E+00
 1.90000E+01 0.00000E+00
 2.00000E+01 0.00000E+00
 2.10000E+01 0.00000E+00
 2.20000E+01 0.00000E+00
 2.30000E+01 0.00000E+00
 2.40000E+01 0.00000E+00
 2.50000E+01 0.00000E+00
 2.60000E+01 0.00000E+00
 2.70000E+01 0.00000E+00
 2.80000E+01 0.00000E+00
 2.90000E+01 0.00000E+00
 3.00000E+01 8.98508E-03
 3.10000E+01 4.66532E-02
 3.20000E+01 1.44138E-01
 3.30000E+01 3.01659E-01
 3.40000E+01 5.71590E-01
 3.50000E+01 9.60096E-01
 3.60000E+01 1.36907E+00
 3.70000E+01 2.00492E+00
 3.80000E+01 2.80026E+00
 3.90000E+01 4.26469E+00
 4.00000E+01 6.47200E+00
