# n +  68Zn: Production of  61Fe - Total
# Q-value    =-7.86510E+00 mass=  60.936746
# E-threshold= 7.98189E+00
# # energies =    40
#     E          xs
 1.00000E+00 0.00000E+00
 2.00000E+00 0.00000E+00
 3.00000E+00 0.00000E+00
 4.00000E+00 0.00000E+00
 5.00000E+00 0.00000E+00
 6.00000E+00 0.00000E+00
 7.00000E+00 0.00000E+00
 8.00000E+00 0.00000E+00
 9.00000E+00 0.00000E+00
 1.00000E+01 0.00000E+00
 1.10000E+01 0.00000E+00
 1.20000E+01 0.00000E+00
 1.30000E+01 0.00000E+00
 1.40000E+01 0.00000E+00
 1.50000E+01 0.00000E+00
 1.60000E+01 0.00000E+00
 1.70000E+01 0.00000E+00
 1.80000E+01 0.00000E+00
 1.90000E+01 0.00000E+00
 2.00000E+01 0.00000E+00
 2.10000E+01 0.00000E+00
 2.20000E+01 0.00000E+00
 2.30000E+01 0.00000E+00
 2.40000E+01 0.00000E+00
 2.50000E+01 0.00000E+00
 2.60000E+01 9.90113E-04
 2.70000E+01 1.69702E-03
 2.80000E+01 2.65168E-03
 2.90000E+01 3.83995E-03
 3.00000E+01 5.20022E-03
 3.10000E+01 6.69617E-03
 3.20000E+01 7.99092E-03
 3.30000E+01 8.91007E-03
 3.40000E+01 9.43691E-03
 3.50000E+01 9.39378E-03
 3.60000E+01 8.95418E-03
 3.70000E+01 8.17311E-03
 3.80000E+01 7.47071E-03
 3.90000E+01 6.80794E-03
 4.00000E+01 6.25815E-03
