# n +  66Zn: Production of  64Ni - Total
# Q-value    =-8.66012E+00 mass=  63.927966
# E-threshold= 8.79262E+00
# # energies =    40
#     E          xs
 1.00000E+00 0.00000E+00
 2.00000E+00 0.00000E+00
 3.00000E+00 0.00000E+00
 4.00000E+00 0.00000E+00
 5.00000E+00 0.00000E+00
 6.00000E+00 0.00000E+00
 7.00000E+00 0.00000E+00
 8.00000E+00 0.00000E+00
 9.00000E+00 0.00000E+00
 1.00000E+01 0.00000E+00
 1.10000E+01 0.00000E+00
 1.20000E+01 0.00000E+00
 1.30000E+01 0.00000E+00
 1.40000E+01 0.00000E+00
 1.50000E+01 0.00000E+00
 1.60000E+01 0.00000E+00
 1.70000E+01 0.00000E+00
 1.80000E+01 1.87585E-03
 1.90000E+01 5.42666E-03
 2.00000E+01 1.76634E-02
 2.10000E+01 5.68037E-02
 2.20000E+01 1.18917E-01
 2.30000E+01 2.84630E-01
 2.40000E+01 5.36189E-01
 2.50000E+01 9.43263E-01
 2.60000E+01 1.36334E+00
 2.70000E+01 1.79120E+00
 2.80000E+01 2.44707E+00
 2.90000E+01 2.86205E+00
 3.00000E+01 3.42416E+00
 3.10000E+01 3.80863E+00
 3.20000E+01 4.21361E+00
 3.30000E+01 4.73016E+00
 3.40000E+01 4.92233E+00
 3.50000E+01 5.32839E+00
 3.60000E+01 5.55985E+00
 3.70000E+01 5.66653E+00
 3.80000E+01 5.96086E+00
 3.90000E+01 6.07330E+00
 4.00000E+01 6.07261E+00
