# n +  64Zn: Production of  58Co - Level  1     0.02495 MeV
# Q-value    =-1.54852E+01 mass=  57.935751
# E-threshold= 1.57295E+01
# # energies =    40
#     E          xs      Branching
 1.00000E+00 0.00000E+00 0.00000E+00
 2.00000E+00 0.00000E+00 0.00000E+00
 3.00000E+00 0.00000E+00 0.00000E+00
 4.00000E+00 0.00000E+00 0.00000E+00
 5.00000E+00 0.00000E+00 0.00000E+00
 6.00000E+00 0.00000E+00 0.00000E+00
 7.00000E+00 0.00000E+00 0.00000E+00
 8.00000E+00 0.00000E+00 0.00000E+00
 9.00000E+00 0.00000E+00 0.00000E+00
 1.00000E+01 0.00000E+00 0.00000E+00
 1.10000E+01 0.00000E+00 0.00000E+00
 1.20000E+01 0.00000E+00 0.00000E+00
 1.30000E+01 0.00000E+00 0.00000E+00
 1.40000E+01 0.00000E+00 0.00000E+00
 1.50000E+01 0.00000E+00 0.00000E+00
 1.60000E+01 0.00000E+00 0.00000E+00
 1.70000E+01 0.00000E+00 0.00000E+00
 1.80000E+01 0.00000E+00 0.00000E+00
 1.90000E+01 0.00000E+00 0.00000E+00
 2.00000E+01 0.00000E+00 0.00000E+00
 2.10000E+01 0.00000E+00 0.00000E+00
 2.20000E+01 0.00000E+00 0.00000E+00
 2.30000E+01 0.00000E+00 0.00000E+00
 2.40000E+01 0.00000E+00 0.00000E+00
 2.50000E+01 0.00000E+00 0.00000E+00
 2.60000E+01 0.00000E+00 0.00000E+00
 2.70000E+01 1.92181E-03 5.89278E-01
 2.80000E+01 5.65791E-03 5.55479E-01
 2.90000E+01 1.29783E-02 5.28371E-01
 3.00000E+01 2.53658E-02 5.06907E-01
 3.10000E+01 4.22734E-02 4.89863E-01
 3.20000E+01 6.46387E-02 4.80449E-01
 3.30000E+01 9.56891E-02 4.81758E-01
 3.40000E+01 1.48570E-01 4.95925E-01
 3.50000E+01 2.57485E-01 5.23827E-01
 3.60000E+01 5.12823E-01 5.56672E-01
 3.70000E+01 1.00926E+00 5.67326E-01
 3.80000E+01 1.70911E+00 5.64932E-01
 3.90000E+01 2.74776E+00 5.61212E-01
 4.00000E+01 4.31758E+00 5.51626E-01
