# n +  67Zn: Production of  65Ni - Total
# Q-value    =-9.61451E+00 mass=  64.930085
# E-threshold= 9.75941E+00
# # energies =    40
#     E          xs
 1.00000E+00 0.00000E+00
 2.00000E+00 0.00000E+00
 3.00000E+00 0.00000E+00
 4.00000E+00 0.00000E+00
 5.00000E+00 0.00000E+00
 6.00000E+00 0.00000E+00
 7.00000E+00 0.00000E+00
 8.00000E+00 0.00000E+00
 9.00000E+00 0.00000E+00
 1.00000E+01 0.00000E+00
 1.10000E+01 0.00000E+00
 1.20000E+01 0.00000E+00
 1.30000E+01 0.00000E+00
 1.40000E+01 0.00000E+00
 1.50000E+01 0.00000E+00
 1.60000E+01 0.00000E+00
 1.70000E+01 0.00000E+00
 1.80000E+01 0.00000E+00
 1.90000E+01 3.31450E-03
 2.00000E+01 1.82277E-02
 2.10000E+01 6.47716E-02
 2.20000E+01 1.65740E-01
 2.30000E+01 3.12932E-01
 2.40000E+01 5.44645E-01
 2.50000E+01 8.48055E-01
 2.60000E+01 1.08397E+00
 2.70000E+01 1.43006E+00
 2.80000E+01 1.79302E+00
 2.90000E+01 2.12428E+00
 3.00000E+01 2.42997E+00
 3.10000E+01 2.72905E+00
 3.20000E+01 2.95240E+00
 3.30000E+01 3.16286E+00
 3.40000E+01 3.43096E+00
 3.50000E+01 3.56993E+00
 3.60000E+01 3.74341E+00
 3.70000E+01 3.88369E+00
 3.80000E+01 3.96783E+00
 3.90000E+01 4.00485E+00
 4.00000E+01 4.04779E+00
