# n +  64Zn: Production of  62Ni - Total
# Q-value    =-6.11757E+00 mass=  61.928345
# E-threshold= 6.21409E+00
# # energies =    40
#     E          xs
 1.00000E+00 0.00000E+00
 2.00000E+00 0.00000E+00
 3.00000E+00 0.00000E+00
 4.00000E+00 0.00000E+00
 5.00000E+00 0.00000E+00
 6.00000E+00 0.00000E+00
 7.00000E+00 0.00000E+00
 8.00000E+00 0.00000E+00
 9.00000E+00 0.00000E+00
 1.00000E+01 0.00000E+00
 1.10000E+01 0.00000E+00
 1.20000E+01 0.00000E+00
 1.30000E+01 0.00000E+00
 1.40000E+01 1.08981E-03
 1.50000E+01 3.53786E-03
 1.60000E+01 9.40311E-03
 1.70000E+01 3.51806E-02
 1.80000E+01 1.67739E-01
 1.90000E+01 7.65013E-01
 2.00000E+01 3.17595E+00
 2.10000E+01 9.78865E+00
 2.20000E+01 2.31746E+01
 2.30000E+01 4.21155E+01
 2.40000E+01 5.89078E+01
 2.50000E+01 6.84146E+01
 2.60000E+01 7.59034E+01
 2.70000E+01 7.58620E+01
 2.80000E+01 7.58333E+01
 2.90000E+01 7.54619E+01
 3.00000E+01 7.61686E+01
 3.10000E+01 7.44102E+01
 3.20000E+01 7.55258E+01
 3.30000E+01 7.29165E+01
 3.40000E+01 7.30452E+01
 3.50000E+01 7.20303E+01
 3.60000E+01 6.89059E+01
 3.70000E+01 6.72766E+01
 3.80000E+01 6.55496E+01
 3.90000E+01 6.34369E+01
 4.00000E+01 5.99914E+01
