# n +  64Zn: Production of  60Co - Level  1     0.05859 MeV
# Q-value    =-6.05485E+00 mass=  59.933816
# E-threshold= 6.15039E+00
# # energies =    40
#     E          xs      Branching
 1.00000E+00 0.00000E+00 0.00000E+00
 2.00000E+00 0.00000E+00 0.00000E+00
 3.00000E+00 0.00000E+00 0.00000E+00
 4.00000E+00 0.00000E+00 0.00000E+00
 5.00000E+00 0.00000E+00 0.00000E+00
 6.00000E+00 0.00000E+00 0.00000E+00
 7.00000E+00 0.00000E+00 0.00000E+00
 8.00000E+00 0.00000E+00 0.00000E+00
 9.00000E+00 0.00000E+00 0.00000E+00
 1.00000E+01 0.00000E+00 0.00000E+00
 1.10000E+01 0.00000E+00 0.00000E+00
 1.20000E+01 0.00000E+00 0.00000E+00
 1.30000E+01 0.00000E+00 0.00000E+00
 1.40000E+01 0.00000E+00 0.00000E+00
 1.50000E+01 1.10133E-03 2.20372E-01
 1.60000E+01 9.51147E-03 2.61650E-01
 1.70000E+01 4.93837E-02 3.05432E-01
 1.80000E+01 1.70782E-01 3.45775E-01
 1.90000E+01 4.29533E-01 3.85854E-01
 2.00000E+01 8.24094E-01 4.20556E-01
 2.10000E+01 1.32155E+00 4.46247E-01
 2.20000E+01 1.87105E+00 4.62264E-01
 2.30000E+01 2.45062E+00 4.68899E-01
 2.40000E+01 3.03387E+00 4.68134E-01
 2.50000E+01 3.57868E+00 4.62424E-01
 2.60000E+01 3.94722E+00 4.52768E-01
 2.70000E+01 4.26691E+00 4.43779E-01
 2.80000E+01 4.12451E+00 4.29439E-01
 2.90000E+01 3.94768E+00 4.21840E-01
 3.00000E+01 3.79809E+00 4.16426E-01
 3.10000E+01 3.36262E+00 4.05695E-01
 3.20000E+01 3.00786E+00 3.97817E-01
 3.30000E+01 2.80407E+00 3.94585E-01
 3.40000E+01 2.64165E+00 3.95239E-01
 3.50000E+01 2.30917E+00 3.84980E-01
 3.60000E+01 2.08075E+00 3.78353E-01
 3.70000E+01 1.97136E+00 3.75332E-01
 3.80000E+01 1.87998E+00 3.74915E-01
 3.90000E+01 1.79465E+00 3.75867E-01
 4.00000E+01 1.60090E+00 3.65671E-01
