# n +  70Zn: Production of  68Cu - Total
# Q-value    =-1.08762E+01 mass=  67.929611
# E-threshold= 1.10331E+01
# # energies =    40
#     E          xs
 1.00000E+00 0.00000E+00
 2.00000E+00 0.00000E+00
 3.00000E+00 0.00000E+00
 4.00000E+00 0.00000E+00
 5.00000E+00 0.00000E+00
 6.00000E+00 0.00000E+00
 7.00000E+00 0.00000E+00
 8.00000E+00 0.00000E+00
 9.00000E+00 0.00000E+00
 1.00000E+01 0.00000E+00
 1.10000E+01 0.00000E+00
 1.20000E+01 0.00000E+00
 1.30000E+01 0.00000E+00
 1.40000E+01 0.00000E+00
 1.50000E+01 4.46100E-03
 1.60000E+01 5.22085E-02
 1.70000E+01 1.85677E-01
 1.80000E+01 4.22638E-01
 1.90000E+01 8.62350E-01
 2.00000E+01 1.50608E+00
 2.10000E+01 2.19985E+00
 2.20000E+01 3.07205E+00
 2.30000E+01 4.24124E+00
 2.40000E+01 6.00130E+00
 2.50000E+01 8.68417E+00
 2.60000E+01 1.25855E+01
 2.70000E+01 1.77917E+01
 2.80000E+01 2.34260E+01
 2.90000E+01 3.05120E+01
 3.00000E+01 3.71976E+01
 3.10000E+01 4.49509E+01
 3.20000E+01 5.10481E+01
 3.30000E+01 5.80476E+01
 3.40000E+01 6.28395E+01
 3.50000E+01 6.67602E+01
 3.60000E+01 7.09791E+01
 3.70000E+01 7.26697E+01
 3.80000E+01 7.34708E+01
 3.90000E+01 7.60320E+01
 4.00000E+01 7.64682E+01
