# n +  66Zn: Production of  61Ni - Total
# Q-value    =-1.51735E+01 mass=  60.931055
# E-threshold= 1.54056E+01
# # energies =    40
#     E          xs
 1.00000E+00 0.00000E+00
 2.00000E+00 0.00000E+00
 3.00000E+00 0.00000E+00
 4.00000E+00 0.00000E+00
 5.00000E+00 0.00000E+00
 6.00000E+00 0.00000E+00
 7.00000E+00 0.00000E+00
 8.00000E+00 0.00000E+00
 9.00000E+00 0.00000E+00
 1.00000E+01 0.00000E+00
 1.10000E+01 0.00000E+00
 1.20000E+01 0.00000E+00
 1.30000E+01 0.00000E+00
 1.40000E+01 0.00000E+00
 1.50000E+01 0.00000E+00
 1.60000E+01 0.00000E+00
 1.70000E+01 0.00000E+00
 1.80000E+01 0.00000E+00
 1.90000E+01 0.00000E+00
 2.00000E+01 1.70165E-03
 2.10000E+01 5.57007E-02
 2.20000E+01 3.74736E-01
 2.30000E+01 1.41355E+00
 2.40000E+01 3.07596E+00
 2.50000E+01 6.08098E+00
 2.60000E+01 1.04538E+01
 2.70000E+01 1.56287E+01
 2.80000E+01 2.19018E+01
 2.90000E+01 2.72516E+01
 3.00000E+01 3.28018E+01
 3.10000E+01 3.71566E+01
 3.20000E+01 4.06418E+01
 3.30000E+01 4.36702E+01
 3.40000E+01 4.55556E+01
 3.50000E+01 4.64196E+01
 3.60000E+01 4.69899E+01
 3.70000E+01 4.63680E+01
 3.80000E+01 4.52512E+01
 3.90000E+01 4.36440E+01
 4.00000E+01 4.17983E+01
