# n +  66Zn: Production of  66Cu - Total
# Q-value    =-1.85853E+00 mass=  65.928869
# E-threshold= 1.88697E+00
# # energies =    40
#     E          xs
 1.00000E+00 0.00000E+00
 2.00000E+00 0.00000E+00
 3.00000E+00 0.00000E+00
 4.00000E+00 2.98983E-01
 5.00000E+00 4.14068E+00
 6.00000E+00 1.42091E+01
 7.00000E+00 2.57598E+01
 8.00000E+00 3.48826E+01
 9.00000E+00 4.13770E+01
 1.00000E+01 4.64363E+01
 1.10000E+01 5.09865E+01
 1.20000E+01 5.46798E+01
 1.30000E+01 5.57594E+01
 1.40000E+01 5.27262E+01
 1.50000E+01 4.89483E+01
 1.60000E+01 4.50752E+01
 1.70000E+01 4.22381E+01
 1.80000E+01 4.08063E+01
 1.90000E+01 3.96000E+01
 2.00000E+01 3.76272E+01
 2.10000E+01 3.68900E+01
 2.20000E+01 3.49448E+01
 2.30000E+01 3.40312E+01
 2.40000E+01 3.30116E+01
 2.50000E+01 3.17623E+01
 2.60000E+01 3.11736E+01
 2.70000E+01 2.98207E+01
 2.80000E+01 2.82078E+01
 2.90000E+01 2.75690E+01
 3.00000E+01 2.65964E+01
 3.10000E+01 2.50770E+01
 3.20000E+01 2.38885E+01
 3.30000E+01 2.30574E+01
 3.40000E+01 2.21777E+01
 3.50000E+01 2.12754E+01
 3.60000E+01 1.99695E+01
 3.70000E+01 1.90502E+01
 3.80000E+01 1.82649E+01
 3.90000E+01 1.74269E+01
 4.00000E+01 1.67440E+01
