# n +  64Zn: Production of  63Cu - Total
# Q-value    =-5.48866E+00 mass=  62.929597
# E-threshold= 5.57526E+00
# # energies =    40
#     E          xs
 1.00000E+00 0.00000E+00
 2.00000E+00 0.00000E+00
 3.00000E+00 0.00000E+00
 4.00000E+00 0.00000E+00
 5.00000E+00 0.00000E+00
 6.00000E+00 0.00000E+00
 7.00000E+00 0.00000E+00
 8.00000E+00 2.34167E-03
 9.00000E+00 8.18557E-02
 1.00000E+01 1.78509E+01
 1.10000E+01 1.28544E+02
 1.20000E+01 3.12507E+02
 1.30000E+01 4.76112E+02
 1.40000E+01 5.58157E+02
 1.50000E+01 5.81482E+02
 1.60000E+01 5.90987E+02
 1.70000E+01 5.92779E+02
 1.80000E+01 5.90663E+02
 1.90000E+01 5.90234E+02
 2.00000E+01 5.86872E+02
 2.10000E+01 5.80948E+02
 2.20000E+01 5.66326E+02
 2.30000E+01 5.42450E+02
 2.40000E+01 5.10738E+02
 2.50000E+01 4.72456E+02
 2.60000E+01 4.34856E+02
 2.70000E+01 3.99431E+02
 2.80000E+01 3.72092E+02
 2.90000E+01 3.46581E+02
 3.00000E+01 3.26844E+02
 3.10000E+01 3.10125E+02
 3.20000E+01 2.92652E+02
 3.30000E+01 2.80720E+02
 3.40000E+01 2.70947E+02
 3.50000E+01 2.61983E+02
 3.60000E+01 2.54471E+02
 3.70000E+01 2.47093E+02
 3.80000E+01 2.39594E+02
 3.90000E+01 2.33109E+02
 4.00000E+01 2.26695E+02
