# n +  70Zn: Production of  68Cu - Ground state
# Q-value    =-1.08762E+01 mass=  67.929611
# E-threshold= 1.10331E+01
# # energies =    40
#     E          xs      Branching
 1.00000E+00 0.00000E+00 0.00000E+00
 2.00000E+00 0.00000E+00 0.00000E+00
 3.00000E+00 0.00000E+00 0.00000E+00
 4.00000E+00 0.00000E+00 0.00000E+00
 5.00000E+00 0.00000E+00 0.00000E+00
 6.00000E+00 0.00000E+00 0.00000E+00
 7.00000E+00 0.00000E+00 0.00000E+00
 8.00000E+00 0.00000E+00 0.00000E+00
 9.00000E+00 0.00000E+00 0.00000E+00
 1.00000E+01 0.00000E+00 0.00000E+00
 1.10000E+01 0.00000E+00 0.00000E+00
 1.20000E+01 0.00000E+00 0.00000E+00
 1.30000E+01 0.00000E+00 0.00000E+00
 1.40000E+01 0.00000E+00 0.00000E+00
 1.50000E+01 4.04593E-03 9.06954E-01
 1.60000E+01 4.54871E-02 8.71258E-01
 1.70000E+01 1.57558E-01 8.48560E-01
 1.80000E+01 3.38623E-01 8.01212E-01
 1.90000E+01 6.83115E-01 7.92156E-01
 2.00000E+01 1.19033E+00 7.90344E-01
 2.10000E+01 1.70448E+00 7.74818E-01
 2.20000E+01 2.33742E+00 7.60866E-01
 2.30000E+01 3.15017E+00 7.42747E-01
 2.40000E+01 4.32062E+00 7.19946E-01
 2.50000E+01 6.00058E+00 6.90979E-01
 2.60000E+01 8.41620E+00 6.68724E-01
 2.70000E+01 1.16987E+01 6.57535E-01
 2.80000E+01 1.52361E+01 6.50391E-01
 2.90000E+01 1.94311E+01 6.36834E-01
 3.00000E+01 2.36596E+01 6.36052E-01
 3.10000E+01 2.79525E+01 6.21844E-01
 3.20000E+01 3.14503E+01 6.16092E-01
 3.30000E+01 3.51649E+01 6.05794E-01
 3.40000E+01 3.74968E+01 5.96708E-01
 3.50000E+01 3.98764E+01 5.97307E-01
 3.60000E+01 4.15160E+01 5.84904E-01
 3.70000E+01 4.21532E+01 5.80066E-01
 3.80000E+01 4.26921E+01 5.81076E-01
 3.90000E+01 4.40415E+01 5.79249E-01
 4.00000E+01 4.39664E+01 5.74963E-01
