# n +  67Zn: Production of  62Co - Ground state
# Q-value    =-1.39453E+01 mass=  61.934058
# E-threshold= 1.41555E+01
# # energies =    40
#     E          xs      Branching
 1.00000E+00 0.00000E+00 0.00000E+00
 2.00000E+00 0.00000E+00 0.00000E+00
 3.00000E+00 0.00000E+00 0.00000E+00
 4.00000E+00 0.00000E+00 0.00000E+00
 5.00000E+00 0.00000E+00 0.00000E+00
 6.00000E+00 0.00000E+00 0.00000E+00
 7.00000E+00 0.00000E+00 0.00000E+00
 8.00000E+00 0.00000E+00 0.00000E+00
 9.00000E+00 0.00000E+00 0.00000E+00
 1.00000E+01 0.00000E+00 0.00000E+00
 1.10000E+01 0.00000E+00 0.00000E+00
 1.20000E+01 0.00000E+00 0.00000E+00
 1.30000E+01 0.00000E+00 0.00000E+00
 1.40000E+01 0.00000E+00 0.00000E+00
 1.50000E+01 0.00000E+00 0.00000E+00
 1.60000E+01 0.00000E+00 0.00000E+00
 1.70000E+01 0.00000E+00 0.00000E+00
 1.80000E+01 0.00000E+00 0.00000E+00
 1.90000E+01 0.00000E+00 0.00000E+00
 2.00000E+01 0.00000E+00 0.00000E+00
 2.10000E+01 0.00000E+00 0.00000E+00
 2.20000E+01 0.00000E+00 0.00000E+00
 2.30000E+01 0.00000E+00 0.00000E+00
 2.40000E+01 0.00000E+00 0.00000E+00
 2.50000E+01 0.00000E+00 0.00000E+00
 2.60000E+01 0.00000E+00 0.00000E+00
 2.70000E+01 8.40797E-04 3.58506E-01
 2.80000E+01 2.69957E-03 3.59247E-01
 2.90000E+01 9.44115E-03 3.62670E-01
 3.00000E+01 2.00777E-02 3.71444E-01
 3.10000E+01 4.18758E-02 3.80056E-01
 3.20000E+01 6.98831E-02 3.85403E-01
 3.30000E+01 1.05446E-01 3.92961E-01
 3.40000E+01 1.56214E-01 3.93763E-01
 3.50000E+01 2.09925E-01 3.94996E-01
 3.60000E+01 2.69642E-01 3.95579E-01
 3.70000E+01 3.20156E-01 3.90757E-01
 3.80000E+01 3.75066E-01 3.86071E-01
 3.90000E+01 4.22298E-01 3.84541E-01
 4.00000E+01 4.64351E-01 3.83801E-01
