# n +  70Zn: Production of  67Ni - Total
# Q-value    =-1.75644E-01 mass=  66.931569
# E-threshold= 1.78178E-01
# # energies =    40
#     E          xs
 1.00000E+00 0.00000E+00
 2.00000E+00 0.00000E+00
 3.00000E+00 0.00000E+00
 4.00000E+00 0.00000E+00
 5.00000E+00 0.00000E+00
 6.00000E+00 5.95750E-03
 7.00000E+00 3.81560E-02
 8.00000E+00 1.16269E-01
 9.00000E+00 2.00703E-01
 1.00000E+01 2.51820E-01
 1.10000E+01 3.79096E-01
 1.20000E+01 7.73612E-01
 1.30000E+01 1.49624E+00
 1.40000E+01 2.41460E+00
 1.50000E+01 3.31150E+00
 1.60000E+01 4.02850E+00
 1.70000E+01 4.58729E+00
 1.80000E+01 4.85876E+00
 1.90000E+01 4.95963E+00
 2.00000E+01 4.79128E+00
 2.10000E+01 4.61125E+00
 2.20000E+01 4.32216E+00
 2.30000E+01 4.02945E+00
 2.40000E+01 3.70426E+00
 2.50000E+01 3.36556E+00
 2.60000E+01 3.09539E+00
 2.70000E+01 2.81105E+00
 2.80000E+01 2.59047E+00
 2.90000E+01 2.35139E+00
 3.00000E+01 2.12098E+00
 3.10000E+01 1.94791E+00
 3.20000E+01 1.85496E+00
 3.30000E+01 1.78651E+00
 3.40000E+01 1.80185E+00
 3.50000E+01 1.88145E+00
 3.60000E+01 2.01866E+00
 3.70000E+01 2.16502E+00
 3.80000E+01 2.34706E+00
 3.90000E+01 2.53386E+00
 4.00000E+01 2.69324E+00
