# n +  67Zn: Production of  64Ni - Total
# Q-value    = 4.86502E+00 mass=  63.927966
# E-threshold= 0.00000E+00
# # energies =    40
#     E          xs
 1.00000E+00 1.88576E-01
 2.00000E+00 6.59434E-01
 3.00000E+00 1.72176E+00
 4.00000E+00 3.34722E+00
 5.00000E+00 4.97863E+00
 6.00000E+00 6.45639E+00
 7.00000E+00 7.89197E+00
 8.00000E+00 9.50750E+00
 9.00000E+00 1.15918E+01
 1.00000E+01 1.46024E+01
 1.10000E+01 1.81734E+01
 1.20000E+01 2.20628E+01
 1.30000E+01 2.52102E+01
 1.40000E+01 2.65324E+01
 1.50000E+01 2.66551E+01
 1.60000E+01 2.49641E+01
 1.70000E+01 2.26674E+01
 1.80000E+01 2.10578E+01
 1.90000E+01 1.87239E+01
 2.00000E+01 1.69877E+01
 2.10000E+01 1.50541E+01
 2.20000E+01 1.33815E+01
 2.30000E+01 1.21887E+01
 2.40000E+01 1.04162E+01
 2.50000E+01 9.22920E+00
 2.60000E+01 8.54017E+00
 2.70000E+01 7.60741E+00
 2.80000E+01 6.87057E+00
 2.90000E+01 6.65121E+00
 3.00000E+01 6.63671E+00
 3.10000E+01 6.62182E+00
 3.20000E+01 6.65428E+00
 3.30000E+01 7.10040E+00
 3.40000E+01 7.66705E+00
 3.50000E+01 8.30930E+00
 3.60000E+01 9.07935E+00
 3.70000E+01 9.62084E+00
 3.80000E+01 1.01977E+01
 3.90000E+01 1.10136E+01
 4.00000E+01 1.18112E+01
