# n +  66Zn: Production of  62Co - Ground state
# Q-value    =-9.11744E+00 mass=  61.934058
# E-threshold= 9.25693E+00
# # energies =    40
#     E          xs      Branching
 1.00000E+00 0.00000E+00 0.00000E+00
 2.00000E+00 0.00000E+00 0.00000E+00
 3.00000E+00 0.00000E+00 0.00000E+00
 4.00000E+00 0.00000E+00 0.00000E+00
 5.00000E+00 0.00000E+00 0.00000E+00
 6.00000E+00 0.00000E+00 0.00000E+00
 7.00000E+00 0.00000E+00 0.00000E+00
 8.00000E+00 0.00000E+00 0.00000E+00
 9.00000E+00 0.00000E+00 0.00000E+00
 1.00000E+01 0.00000E+00 0.00000E+00
 1.10000E+01 0.00000E+00 0.00000E+00
 1.20000E+01 0.00000E+00 0.00000E+00
 1.30000E+01 0.00000E+00 0.00000E+00
 1.40000E+01 0.00000E+00 0.00000E+00
 1.50000E+01 0.00000E+00 0.00000E+00
 1.60000E+01 0.00000E+00 0.00000E+00
 1.70000E+01 0.00000E+00 0.00000E+00
 1.80000E+01 0.00000E+00 0.00000E+00
 1.90000E+01 0.00000E+00 0.00000E+00
 2.00000E+01 1.06210E-03 4.07494E-01
 2.10000E+01 4.05843E-03 4.28141E-01
 2.20000E+01 1.12679E-02 4.46600E-01
 2.30000E+01 2.44656E-02 4.61543E-01
 2.40000E+01 4.55262E-02 4.70693E-01
 2.50000E+01 7.64304E-02 4.74278E-01
 2.60000E+01 1.18940E-01 4.72409E-01
 2.70000E+01 1.73452E-01 4.66730E-01
 2.80000E+01 2.25167E-01 4.57342E-01
 2.90000E+01 2.79886E-01 4.48376E-01
 3.00000E+01 3.13900E-01 4.38449E-01
 3.10000E+01 3.10735E-01 4.28372E-01
 3.20000E+01 3.19584E-01 4.23211E-01
 3.30000E+01 3.23648E-01 4.22874E-01
 3.40000E+01 2.73189E-01 4.07647E-01
 3.50000E+01 2.62071E-01 4.04550E-01
 3.60000E+01 2.55696E-01 4.05866E-01
 3.70000E+01 2.50145E-01 4.08491E-01
 3.80000E+01 2.07821E-01 3.91238E-01
 3.90000E+01 1.96390E-01 3.87900E-01
 4.00000E+01 1.90521E-01 3.87944E-01
