# n +  66Zn: Production of  63Cu - Total
# Q-value    =-1.82692E+01 mass=  62.929597
# E-threshold= 1.85487E+01
# # energies =    40
#     E          xs
 1.00000E+00 0.00000E+00
 2.00000E+00 0.00000E+00
 3.00000E+00 0.00000E+00
 4.00000E+00 0.00000E+00
 5.00000E+00 0.00000E+00
 6.00000E+00 0.00000E+00
 7.00000E+00 0.00000E+00
 8.00000E+00 0.00000E+00
 9.00000E+00 0.00000E+00
 1.00000E+01 0.00000E+00
 1.10000E+01 0.00000E+00
 1.20000E+01 0.00000E+00
 1.30000E+01 0.00000E+00
 1.40000E+01 0.00000E+00
 1.50000E+01 0.00000E+00
 1.60000E+01 0.00000E+00
 1.70000E+01 0.00000E+00
 1.80000E+01 0.00000E+00
 1.90000E+01 0.00000E+00
 2.00000E+01 0.00000E+00
 2.10000E+01 0.00000E+00
 2.20000E+01 6.55689E-03
 2.30000E+01 7.09264E-02
 2.40000E+01 3.05980E-01
 2.50000E+01 7.50960E-01
 2.60000E+01 1.28680E+00
 2.70000E+01 2.16904E+00
 2.80000E+01 3.04725E+00
 2.90000E+01 4.06648E+00
 3.00000E+01 5.40633E+00
 3.10000E+01 8.30880E+00
 3.20000E+01 1.37102E+01
 3.30000E+01 2.37992E+01
 3.40000E+01 3.71869E+01
 3.50000E+01 5.22267E+01
 3.60000E+01 7.07201E+01
 3.70000E+01 8.87246E+01
 3.80000E+01 1.04466E+02
 3.90000E+01 1.19580E+02
 4.00000E+01 1.34763E+02
