# n +  67Zn: Production of  62Co - Total
# Q-value    =-1.39453E+01 mass=  61.934058
# E-threshold= 1.41555E+01
# # energies =    40
#     E          xs
 1.00000E+00 0.00000E+00
 2.00000E+00 0.00000E+00
 3.00000E+00 0.00000E+00
 4.00000E+00 0.00000E+00
 5.00000E+00 0.00000E+00
 6.00000E+00 0.00000E+00
 7.00000E+00 0.00000E+00
 8.00000E+00 0.00000E+00
 9.00000E+00 0.00000E+00
 1.00000E+01 0.00000E+00
 1.10000E+01 0.00000E+00
 1.20000E+01 0.00000E+00
 1.30000E+01 0.00000E+00
 1.40000E+01 0.00000E+00
 1.50000E+01 0.00000E+00
 1.60000E+01 0.00000E+00
 1.70000E+01 0.00000E+00
 1.80000E+01 0.00000E+00
 1.90000E+01 0.00000E+00
 2.00000E+01 0.00000E+00
 2.10000E+01 0.00000E+00
 2.20000E+01 0.00000E+00
 2.30000E+01 0.00000E+00
 2.40000E+01 0.00000E+00
 2.50000E+01 0.00000E+00
 2.60000E+01 0.00000E+00
 2.70000E+01 2.34528E-03
 2.80000E+01 7.51453E-03
 2.90000E+01 2.60323E-02
 3.00000E+01 5.40532E-02
 3.10000E+01 1.10183E-01
 3.20000E+01 1.81325E-01
 3.30000E+01 2.68336E-01
 3.40000E+01 3.96720E-01
 3.50000E+01 5.31460E-01
 3.60000E+01 6.81638E-01
 3.70000E+01 8.19322E-01
 3.80000E+01 9.71496E-01
 3.90000E+01 1.09819E+00
 4.00000E+01 1.20987E+00
