# n +  70Zn: Production of  69Cu - Total
# Q-value    =-8.89292E+00 mass=  68.929429
# E-threshold= 9.02120E+00
# # energies =    40
#     E          xs
 1.00000E+00 0.00000E+00
 2.00000E+00 0.00000E+00
 3.00000E+00 0.00000E+00
 4.00000E+00 0.00000E+00
 5.00000E+00 0.00000E+00
 6.00000E+00 0.00000E+00
 7.00000E+00 0.00000E+00
 8.00000E+00 0.00000E+00
 9.00000E+00 0.00000E+00
 1.00000E+01 0.00000E+00
 1.10000E+01 0.00000E+00
 1.20000E+01 3.00561E-03
 1.30000E+01 5.61714E-02
 1.40000E+01 2.98887E-01
 1.50000E+01 1.25460E+00
 1.60000E+01 3.29222E+00
 1.70000E+01 6.66365E+00
 1.80000E+01 1.14221E+01
 1.90000E+01 1.73653E+01
 2.00000E+01 2.44547E+01
 2.10000E+01 3.17848E+01
 2.20000E+01 4.00225E+01
 2.30000E+01 4.79106E+01
 2.40000E+01 5.66641E+01
 2.50000E+01 6.34006E+01
 2.60000E+01 6.90675E+01
 2.70000E+01 7.33627E+01
 2.80000E+01 7.68252E+01
 2.90000E+01 7.90154E+01
 3.00000E+01 8.13574E+01
 3.10000E+01 8.16072E+01
 3.20000E+01 8.26428E+01
 3.30000E+01 8.23017E+01
 3.40000E+01 8.29683E+01
 3.50000E+01 8.32545E+01
 3.60000E+01 8.15920E+01
 3.70000E+01 8.17749E+01
 3.80000E+01 8.22652E+01
 3.90000E+01 8.04152E+01
 4.00000E+01 7.92336E+01
