# n +  64Zn: Production of  60Co - Total
# Q-value    =-5.99626E+00 mass=  59.933816
# E-threshold= 6.09087E+00
# # energies =    40
#     E          xs
 1.00000E+00 0.00000E+00
 2.00000E+00 0.00000E+00
 3.00000E+00 0.00000E+00
 4.00000E+00 0.00000E+00
 5.00000E+00 0.00000E+00
 6.00000E+00 0.00000E+00
 7.00000E+00 0.00000E+00
 8.00000E+00 0.00000E+00
 9.00000E+00 0.00000E+00
 1.00000E+01 0.00000E+00
 1.10000E+01 0.00000E+00
 1.20000E+01 0.00000E+00
 1.30000E+01 0.00000E+00
 1.40000E+01 0.00000E+00
 1.50000E+01 4.99760E-03
 1.60000E+01 3.63518E-02
 1.70000E+01 1.61685E-01
 1.80000E+01 4.93910E-01
 1.90000E+01 1.11320E+00
 2.00000E+01 1.95953E+00
 2.10000E+01 2.96148E+00
 2.20000E+01 4.04758E+00
 2.30000E+01 5.22632E+00
 2.40000E+01 6.48077E+00
 2.50000E+01 7.73895E+00
 2.60000E+01 8.71796E+00
 2.70000E+01 9.61494E+00
 2.80000E+01 9.60441E+00
 2.90000E+01 9.35824E+00
 3.00000E+01 9.12070E+00
 3.10000E+01 8.28854E+00
 3.20000E+01 7.56091E+00
 3.30000E+01 7.10636E+00
 3.40000E+01 6.68367E+00
 3.50000E+01 5.99814E+00
 3.60000E+01 5.49950E+00
 3.70000E+01 5.25231E+00
 3.80000E+01 5.01441E+00
 3.90000E+01 4.77469E+00
 4.00000E+01 4.37797E+00
