# n +  68Zn: Production of  66Cu - Total
# Q-value    =-1.06273E+01 mass=  65.928869
# E-threshold= 1.07851E+01
# # energies =    40
#     E          xs
 1.00000E+00 0.00000E+00
 2.00000E+00 0.00000E+00
 3.00000E+00 0.00000E+00
 4.00000E+00 0.00000E+00
 5.00000E+00 0.00000E+00
 6.00000E+00 0.00000E+00
 7.00000E+00 0.00000E+00
 8.00000E+00 0.00000E+00
 9.00000E+00 0.00000E+00
 1.00000E+01 0.00000E+00
 1.10000E+01 0.00000E+00
 1.20000E+01 0.00000E+00
 1.30000E+01 0.00000E+00
 1.40000E+01 0.00000E+00
 1.50000E+01 1.16331E-02
 1.60000E+01 9.67046E-02
 1.70000E+01 3.30375E-01
 1.80000E+01 7.38380E-01
 1.90000E+01 1.33687E+00
 2.00000E+01 2.04697E+00
 2.10000E+01 2.94422E+00
 2.20000E+01 4.32765E+00
 2.30000E+01 7.02338E+00
 2.40000E+01 1.31370E+01
 2.50000E+01 2.34140E+01
 2.60000E+01 3.76302E+01
 2.70000E+01 5.48419E+01
 2.80000E+01 7.21575E+01
 2.90000E+01 8.77939E+01
 3.00000E+01 1.02963E+02
 3.10000E+01 1.14997E+02
 3.20000E+01 1.24538E+02
 3.30000E+01 1.31569E+02
 3.40000E+01 1.35208E+02
 3.50000E+01 1.35539E+02
 3.60000E+01 1.34360E+02
 3.70000E+01 1.32508E+02
 3.80000E+01 1.28019E+02
 3.90000E+01 1.23133E+02
 4.00000E+01 1.18870E+02
