# n +  70Zn: Production of  70Cu - Ground state
# Q-value    =-5.80601E+00 mass=  69.932392
# E-threshold= 5.88976E+00
# # energies =    40
#     E          xs      Branching
 1.00000E+00 0.00000E+00 0.00000E+00
 2.00000E+00 0.00000E+00 0.00000E+00
 3.00000E+00 0.00000E+00 0.00000E+00
 4.00000E+00 0.00000E+00 0.00000E+00
 5.00000E+00 0.00000E+00 0.00000E+00
 6.00000E+00 0.00000E+00 0.00000E+00
 7.00000E+00 0.00000E+00 0.00000E+00
 8.00000E+00 8.15510E-04 2.10466E-01
 9.00000E+00 5.48624E-03 1.20921E-01
 1.00000E+01 1.48834E-02 8.53738E-02
 1.10000E+01 4.22561E-02 7.50346E-02
 1.20000E+01 1.14937E-01 8.68036E-02
 1.30000E+01 2.77156E-01 1.03798E-01
 1.40000E+01 5.74881E-01 1.23081E-01
 1.50000E+01 1.04093E+00 1.45023E-01
 1.60000E+01 1.63676E+00 1.66359E-01
 1.70000E+01 2.25659E+00 1.84502E-01
 1.80000E+01 2.83682E+00 1.98511E-01
 1.90000E+01 3.31556E+00 2.12765E-01
 2.00000E+01 3.68572E+00 2.25244E-01
 2.10000E+01 4.00712E+00 2.35396E-01
 2.20000E+01 4.19424E+00 2.47479E-01
 2.30000E+01 4.24096E+00 2.54219E-01
 2.40000E+01 4.50174E+00 2.69470E-01
 2.50000E+01 4.41543E+00 2.68000E-01
 2.60000E+01 4.52618E+00 2.78500E-01
 2.70000E+01 4.42005E+00 2.80962E-01
 2.80000E+01 4.34571E+00 2.79121E-01
 2.90000E+01 4.39966E+00 2.93537E-01
 3.00000E+01 4.16704E+00 2.92276E-01
 3.10000E+01 4.07431E+00 2.91687E-01
 3.20000E+01 4.05273E+00 2.98528E-01
 3.30000E+01 3.86061E+00 3.02584E-01
 3.40000E+01 3.65032E+00 2.98179E-01
 3.50000E+01 3.55027E+00 2.97895E-01
 3.60000E+01 3.48750E+00 2.99829E-01
 3.70000E+01 3.30299E+00 3.01035E-01
 3.80000E+01 3.05201E+00 2.97544E-01
 3.90000E+01 2.89378E+00 2.95574E-01
 4.00000E+01 2.77794E+00 2.93973E-01
