# n +  66Zn: Production of  62Ni - Total
# Q-value    =-4.57775E+00 mass=  61.928345
# E-threshold= 4.64779E+00
# # energies =    40
#     E          xs
 1.00000E+00 0.00000E+00
 2.00000E+00 0.00000E+00
 3.00000E+00 0.00000E+00
 4.00000E+00 0.00000E+00
 5.00000E+00 0.00000E+00
 6.00000E+00 0.00000E+00
 7.00000E+00 0.00000E+00
 8.00000E+00 0.00000E+00
 9.00000E+00 1.98341E-02
 1.00000E+01 1.05974E+00
 1.10000E+01 1.05312E+01
 1.20000E+01 2.00867E+01
 1.30000E+01 1.91502E+01
 1.40000E+01 1.94504E+01
 1.50000E+01 2.40760E+01
 1.60000E+01 3.23455E+01
 1.70000E+01 4.15208E+01
 1.80000E+01 5.13052E+01
 1.90000E+01 5.98140E+01
 2.00000E+01 6.64813E+01
 2.10000E+01 7.10806E+01
 2.20000E+01 7.41566E+01
 2.30000E+01 7.60019E+01
 2.40000E+01 7.64044E+01
 2.50000E+01 7.51771E+01
 2.60000E+01 7.19909E+01
 2.70000E+01 6.84030E+01
 2.80000E+01 6.31189E+01
 2.90000E+01 5.86548E+01
 3.00000E+01 5.39501E+01
 3.10000E+01 4.91847E+01
 3.20000E+01 4.56705E+01
 3.30000E+01 4.19512E+01
 3.40000E+01 3.90074E+01
 3.50000E+01 3.63083E+01
 3.60000E+01 3.37417E+01
 3.70000E+01 3.15983E+01
 3.80000E+01 2.98357E+01
 3.90000E+01 2.84479E+01
 4.00000E+01 2.74418E+01
