# n +  68Zn: Production of  63Ni - Total
# Q-value    =-1.49906E+01 mass=  62.929669
# E-threshold= 1.52132E+01
# # energies =    40
#     E          xs
 1.00000E+00 0.00000E+00
 2.00000E+00 0.00000E+00
 3.00000E+00 0.00000E+00
 4.00000E+00 0.00000E+00
 5.00000E+00 0.00000E+00
 6.00000E+00 0.00000E+00
 7.00000E+00 0.00000E+00
 8.00000E+00 0.00000E+00
 9.00000E+00 0.00000E+00
 1.00000E+01 0.00000E+00
 1.10000E+01 0.00000E+00
 1.20000E+01 0.00000E+00
 1.30000E+01 0.00000E+00
 1.40000E+01 0.00000E+00
 1.50000E+01 0.00000E+00
 1.60000E+01 0.00000E+00
 1.70000E+01 0.00000E+00
 1.80000E+01 0.00000E+00
 1.90000E+01 0.00000E+00
 2.00000E+01 0.00000E+00
 2.10000E+01 5.05482E-03
 2.20000E+01 4.67769E-02
 2.30000E+01 3.24040E-01
 2.40000E+01 1.51637E+00
 2.50000E+01 4.05238E+00
 2.60000E+01 8.01510E+00
 2.70000E+01 1.36808E+01
 2.80000E+01 1.89043E+01
 2.90000E+01 2.48882E+01
 3.00000E+01 2.97532E+01
 3.10000E+01 3.38659E+01
 3.20000E+01 3.74839E+01
 3.30000E+01 3.94018E+01
 3.40000E+01 4.06157E+01
 3.50000E+01 4.09139E+01
 3.60000E+01 4.00984E+01
 3.70000E+01 3.80926E+01
 3.80000E+01 3.65241E+01
 3.90000E+01 3.44255E+01
 4.00000E+01 3.18180E+01
