# n +  66Zn: Production of  63Ni - Total
# Q-value    = 2.26003E+00 mass=  62.929669
# E-threshold= 0.00000E+00
# # energies =    40
#     E          xs
 1.00000E+00 1.00000E-07
 2.00000E+00 4.23016E-03
 3.00000E+00 1.64653E-01
 4.00000E+00 9.33926E-01
 5.00000E+00 3.77633E+00
 6.00000E+00 9.31444E+00
 7.00000E+00 1.43467E+01
 8.00000E+00 1.65980E+01
 9.00000E+00 1.74401E+01
 1.00000E+01 1.85457E+01
 1.10000E+01 2.04495E+01
 1.20000E+01 2.28192E+01
 1.30000E+01 2.45603E+01
 1.40000E+01 2.55599E+01
 1.50000E+01 2.45651E+01
 1.60000E+01 2.26103E+01
 1.70000E+01 2.08348E+01
 1.80000E+01 1.86213E+01
 1.90000E+01 1.69273E+01
 2.00000E+01 1.53664E+01
 2.10000E+01 1.38696E+01
 2.20000E+01 1.23119E+01
 2.30000E+01 1.11124E+01
 2.40000E+01 9.97865E+00
 2.50000E+01 8.97859E+00
 2.60000E+01 8.15981E+00
 2.70000E+01 7.35646E+00
 2.80000E+01 6.70303E+00
 2.90000E+01 6.22461E+00
 3.00000E+01 6.05787E+00
 3.10000E+01 6.04502E+00
 3.20000E+01 6.17040E+00
 3.30000E+01 6.39038E+00
 3.40000E+01 6.95080E+00
 3.50000E+01 7.55025E+00
 3.60000E+01 8.43548E+00
 3.70000E+01 9.40361E+00
 3.80000E+01 1.03050E+01
 3.90000E+01 1.14484E+01
 4.00000E+01 1.26232E+01
