# n +  64Zn: Production of  59Co - Total
# Q-value    =-1.12636E+01 mass=  58.933194
# E-threshold= 1.14413E+01
# # energies =    40
#     E          xs
 1.00000E+00 0.00000E+00
 2.00000E+00 0.00000E+00
 3.00000E+00 0.00000E+00
 4.00000E+00 0.00000E+00
 5.00000E+00 0.00000E+00
 6.00000E+00 0.00000E+00
 7.00000E+00 0.00000E+00
 8.00000E+00 0.00000E+00
 9.00000E+00 0.00000E+00
 1.00000E+01 0.00000E+00
 1.10000E+01 0.00000E+00
 1.20000E+01 0.00000E+00
 1.30000E+01 0.00000E+00
 1.40000E+01 0.00000E+00
 1.50000E+01 0.00000E+00
 1.60000E+01 0.00000E+00
 1.70000E+01 0.00000E+00
 1.80000E+01 0.00000E+00
 1.90000E+01 0.00000E+00
 2.00000E+01 0.00000E+00
 2.10000E+01 3.96840E-03
 2.20000E+01 2.53246E-02
 2.30000E+01 1.33717E-01
 2.40000E+01 4.47318E-01
 2.50000E+01 1.16502E+00
 2.60000E+01 2.72314E+00
 2.70000E+01 4.56103E+00
 2.80000E+01 7.49295E+00
 2.90000E+01 1.04555E+01
 3.00000E+01 1.33850E+01
 3.10000E+01 1.68263E+01
 3.20000E+01 1.99199E+01
 3.30000E+01 2.23043E+01
 3.40000E+01 2.43823E+01
 3.50000E+01 2.63032E+01
 3.60000E+01 2.79335E+01
 3.70000E+01 2.88107E+01
 3.80000E+01 2.92299E+01
 3.90000E+01 2.95207E+01
 4.00000E+01 2.92732E+01
