# n +  68Zn: Production of  64Co - Total
# Q-value    =-1.18573E+01 mass=  63.935810
# E-threshold= 1.20334E+01
# # energies =    40
#     E          xs
 1.00000E+00 0.00000E+00
 2.00000E+00 0.00000E+00
 3.00000E+00 0.00000E+00
 4.00000E+00 0.00000E+00
 5.00000E+00 0.00000E+00
 6.00000E+00 0.00000E+00
 7.00000E+00 0.00000E+00
 8.00000E+00 0.00000E+00
 9.00000E+00 0.00000E+00
 1.00000E+01 0.00000E+00
 1.10000E+01 0.00000E+00
 1.20000E+01 0.00000E+00
 1.30000E+01 0.00000E+00
 1.40000E+01 0.00000E+00
 1.50000E+01 0.00000E+00
 1.60000E+01 0.00000E+00
 1.70000E+01 0.00000E+00
 1.80000E+01 0.00000E+00
 1.90000E+01 0.00000E+00
 2.00000E+01 0.00000E+00
 2.10000E+01 0.00000E+00
 2.20000E+01 0.00000E+00
 2.30000E+01 0.00000E+00
 2.40000E+01 1.34117E-03
 2.50000E+01 3.74021E-03
 2.60000E+01 8.11849E-03
 2.70000E+01 1.48861E-02
 2.80000E+01 2.42856E-02
 2.90000E+01 3.53196E-02
 3.00000E+01 4.78462E-02
 3.10000E+01 5.70686E-02
 3.20000E+01 6.56692E-02
 3.30000E+01 7.04959E-02
 3.40000E+01 6.65198E-02
 3.50000E+01 6.50105E-02
 3.60000E+01 6.30687E-02
 3.70000E+01 5.45097E-02
 3.80000E+01 4.88551E-02
 3.90000E+01 4.51281E-02
 4.00000E+01 4.24761E-02
