# n +  67Zn: Production of  62Co - Level  1     0.02200 MeV
# Q-value    =-1.39673E+01 mass=  61.934058
# E-threshold= 1.41778E+01
# # energies =    40
#     E          xs      Branching
 1.00000E+00 0.00000E+00 0.00000E+00
 2.00000E+00 0.00000E+00 0.00000E+00
 3.00000E+00 0.00000E+00 0.00000E+00
 4.00000E+00 0.00000E+00 0.00000E+00
 5.00000E+00 0.00000E+00 0.00000E+00
 6.00000E+00 0.00000E+00 0.00000E+00
 7.00000E+00 0.00000E+00 0.00000E+00
 8.00000E+00 0.00000E+00 0.00000E+00
 9.00000E+00 0.00000E+00 0.00000E+00
 1.00000E+01 0.00000E+00 0.00000E+00
 1.10000E+01 0.00000E+00 0.00000E+00
 1.20000E+01 0.00000E+00 0.00000E+00
 1.30000E+01 0.00000E+00 0.00000E+00
 1.40000E+01 0.00000E+00 0.00000E+00
 1.50000E+01 0.00000E+00 0.00000E+00
 1.60000E+01 0.00000E+00 0.00000E+00
 1.70000E+01 0.00000E+00 0.00000E+00
 1.80000E+01 0.00000E+00 0.00000E+00
 1.90000E+01 0.00000E+00 0.00000E+00
 2.00000E+01 0.00000E+00 0.00000E+00
 2.10000E+01 0.00000E+00 0.00000E+00
 2.20000E+01 0.00000E+00 0.00000E+00
 2.30000E+01 0.00000E+00 0.00000E+00
 2.40000E+01 0.00000E+00 0.00000E+00
 2.50000E+01 0.00000E+00 0.00000E+00
 2.60000E+01 0.00000E+00 0.00000E+00
 2.70000E+01 1.50448E-03 6.41494E-01
 2.80000E+01 4.81496E-03 6.40753E-01
 2.90000E+01 1.65912E-02 6.37330E-01
 3.00000E+01 3.39755E-02 6.28556E-01
 3.10000E+01 6.83075E-02 6.19944E-01
 3.20000E+01 1.11441E-01 6.14597E-01
 3.30000E+01 1.62890E-01 6.07039E-01
 3.40000E+01 2.40507E-01 6.06237E-01
 3.50000E+01 3.21535E-01 6.05004E-01
 3.60000E+01 4.11996E-01 6.04421E-01
 3.70000E+01 4.99166E-01 6.09243E-01
 3.80000E+01 5.96430E-01 6.13929E-01
 3.90000E+01 6.75889E-01 6.15459E-01
 4.00000E+01 7.45523E-01 6.16199E-01
