# n +  67Zn: Production of  59Fe - Total
# Q-value    =-1.20653E+01 mass=  58.934874
# E-threshold= 1.22472E+01
# # energies =    40
#     E          xs
 1.00000E+00 0.00000E+00
 2.00000E+00 0.00000E+00
 3.00000E+00 0.00000E+00
 4.00000E+00 0.00000E+00
 5.00000E+00 0.00000E+00
 6.00000E+00 0.00000E+00
 7.00000E+00 0.00000E+00
 8.00000E+00 0.00000E+00
 9.00000E+00 0.00000E+00
 1.00000E+01 0.00000E+00
 1.10000E+01 0.00000E+00
 1.20000E+01 0.00000E+00
 1.30000E+01 0.00000E+00
 1.40000E+01 0.00000E+00
 1.50000E+01 0.00000E+00
 1.60000E+01 0.00000E+00
 1.70000E+01 0.00000E+00
 1.80000E+01 0.00000E+00
 1.90000E+01 0.00000E+00
 2.00000E+01 0.00000E+00
 2.10000E+01 0.00000E+00
 2.20000E+01 0.00000E+00
 2.30000E+01 0.00000E+00
 2.40000E+01 0.00000E+00
 2.50000E+01 0.00000E+00
 2.60000E+01 0.00000E+00
 2.70000E+01 0.00000E+00
 2.80000E+01 0.00000E+00
 2.90000E+01 1.76740E-03
 3.00000E+01 5.22262E-03
 3.10000E+01 1.08558E-02
 3.20000E+01 1.99519E-02
 3.30000E+01 3.28335E-02
 3.40000E+01 4.90394E-02
 3.50000E+01 6.92944E-02
 3.60000E+01 9.26737E-02
 3.70000E+01 1.16881E-01
 3.80000E+01 1.40359E-01
 3.90000E+01 1.62331E-01
 4.00000E+01 1.78567E-01
