# n +  67Zn: Production of  62Ni - Total
# Q-value    =-1.16302E+01 mass=  61.928345
# E-threshold= 1.18055E+01
# # energies =    40
#     E          xs
 1.00000E+00 0.00000E+00
 2.00000E+00 0.00000E+00
 3.00000E+00 0.00000E+00
 4.00000E+00 0.00000E+00
 5.00000E+00 0.00000E+00
 6.00000E+00 0.00000E+00
 7.00000E+00 0.00000E+00
 8.00000E+00 0.00000E+00
 9.00000E+00 0.00000E+00
 1.00000E+01 0.00000E+00
 1.10000E+01 0.00000E+00
 1.20000E+01 0.00000E+00
 1.30000E+01 0.00000E+00
 1.40000E+01 0.00000E+00
 1.50000E+01 0.00000E+00
 1.60000E+01 0.00000E+00
 1.70000E+01 2.74800E-02
 1.80000E+01 4.76287E-01
 1.90000E+01 2.36784E+00
 2.00000E+01 4.96457E+00
 2.10000E+01 6.90866E+00
 2.20000E+01 9.69498E+00
 2.30000E+01 1.22869E+01
 2.40000E+01 1.59070E+01
 2.50000E+01 2.08549E+01
 2.60000E+01 2.64267E+01
 2.70000E+01 3.24644E+01
 2.80000E+01 3.73637E+01
 2.90000E+01 4.16840E+01
 3.00000E+01 4.60341E+01
 3.10000E+01 4.89818E+01
 3.20000E+01 5.17240E+01
 3.30000E+01 5.27767E+01
 3.40000E+01 5.38733E+01
 3.50000E+01 5.36974E+01
 3.60000E+01 5.30564E+01
 3.70000E+01 5.16716E+01
 3.80000E+01 4.98069E+01
 3.90000E+01 4.82482E+01
 4.00000E+01 4.61110E+01
