# n +  70Zn: Production of  70Cu - Total
# Q-value    =-5.80601E+00 mass=  69.932392
# E-threshold= 5.88976E+00
# # energies =    40
#     E          xs
 1.00000E+00 0.00000E+00
 2.00000E+00 0.00000E+00
 3.00000E+00 0.00000E+00
 4.00000E+00 0.00000E+00
 5.00000E+00 0.00000E+00
 6.00000E+00 0.00000E+00
 7.00000E+00 0.00000E+00
 8.00000E+00 3.87479E-03
 9.00000E+00 4.53704E-02
 1.00000E+01 1.74332E-01
 1.10000E+01 5.63155E-01
 1.20000E+01 1.32410E+00
 1.30000E+01 2.67014E+00
 1.40000E+01 4.67074E+00
 1.50000E+01 7.17771E+00
 1.60000E+01 9.83874E+00
 1.70000E+01 1.22307E+01
 1.80000E+01 1.42905E+01
 1.90000E+01 1.55832E+01
 2.00000E+01 1.63633E+01
 2.10000E+01 1.70229E+01
 2.20000E+01 1.69479E+01
 2.30000E+01 1.66823E+01
 2.40000E+01 1.67059E+01
 2.50000E+01 1.64755E+01
 2.60000E+01 1.62520E+01
 2.70000E+01 1.57319E+01
 2.80000E+01 1.55692E+01
 2.90000E+01 1.49884E+01
 3.00000E+01 1.42572E+01
 3.10000E+01 1.39681E+01
 3.20000E+01 1.35757E+01
 3.30000E+01 1.27588E+01
 3.40000E+01 1.22420E+01
 3.50000E+01 1.19178E+01
 3.60000E+01 1.16316E+01
 3.70000E+01 1.09721E+01
 3.80000E+01 1.02573E+01
 3.90000E+01 9.79035E+00
 4.00000E+01 9.44964E+00
