# n +  70Zn: Production of  68Cu - Level  3     0.72126 MeV
# Q-value    =-1.15974E+01 mass=  67.929611
# E-threshold= 1.17647E+01
# # energies =    40
#     E          xs      Branching
 1.00000E+00 0.00000E+00 0.00000E+00
 2.00000E+00 0.00000E+00 0.00000E+00
 3.00000E+00 0.00000E+00 0.00000E+00
 4.00000E+00 0.00000E+00 0.00000E+00
 5.00000E+00 0.00000E+00 0.00000E+00
 6.00000E+00 0.00000E+00 0.00000E+00
 7.00000E+00 0.00000E+00 0.00000E+00
 8.00000E+00 0.00000E+00 0.00000E+00
 9.00000E+00 0.00000E+00 0.00000E+00
 1.00000E+01 0.00000E+00 0.00000E+00
 1.10000E+01 0.00000E+00 0.00000E+00
 1.20000E+01 0.00000E+00 0.00000E+00
 1.30000E+01 0.00000E+00 0.00000E+00
 1.40000E+01 0.00000E+00 0.00000E+00
 1.50000E+01 4.15079E-04 9.30460E-02
 1.60000E+01 6.72140E-03 1.28742E-01
 1.70000E+01 2.81190E-02 1.51440E-01
 1.80000E+01 8.40154E-02 1.98788E-01
 1.90000E+01 1.79235E-01 2.07844E-01
 2.00000E+01 3.15759E-01 2.09656E-01
 2.10000E+01 4.95366E-01 2.25182E-01
 2.20000E+01 7.34633E-01 2.39134E-01
 2.30000E+01 1.09107E+00 2.57252E-01
 2.40000E+01 1.68069E+00 2.80054E-01
 2.50000E+01 2.68359E+00 3.09021E-01
 2.60000E+01 4.16926E+00 3.31276E-01
 2.70000E+01 6.09303E+00 3.42465E-01
 2.80000E+01 8.18994E+00 3.49609E-01
 2.90000E+01 1.10809E+01 3.63166E-01
 3.00000E+01 1.35380E+01 3.63948E-01
 3.10000E+01 1.69985E+01 3.78156E-01
 3.20000E+01 1.95977E+01 3.83908E-01
 3.30000E+01 2.28827E+01 3.94206E-01
 3.40000E+01 2.53427E+01 4.03292E-01
 3.50000E+01 2.68839E+01 4.02693E-01
 3.60000E+01 2.94631E+01 4.15096E-01
 3.70000E+01 3.05165E+01 4.19934E-01
 3.80000E+01 3.07787E+01 4.18924E-01
 3.90000E+01 3.19906E+01 4.20751E-01
 4.00000E+01 3.25018E+01 4.25037E-01
