# n +  64Zn: Production of  60Ni - Total
# Q-value    =-3.95581E+00 mass=  59.930785
# E-threshold= 4.01822E+00
# # energies =    40
#     E          xs
 1.00000E+00 0.00000E+00
 2.00000E+00 0.00000E+00
 3.00000E+00 0.00000E+00
 4.00000E+00 0.00000E+00
 5.00000E+00 0.00000E+00
 6.00000E+00 0.00000E+00
 7.00000E+00 0.00000E+00
 8.00000E+00 2.61473E-03
 9.00000E+00 5.84055E-01
 1.00000E+01 8.03628E+00
 1.10000E+01 3.14942E+01
 1.20000E+01 6.16804E+01
 1.30000E+01 8.21602E+01
 1.40000E+01 9.42879E+01
 1.50000E+01 1.05722E+02
 1.60000E+01 1.19286E+02
 1.70000E+01 1.34919E+02
 1.80000E+01 1.48810E+02
 1.90000E+01 1.59177E+02
 2.00000E+01 1.65009E+02
 2.10000E+01 1.67794E+02
 2.20000E+01 1.68067E+02
 2.30000E+01 1.66323E+02
 2.40000E+01 1.62918E+02
 2.50000E+01 1.55697E+02
 2.60000E+01 1.47380E+02
 2.70000E+01 1.37399E+02
 2.80000E+01 1.25965E+02
 2.90000E+01 1.15582E+02
 3.00000E+01 1.05564E+02
 3.10000E+01 9.76096E+01
 3.20000E+01 9.02819E+01
 3.30000E+01 8.33871E+01
 3.40000E+01 7.75993E+01
 3.50000E+01 7.28041E+01
 3.60000E+01 6.84261E+01
 3.70000E+01 6.48365E+01
 3.80000E+01 6.16336E+01
 3.90000E+01 5.92984E+01
 4.00000E+01 5.73682E+01
