# n +  67Zn: Production of  64Cu - Total
# Q-value    =-1.74056E+01 mass=  63.929764
# E-threshold= 1.76679E+01
# # energies =    40
#     E          xs
 1.00000E+00 0.00000E+00
 2.00000E+00 0.00000E+00
 3.00000E+00 0.00000E+00
 4.00000E+00 0.00000E+00
 5.00000E+00 0.00000E+00
 6.00000E+00 0.00000E+00
 7.00000E+00 0.00000E+00
 8.00000E+00 0.00000E+00
 9.00000E+00 0.00000E+00
 1.00000E+01 0.00000E+00
 1.10000E+01 0.00000E+00
 1.20000E+01 0.00000E+00
 1.30000E+01 0.00000E+00
 1.40000E+01 0.00000E+00
 1.50000E+01 0.00000E+00
 1.60000E+01 0.00000E+00
 1.70000E+01 0.00000E+00
 1.80000E+01 0.00000E+00
 1.90000E+01 0.00000E+00
 2.00000E+01 0.00000E+00
 2.10000E+01 5.35035E-03
 2.20000E+01 6.84341E-02
 2.30000E+01 3.27937E-01
 2.40000E+01 8.70909E-01
 2.50000E+01 1.67779E+00
 2.60000E+01 2.62733E+00
 2.70000E+01 3.69990E+00
 2.80000E+01 4.91858E+00
 2.90000E+01 6.17821E+00
 3.00000E+01 7.92019E+00
 3.10000E+01 1.05019E+01
 3.20000E+01 1.51455E+01
 3.30000E+01 2.14319E+01
 3.40000E+01 2.99378E+01
 3.50000E+01 4.02899E+01
 3.60000E+01 5.16307E+01
 3.70000E+01 6.34338E+01
 3.80000E+01 7.53411E+01
 3.90000E+01 8.68679E+01
 4.00000E+01 9.73343E+01
