# n +  68Zn: Production of  65Ni - Total
# Q-value    = 7.65004E-01 mass=  64.930085
# E-threshold= 0.00000E+00
# # energies =    40
#     E          xs
 1.00000E+00 1.00000E-07
 2.00000E+00 1.00000E-07
 3.00000E+00 1.00000E-07
 4.00000E+00 3.06870E-03
 5.00000E+00 4.41575E-02
 6.00000E+00 3.41809E-01
 7.00000E+00 1.28109E+00
 8.00000E+00 2.68386E+00
 9.00000E+00 3.77583E+00
 1.00000E+01 4.54109E+00
 1.10000E+01 5.44777E+00
 1.20000E+01 6.80129E+00
 1.30000E+01 8.52184E+00
 1.40000E+01 9.94941E+00
 1.50000E+01 1.08001E+01
 1.60000E+01 1.10205E+01
 1.70000E+01 1.05737E+01
 1.80000E+01 9.88876E+00
 1.90000E+01 8.93354E+00
 2.00000E+01 8.20388E+00
 2.10000E+01 7.39459E+00
 2.20000E+01 6.83053E+00
 2.30000E+01 6.15153E+00
 2.40000E+01 5.62337E+00
 2.50000E+01 4.95570E+00
 2.60000E+01 4.46733E+00
 2.70000E+01 4.10337E+00
 2.80000E+01 3.67137E+00
 2.90000E+01 3.32187E+00
 3.00000E+01 3.12285E+00
 3.10000E+01 3.01339E+00
 3.20000E+01 2.97233E+00
 3.30000E+01 3.05245E+00
 3.40000E+01 3.20242E+00
 3.50000E+01 3.47125E+00
 3.60000E+01 3.74174E+00
 3.70000E+01 4.19567E+00
 3.80000E+01 4.59942E+00
 3.90000E+01 5.02552E+00
 4.00000E+01 5.53778E+00
