# n +  67Zn: Production of  61Co - Total
# Q-value    =-1.42856E+01 mass=  60.932476
# E-threshold= 1.45009E+01
# # energies =    40
#     E          xs
 1.00000E+00 0.00000E+00
 2.00000E+00 0.00000E+00
 3.00000E+00 0.00000E+00
 4.00000E+00 0.00000E+00
 5.00000E+00 0.00000E+00
 6.00000E+00 0.00000E+00
 7.00000E+00 0.00000E+00
 8.00000E+00 0.00000E+00
 9.00000E+00 0.00000E+00
 1.00000E+01 0.00000E+00
 1.10000E+01 0.00000E+00
 1.20000E+01 0.00000E+00
 1.30000E+01 0.00000E+00
 1.40000E+01 0.00000E+00
 1.50000E+01 0.00000E+00
 1.60000E+01 0.00000E+00
 1.70000E+01 0.00000E+00
 1.80000E+01 0.00000E+00
 1.90000E+01 0.00000E+00
 2.00000E+01 0.00000E+00
 2.10000E+01 0.00000E+00
 2.20000E+01 0.00000E+00
 2.30000E+01 0.00000E+00
 2.40000E+01 0.00000E+00
 2.50000E+01 0.00000E+00
 2.60000E+01 0.00000E+00
 2.70000E+01 0.00000E+00
 2.80000E+01 1.11380E-03
 2.90000E+01 2.41895E-03
 3.00000E+01 4.36394E-03
 3.10000E+01 6.72988E-03
 3.20000E+01 1.01523E-02
 3.30000E+01 1.48154E-02
 3.40000E+01 2.47406E-02
 3.50000E+01 4.26321E-02
 3.60000E+01 7.80622E-02
 3.70000E+01 1.71371E-01
 3.80000E+01 3.02356E-01
 3.90000E+01 4.88459E-01
 4.00000E+01 7.30608E-01
