# n +  67Zn: Production of  65Zn - Total
# Q-value    =-1.81109E+01 mass=  64.929241
# E-threshold= 1.83839E+01
# # energies =    40
#     E          xs
 1.00000E+00 0.00000E+00
 2.00000E+00 0.00000E+00
 3.00000E+00 0.00000E+00
 4.00000E+00 0.00000E+00
 5.00000E+00 0.00000E+00
 6.00000E+00 0.00000E+00
 7.00000E+00 0.00000E+00
 8.00000E+00 0.00000E+00
 9.00000E+00 0.00000E+00
 1.00000E+01 0.00000E+00
 1.10000E+01 0.00000E+00
 1.20000E+01 0.00000E+00
 1.30000E+01 0.00000E+00
 1.40000E+01 0.00000E+00
 1.50000E+01 0.00000E+00
 1.60000E+01 0.00000E+00
 1.70000E+01 0.00000E+00
 1.80000E+01 0.00000E+00
 1.90000E+01 5.65652E+00
 2.00000E+01 3.67701E+01
 2.10000E+01 1.03658E+02
 2.20000E+01 1.80246E+02
 2.30000E+01 2.61127E+02
 2.40000E+01 3.26197E+02
 2.50000E+01 3.68596E+02
 2.60000E+01 3.97847E+02
 2.70000E+01 4.13578E+02
 2.80000E+01 4.23905E+02
 2.90000E+01 4.25759E+02
 3.00000E+01 4.16252E+02
 3.10000E+01 4.05079E+02
 3.20000E+01 3.82045E+02
 3.30000E+01 3.61332E+02
 3.40000E+01 3.33540E+02
 3.50000E+01 3.09057E+02
 3.60000E+01 2.84848E+02
 3.70000E+01 2.63047E+02
 3.80000E+01 2.45463E+02
 3.90000E+01 2.30391E+02
 4.00000E+01 2.15364E+02
