# n +  68Zn: Production of  69Zn - Ground state
# Q-value    = 6.48208E+00 mass=  68.926550
# E-threshold= 0.00000E+00
# # energies =    40
#     E          xs      Branching
 1.00000E+00 1.36226E+01 7.51838E-01
 2.00000E+00 7.21296E+00 6.94151E-01
 3.00000E+00 5.28279E+00 6.96436E-01
 4.00000E+00 3.23548E+00 6.72363E-01
 5.00000E+00 2.47055E+00 6.28408E-01
 6.00000E+00 2.00887E+00 5.91511E-01
 7.00000E+00 1.63248E+00 5.59763E-01
 8.00000E+00 1.33111E+00 5.35918E-01
 9.00000E+00 1.07391E+00 5.15498E-01
 1.00000E+01 9.03954E-01 5.05070E-01
 1.10000E+01 8.37136E-01 5.11804E-01
 1.20000E+01 7.99496E-01 5.16402E-01
 1.30000E+01 7.78722E-01 5.17972E-01
 1.40000E+01 7.34858E-01 5.07843E-01
 1.50000E+01 6.81484E-01 4.93637E-01
 1.60000E+01 6.06458E-01 4.72374E-01
 1.70000E+01 5.15327E-01 4.46812E-01
 1.80000E+01 4.31550E-01 4.27825E-01
 1.90000E+01 3.54795E-01 4.12534E-01
 2.00000E+01 2.87038E-01 4.03198E-01
 2.10000E+01 2.39892E-01 4.04438E-01
 2.20000E+01 2.07647E-01 4.09266E-01
 2.30000E+01 1.81306E-01 4.13237E-01
 2.40000E+01 1.59103E-01 4.16047E-01
 2.50000E+01 1.44049E-01 4.20228E-01
 2.60000E+01 1.33007E-01 4.25792E-01
 2.70000E+01 1.24107E-01 4.29890E-01
 2.80000E+01 1.15100E-01 4.32264E-01
 2.90000E+01 1.07028E-01 4.33837E-01
 3.00000E+01 1.00796E-01 4.36148E-01
 3.10000E+01 9.59803E-02 4.39792E-01
 3.20000E+01 9.18811E-02 4.42647E-01
 3.30000E+01 8.81684E-02 4.45293E-01
 3.40000E+01 8.42799E-02 4.48145E-01
 3.50000E+01 7.97890E-02 4.48529E-01
 3.60000E+01 7.48465E-02 4.49061E-01
 3.70000E+01 7.06677E-02 4.49433E-01
 3.80000E+01 6.96061E-02 4.53100E-01
 3.90000E+01 6.67548E-02 4.53878E-01
 4.00000E+01 6.57265E-02 4.56933E-01
