# n +  67Zn: Production of  64Zn - Total
# Q-value    =-2.60903E+01 mass=  63.929142
# E-threshold= 2.64835E+01
# # energies =    40
#     E          xs
 1.00000E+00 0.00000E+00
 2.00000E+00 0.00000E+00
 3.00000E+00 0.00000E+00
 4.00000E+00 0.00000E+00
 5.00000E+00 0.00000E+00
 6.00000E+00 0.00000E+00
 7.00000E+00 0.00000E+00
 8.00000E+00 0.00000E+00
 9.00000E+00 0.00000E+00
 1.00000E+01 0.00000E+00
 1.10000E+01 0.00000E+00
 1.20000E+01 0.00000E+00
 1.30000E+01 0.00000E+00
 1.40000E+01 0.00000E+00
 1.50000E+01 0.00000E+00
 1.60000E+01 0.00000E+00
 1.70000E+01 0.00000E+00
 1.80000E+01 0.00000E+00
 1.90000E+01 0.00000E+00
 2.00000E+01 0.00000E+00
 2.10000E+01 0.00000E+00
 2.20000E+01 0.00000E+00
 2.30000E+01 0.00000E+00
 2.40000E+01 0.00000E+00
 2.50000E+01 0.00000E+00
 2.60000E+01 0.00000E+00
 2.70000E+01 5.17041E-02
 2.80000E+01 7.18416E-01
 2.90000E+01 3.73001E+00
 3.00000E+01 9.99661E+00
 3.10000E+01 2.14586E+01
 3.20000E+01 3.67477E+01
 3.30000E+01 5.44929E+01
 3.40000E+01 7.40358E+01
 3.50000E+01 9.44308E+01
 3.60000E+01 1.11215E+02
 3.70000E+01 1.23883E+02
 3.80000E+01 1.36406E+02
 3.90000E+01 1.42876E+02
 4.00000E+01 1.49228E+02
