# n +  64Zn: Production of  65Zn - Total
# Q-value    = 7.97933E+00 mass=  64.929241
# E-threshold= 0.00000E+00
# # energies =    40
#     E          xs
 1.00000E+00 4.11101E+01
 2.00000E+00 1.98779E+01
 3.00000E+00 1.73557E+01
 4.00000E+00 6.63787E+00
 5.00000E+00 3.84112E+00
 6.00000E+00 2.93435E+00
 7.00000E+00 2.53427E+00
 8.00000E+00 2.35691E+00
 9.00000E+00 2.27736E+00
 1.00000E+01 2.19726E+00
 1.10000E+01 2.15222E+00
 1.20000E+01 2.03390E+00
 1.30000E+01 1.92282E+00
 1.40000E+01 1.77362E+00
 1.50000E+01 1.64452E+00
 1.60000E+01 1.48755E+00
 1.70000E+01 1.32062E+00
 1.80000E+01 1.14359E+00
 1.90000E+01 9.71811E-01
 2.00000E+01 8.20846E-01
 2.10000E+01 6.90401E-01
 2.20000E+01 5.88993E-01
 2.30000E+01 5.16855E-01
 2.40000E+01 4.56259E-01
 2.50000E+01 4.07366E-01
 2.60000E+01 3.70037E-01
 2.70000E+01 3.41178E-01
 2.80000E+01 3.17800E-01
 2.90000E+01 2.94399E-01
 3.00000E+01 2.75128E-01
 3.10000E+01 2.58936E-01
 3.20000E+01 2.45030E-01
 3.30000E+01 2.33205E-01
 3.40000E+01 2.17487E-01
 3.50000E+01 2.07038E-01
 3.60000E+01 1.95758E-01
 3.70000E+01 1.89712E-01
 3.80000E+01 1.80647E-01
 3.90000E+01 1.77153E-01
 4.00000E+01 1.69670E-01
