# n +  70Zn: Production of  71Zn - Total
# Q-value    = 5.83536E+00 mass=  70.927720
# E-threshold= 0.00000E+00
# # energies =    40
#     E          xs
 1.00000E+00 8.42586E+00
 2.00000E+00 5.04019E+00
 3.00000E+00 5.15539E+00
 4.00000E+00 5.17613E+00
 5.00000E+00 4.24500E+00
 6.00000E+00 3.08049E+00
 7.00000E+00 2.18229E+00
 8.00000E+00 1.51513E+00
 9.00000E+00 1.06728E+00
 1.00000E+01 8.42323E-01
 1.10000E+01 8.09928E-01
 1.20000E+01 8.82777E-01
 1.30000E+01 9.84365E-01
 1.40000E+01 1.04231E+00
 1.50000E+01 1.06186E+00
 1.60000E+01 1.01594E+00
 1.70000E+01 9.27326E-01
 1.80000E+01 8.20850E-01
 1.90000E+01 6.93821E-01
 2.00000E+01 5.75895E-01
 2.10000E+01 4.87536E-01
 2.20000E+01 4.20681E-01
 2.30000E+01 3.65092E-01
 2.40000E+01 3.22459E-01
 2.50000E+01 2.91108E-01
 2.60000E+01 2.66291E-01
 2.70000E+01 2.46608E-01
 2.80000E+01 2.28234E-01
 2.90000E+01 2.12091E-01
 3.00000E+01 1.99010E-01
 3.10000E+01 1.87824E-01
 3.20000E+01 1.78811E-01
 3.30000E+01 1.70430E-01
 3.40000E+01 1.62249E-01
 3.50000E+01 1.53477E-01
 3.60000E+01 1.45114E-01
 3.70000E+01 1.39523E-01
 3.80000E+01 1.30121E-01
 3.90000E+01 1.30160E-01
 4.00000E+01 1.22593E-01
