# n +  68Zn: Production of  68Zn - Total
# Q-value    =-1.07737E+00 mass=  67.924844
# E-threshold= 1.09337E+00
# # energies =    40
#     E          xs
 1.00000E+00 2.30315E-01
 2.00000E+00 8.70592E+02
 3.00000E+00 1.34681E+03
 4.00000E+00 1.65378E+03
 5.00000E+00 1.71507E+03
 6.00000E+00 1.69455E+03
 7.00000E+00 1.65807E+03
 8.00000E+00 1.62522E+03
 9.00000E+00 1.59847E+03
 1.00000E+01 1.57546E+03
 1.10000E+01 1.40423E+03
 1.20000E+01 1.03272E+03
 1.30000E+01 7.41830E+02
 1.40000E+01 5.63677E+02
 1.50000E+01 4.57379E+02
 1.60000E+01 3.94258E+02
 1.70000E+01 3.54618E+02
 1.80000E+01 3.27273E+02
 1.90000E+01 3.06703E+02
 2.00000E+01 2.91187E+02
 2.10000E+01 2.77559E+02
 2.20000E+01 2.63692E+02
 2.30000E+01 2.54454E+02
 2.40000E+01 2.41499E+02
 2.50000E+01 2.35972E+02
 2.60000E+01 2.25411E+02
 2.70000E+01 2.19531E+02
 2.80000E+01 2.10369E+02
 2.90000E+01 2.02897E+02
 3.00000E+01 1.98182E+02
 3.10000E+01 1.89700E+02
 3.20000E+01 1.82918E+02
 3.30000E+01 1.78106E+02
 3.40000E+01 1.72700E+02
 3.50000E+01 1.65548E+02
 3.60000E+01 1.60123E+02
 3.70000E+01 1.55868E+02
 3.80000E+01 1.51994E+02
 3.90000E+01 1.45992E+02
 4.00000E+01 1.40664E+02
