# n +  70Zn: Production of  69Zn - Level  1     0.43864 MeV
# Q-value    =-9.65685E+00 mass=  68.926550
# E-threshold= 9.79615E+00
# # energies =    40
#     E          xs      Branching
 1.00000E+00 0.00000E+00 0.00000E+00
 2.00000E+00 0.00000E+00 0.00000E+00
 3.00000E+00 0.00000E+00 0.00000E+00
 4.00000E+00 0.00000E+00 0.00000E+00
 5.00000E+00 0.00000E+00 0.00000E+00
 6.00000E+00 0.00000E+00 0.00000E+00
 7.00000E+00 0.00000E+00 0.00000E+00
 8.00000E+00 0.00000E+00 0.00000E+00
 9.00000E+00 0.00000E+00 0.00000E+00
 1.00000E+01 2.16106E+01 2.13895E-01
 1.10000E+01 2.75785E+02 5.12343E-01
 1.20000E+01 4.66882E+02 5.53075E-01
 1.30000E+01 5.90177E+02 5.75990E-01
 1.40000E+01 6.58620E+02 5.89897E-01
 1.50000E+01 7.08769E+02 6.06349E-01
 1.60000E+01 7.40509E+02 6.21215E-01
 1.70000E+01 7.58376E+02 6.37934E-01
 1.80000E+01 7.55126E+02 6.61201E-01
 1.90000E+01 7.22873E+02 6.88229E-01
 2.00000E+01 6.64722E+02 7.11992E-01
 2.10000E+01 5.86784E+02 7.31550E-01
 2.20000E+01 5.07182E+02 7.44419E-01
 2.30000E+01 4.34480E+02 7.50517E-01
 2.40000E+01 3.77259E+02 7.52545E-01
 2.50000E+01 3.29743E+02 7.51475E-01
 2.60000E+01 2.95008E+02 7.51982E-01
 2.70000E+01 2.68213E+02 7.48391E-01
 2.80000E+01 2.45305E+02 7.47051E-01
 2.90000E+01 2.31080E+02 7.47354E-01
 3.00000E+01 2.17688E+02 7.47012E-01
 3.10000E+01 2.06192E+02 7.46541E-01
 3.20000E+01 1.97081E+02 7.48672E-01
 3.30000E+01 1.90133E+02 7.50835E-01
 3.40000E+01 1.81913E+02 7.49889E-01
 3.50000E+01 1.75073E+02 7.50316E-01
 3.60000E+01 1.69476E+02 7.54559E-01
 3.70000E+01 1.63766E+02 7.56119E-01
 3.80000E+01 1.59049E+02 7.55296E-01
 3.90000E+01 1.54488E+02 7.56014E-01
 4.00000E+01 1.48801E+02 7.57874E-01
