# n +  66Zn: Production of  66Zn - Total
# Q-value    =-1.03923E+00 mass=  65.926034
# E-threshold= 1.05513E+00
# # energies =    40
#     E          xs
 1.00000E+00 2.27336E-01
 2.00000E+00 9.81679E+02
 3.00000E+00 1.46886E+03
 4.00000E+00 1.78170E+03
 5.00000E+00 1.79890E+03
 6.00000E+00 1.74210E+03
 7.00000E+00 1.68094E+03
 8.00000E+00 1.63572E+03
 9.00000E+00 1.60225E+03
 1.00000E+01 1.57168E+03
 1.10000E+01 1.53064E+03
 1.20000E+01 1.31026E+03
 1.30000E+01 9.82735E+02
 1.40000E+01 7.29100E+02
 1.50000E+01 5.72166E+02
 1.60000E+01 4.84417E+02
 1.70000E+01 4.29533E+02
 1.80000E+01 3.94187E+02
 1.90000E+01 3.69998E+02
 2.00000E+01 3.50780E+02
 2.10000E+01 3.33258E+02
 2.20000E+01 3.19697E+02
 2.30000E+01 3.08509E+02
 2.40000E+01 2.95381E+02
 2.50000E+01 2.87686E+02
 2.60000E+01 2.75716E+02
 2.70000E+01 2.68105E+02
 2.80000E+01 2.57657E+02
 2.90000E+01 2.49306E+02
 3.00000E+01 2.42124E+02
 3.10000E+01 2.32233E+02
 3.20000E+01 2.24914E+02
 3.30000E+01 2.18331E+02
 3.40000E+01 2.10152E+02
 3.50000E+01 2.03068E+02
 3.60000E+01 1.96917E+02
 3.70000E+01 1.91066E+02
 3.80000E+01 1.84225E+02
 3.90000E+01 1.78105E+02
 4.00000E+01 1.72616E+02
