# n +  66Zn: Production of  65Zn - Total
# Q-value    =-1.10585E+01 mass=  64.929241
# E-threshold= 1.12277E+01
# # energies =    40
#     E          xs
 1.00000E+00 0.00000E+00
 2.00000E+00 0.00000E+00
 3.00000E+00 0.00000E+00
 4.00000E+00 0.00000E+00
 5.00000E+00 0.00000E+00
 6.00000E+00 0.00000E+00
 7.00000E+00 0.00000E+00
 8.00000E+00 0.00000E+00
 9.00000E+00 0.00000E+00
 1.00000E+01 0.00000E+00
 1.10000E+01 0.00000E+00
 1.20000E+01 1.75593E+02
 1.30000E+01 4.76255E+02
 1.40000E+01 7.05194E+02
 1.50000E+01 8.33010E+02
 1.60000E+01 8.83703E+02
 1.70000E+01 8.97678E+02
 1.80000E+01 8.90587E+02
 1.90000E+01 8.71936E+02
 2.00000E+01 8.48557E+02
 2.10000E+01 8.15620E+02
 2.20000E+01 7.62543E+02
 2.30000E+01 6.89186E+02
 2.40000E+01 6.09880E+02
 2.50000E+01 5.29388E+02
 2.60000E+01 4.65432E+02
 2.70000E+01 4.10649E+02
 2.80000E+01 3.66922E+02
 2.90000E+01 3.33155E+02
 3.00000E+01 3.08880E+02
 3.10000E+01 2.89993E+02
 3.20000E+01 2.74963E+02
 3.30000E+01 2.60248E+02
 3.40000E+01 2.51224E+02
 3.50000E+01 2.41449E+02
 3.60000E+01 2.33262E+02
 3.70000E+01 2.24847E+02
 3.80000E+01 2.18650E+02
 3.90000E+01 2.13074E+02
 4.00000E+01 2.06554E+02
