# n +  68Zn: Production of  67Zn - Total
# Q-value    =-1.01981E+01 mass=  66.927127
# E-threshold= 1.03495E+01
# # energies =    40
#     E          xs
 1.00000E+00 0.00000E+00
 2.00000E+00 0.00000E+00
 3.00000E+00 0.00000E+00
 4.00000E+00 0.00000E+00
 5.00000E+00 0.00000E+00
 6.00000E+00 0.00000E+00
 7.00000E+00 0.00000E+00
 8.00000E+00 0.00000E+00
 9.00000E+00 0.00000E+00
 1.00000E+01 0.00000E+00
 1.10000E+01 1.49206E+02
 1.20000E+01 4.98226E+02
 1.30000E+01 7.67095E+02
 1.40000E+01 9.23993E+02
 1.50000E+01 1.00835E+03
 1.60000E+01 1.04689E+03
 1.70000E+01 1.05736E+03
 1.80000E+01 1.05006E+03
 1.90000E+01 1.02108E+03
 2.00000E+01 9.57548E+02
 2.10000E+01 8.70089E+02
 2.20000E+01 7.71439E+02
 2.30000E+01 6.70895E+02
 2.40000E+01 5.83626E+02
 2.50000E+01 5.08072E+02
 2.60000E+01 4.49464E+02
 2.70000E+01 4.01499E+02
 2.80000E+01 3.67074E+02
 2.90000E+01 3.38752E+02
 3.00000E+01 3.15764E+02
 3.10000E+01 2.98578E+02
 3.20000E+01 2.84541E+02
 3.30000E+01 2.71326E+02
 3.40000E+01 2.58485E+02
 3.50000E+01 2.51511E+02
 3.60000E+01 2.42226E+02
 3.70000E+01 2.32099E+02
 3.80000E+01 2.24638E+02
 3.90000E+01 2.19032E+02
 4.00000E+01 2.11925E+02
