# n +  68Zn: Production of  69Zn - Level  1     0.43864 MeV
# Q-value    = 6.04344E+00 mass=  68.926550
# E-threshold= 0.00000E+00
# # energies =    40
#     E          xs      Branching
 1.00000E+00 4.49647E+00 2.48162E-01
 2.00000E+00 3.17809E+00 3.05849E-01
 3.00000E+00 2.30268E+00 3.03564E-01
 4.00000E+00 1.57662E+00 3.27637E-01
 5.00000E+00 1.46090E+00 3.71592E-01
 6.00000E+00 1.38730E+00 4.08489E-01
 7.00000E+00 1.28390E+00 4.40237E-01
 8.00000E+00 1.15269E+00 4.64082E-01
 9.00000E+00 1.00934E+00 4.84502E-01
 1.00000E+01 8.85805E-01 4.94930E-01
 1.10000E+01 7.98522E-01 4.88196E-01
 1.20000E+01 7.48709E-01 4.83598E-01
 1.30000E+01 7.24683E-01 4.82028E-01
 1.40000E+01 7.12160E-01 4.92157E-01
 1.50000E+01 6.99052E-01 5.06363E-01
 1.60000E+01 6.77394E-01 5.27626E-01
 1.70000E+01 6.38015E-01 5.53188E-01
 1.80000E+01 5.77158E-01 5.72176E-01
 1.90000E+01 5.05243E-01 5.87466E-01
 2.00000E+01 4.24865E-01 5.96802E-01
 2.10000E+01 3.53256E-01 5.95562E-01
 2.20000E+01 2.99717E-01 5.90734E-01
 2.30000E+01 2.57441E-01 5.86763E-01
 2.40000E+01 2.23312E-01 5.83953E-01
 2.50000E+01 1.98738E-01 5.79772E-01
 2.60000E+01 1.79368E-01 5.74208E-01
 2.70000E+01 1.64588E-01 5.70110E-01
 2.80000E+01 1.51173E-01 5.67736E-01
 2.90000E+01 1.39674E-01 5.66163E-01
 3.00000E+01 1.30309E-01 5.63852E-01
 3.10000E+01 1.22260E-01 5.60208E-01
 3.20000E+01 1.15691E-01 5.57352E-01
 3.30000E+01 1.09833E-01 5.54707E-01
 3.40000E+01 1.03784E-01 5.51855E-01
 3.50000E+01 9.81015E-02 5.51471E-01
 3.60000E+01 9.18267E-02 5.50939E-01
 3.70000E+01 8.65699E-02 5.50567E-01
 3.80000E+01 8.40158E-02 5.46900E-01
 3.90000E+01 8.03219E-02 5.46122E-01
 4.00000E+01 7.81161E-02 5.43067E-01
