# n +  70Zn: Production of  69Zn - Total
# Q-value    =-9.21821E+00 mass=  68.926550
# E-threshold= 9.35118E+00
# # energies =    40
#     E          xs
 1.00000E+00 0.00000E+00
 2.00000E+00 0.00000E+00
 3.00000E+00 0.00000E+00
 4.00000E+00 0.00000E+00
 5.00000E+00 0.00000E+00
 6.00000E+00 0.00000E+00
 7.00000E+00 0.00000E+00
 8.00000E+00 0.00000E+00
 9.00000E+00 0.00000E+00
 1.00000E+01 1.01034E+02
 1.10000E+01 5.38282E+02
 1.20000E+01 8.44158E+02
 1.30000E+01 1.02463E+03
 1.40000E+01 1.11650E+03
 1.50000E+01 1.16891E+03
 1.60000E+01 1.19203E+03
 1.70000E+01 1.18880E+03
 1.80000E+01 1.14205E+03
 1.90000E+01 1.05034E+03
 2.00000E+01 9.33608E+02
 2.10000E+01 8.02111E+02
 2.20000E+01 6.81312E+02
 2.30000E+01 5.78907E+02
 2.40000E+01 5.01310E+02
 2.50000E+01 4.38794E+02
 2.60000E+01 3.92308E+02
 2.70000E+01 3.58386E+02
 2.80000E+01 3.28365E+02
 2.90000E+01 3.09198E+02
 3.00000E+01 2.91412E+02
 3.10000E+01 2.76197E+02
 3.20000E+01 2.63240E+02
 3.30000E+01 2.53229E+02
 3.40000E+01 2.42586E+02
 3.50000E+01 2.33333E+02
 3.60000E+01 2.24602E+02
 3.70000E+01 2.16588E+02
 3.80000E+01 2.10578E+02
 3.90000E+01 2.04345E+02
 4.00000E+01 1.96340E+02
