# n +  70Zn: Production of  71Zn - Ground state
# Q-value    = 5.83536E+00 mass=  70.927720
# E-threshold= 0.00000E+00
# # energies =    40
#     E          xs      Branching
 1.00000E+00 3.62541E+00 4.30271E-01
 2.00000E+00 2.20383E+00 4.37251E-01
 3.00000E+00 1.94151E+00 3.76597E-01
 4.00000E+00 1.81433E+00 3.50518E-01
 5.00000E+00 1.37328E+00 3.23506E-01
 6.00000E+00 9.46231E-01 3.07169E-01
 7.00000E+00 6.50747E-01 2.98194E-01
 8.00000E+00 4.49507E-01 2.96679E-01
 9.00000E+00 3.23877E-01 3.03462E-01
 1.00000E+01 2.71341E-01 3.22134E-01
 1.10000E+01 2.88059E-01 3.55660E-01
 1.20000E+01 3.27498E-01 3.70987E-01
 1.30000E+01 3.66776E-01 3.72602E-01
 1.40000E+01 3.78279E-01 3.62924E-01
 1.50000E+01 3.77239E-01 3.55263E-01
 1.60000E+01 3.55568E-01 3.49990E-01
 1.70000E+01 3.24174E-01 3.49580E-01
 1.80000E+01 2.91928E-01 3.55641E-01
 1.90000E+01 2.50063E-01 3.60415E-01
 2.00000E+01 2.12833E-01 3.69569E-01
 2.10000E+01 1.83954E-01 3.77313E-01
 2.20000E+01 1.60525E-01 3.81585E-01
 2.30000E+01 1.39904E-01 3.83201E-01
 2.40000E+01 1.25001E-01 3.87649E-01
 2.50000E+01 1.13333E-01 3.89315E-01
 2.60000E+01 1.03898E-01 3.90168E-01
 2.70000E+01 9.64958E-02 3.91292E-01
 2.80000E+01 8.95890E-02 3.92532E-01
 2.90000E+01 8.34395E-02 3.93413E-01
 3.00000E+01 7.82969E-02 3.93431E-01
 3.10000E+01 7.38095E-02 3.92972E-01
 3.20000E+01 7.02702E-02 3.92987E-01
 3.30000E+01 6.69707E-02 3.92951E-01
 3.40000E+01 6.40286E-02 3.94632E-01
 3.50000E+01 6.03762E-02 3.93389E-01
 3.60000E+01 5.70793E-02 3.93341E-01
 3.70000E+01 5.47153E-02 3.92161E-01
 3.80000E+01 5.11955E-02 3.93446E-01
 3.90000E+01 5.09272E-02 3.91267E-01
 4.00000E+01 4.82309E-02 3.93423E-01
