# n +  70Zn: Production of  69Zn - Ground state
# Q-value    =-9.21821E+00 mass=  68.926550
# E-threshold= 9.35118E+00
# # energies =    40
#     E          xs      Branching
 1.00000E+00 0.00000E+00 0.00000E+00
 2.00000E+00 0.00000E+00 0.00000E+00
 3.00000E+00 0.00000E+00 0.00000E+00
 4.00000E+00 0.00000E+00 0.00000E+00
 5.00000E+00 0.00000E+00 0.00000E+00
 6.00000E+00 0.00000E+00 0.00000E+00
 7.00000E+00 0.00000E+00 0.00000E+00
 8.00000E+00 0.00000E+00 0.00000E+00
 9.00000E+00 0.00000E+00 0.00000E+00
 1.00000E+01 7.94230E+01 7.86105E-01
 1.10000E+01 2.62497E+02 4.87657E-01
 1.20000E+01 3.77276E+02 4.46925E-01
 1.30000E+01 4.34453E+02 4.24010E-01
 1.40000E+01 4.57880E+02 4.10103E-01
 1.50000E+01 4.60145E+02 3.93651E-01
 1.60000E+01 4.51524E+02 3.78785E-01
 1.70000E+01 4.30424E+02 3.62066E-01
 1.80000E+01 3.86926E+02 3.38799E-01
 1.90000E+01 3.27465E+02 3.11771E-01
 2.00000E+01 2.68886E+02 2.88008E-01
 2.10000E+01 2.15327E+02 2.68450E-01
 2.20000E+01 1.74131E+02 2.55581E-01
 2.30000E+01 1.44427E+02 2.49483E-01
 2.40000E+01 1.24052E+02 2.47455E-01
 2.50000E+01 1.09051E+02 2.48525E-01
 2.60000E+01 9.72995E+01 2.48018E-01
 2.70000E+01 9.01733E+01 2.51609E-01
 2.80000E+01 8.30597E+01 2.52949E-01
 2.90000E+01 7.81175E+01 2.52646E-01
 3.00000E+01 7.37239E+01 2.52988E-01
 3.10000E+01 7.00046E+01 2.53459E-01
 3.20000E+01 6.61596E+01 2.51328E-01
 3.30000E+01 6.30957E+01 2.49165E-01
 3.40000E+01 6.06735E+01 2.50111E-01
 3.50000E+01 5.82594E+01 2.49684E-01
 3.60000E+01 5.51267E+01 2.45441E-01
 3.70000E+01 5.28217E+01 2.43881E-01
 3.80000E+01 5.15294E+01 2.44704E-01
 3.90000E+01 4.98574E+01 2.43986E-01
 4.00000E+01 4.75388E+01 2.42125E-01
