# n +  64Zn: Production of  64Zn - Total
# Q-value    =-9.91560E-01 mass=  63.929142
# E-threshold= 1.00720E+00
# # energies =    40
#     E          xs
 1.00000E+00 2.64874E-01
 2.00000E+00 1.07833E+03
 3.00000E+00 1.38432E+03
 4.00000E+00 1.67416E+03
 5.00000E+00 1.65169E+03
 6.00000E+00 1.57328E+03
 7.00000E+00 1.50176E+03
 8.00000E+00 1.44287E+03
 9.00000E+00 1.39009E+03
 1.00000E+01 1.31301E+03
 1.10000E+01 1.13682E+03
 1.20000E+01 9.08851E+02
 1.30000E+01 7.02957E+02
 1.40000E+01 5.52772E+02
 1.50000E+01 4.54198E+02
 1.60000E+01 3.91917E+02
 1.70000E+01 3.51871E+02
 1.80000E+01 3.24931E+02
 1.90000E+01 3.05061E+02
 2.00000E+01 2.89186E+02
 2.10000E+01 2.75349E+02
 2.20000E+01 2.63462E+02
 2.30000E+01 2.52581E+02
 2.40000E+01 2.41503E+02
 2.50000E+01 2.34059E+02
 2.60000E+01 2.25633E+02
 2.70000E+01 2.18403E+02
 2.80000E+01 2.11157E+02
 2.90000E+01 2.04515E+02
 3.00000E+01 1.98404E+02
 3.10000E+01 1.92209E+02
 3.20000E+01 1.86059E+02
 3.30000E+01 1.79987E+02
 3.40000E+01 1.74033E+02
 3.50000E+01 1.68181E+02
 3.60000E+01 1.62550E+02
 3.70000E+01 1.57188E+02
 3.80000E+01 1.52061E+02
 3.90000E+01 1.47037E+02
 4.00000E+01 1.42266E+02
