# n +  66Zn: Production of  64Zn - Total
# Q-value    =-1.90378E+01 mass=  63.929142
# E-threshold= 1.93291E+01
# # energies =    40
#     E          xs
 1.00000E+00 0.00000E+00
 2.00000E+00 0.00000E+00
 3.00000E+00 0.00000E+00
 4.00000E+00 0.00000E+00
 5.00000E+00 0.00000E+00
 6.00000E+00 0.00000E+00
 7.00000E+00 0.00000E+00
 8.00000E+00 0.00000E+00
 9.00000E+00 0.00000E+00
 1.00000E+01 0.00000E+00
 1.10000E+01 0.00000E+00
 1.20000E+01 0.00000E+00
 1.30000E+01 0.00000E+00
 1.40000E+01 0.00000E+00
 1.50000E+01 0.00000E+00
 1.60000E+01 0.00000E+00
 1.70000E+01 0.00000E+00
 1.80000E+01 0.00000E+00
 1.90000E+01 0.00000E+00
 2.00000E+01 1.82089E+00
 2.10000E+01 1.43259E+01
 2.20000E+01 4.57507E+01
 2.30000E+01 9.62929E+01
 2.40000E+01 1.56474E+02
 2.50000E+01 2.11826E+02
 2.60000E+01 2.57698E+02
 2.70000E+01 2.90290E+02
 2.80000E+01 3.15969E+02
 2.90000E+01 3.29821E+02
 3.00000E+01 3.33628E+02
 3.10000E+01 3.35132E+02
 3.20000E+01 3.27657E+02
 3.30000E+01 3.17086E+02
 3.40000E+01 3.00326E+02
 3.50000E+01 2.82512E+02
 3.60000E+01 2.61773E+02
 3.70000E+01 2.42318E+02
 3.80000E+01 2.24454E+02
 3.90000E+01 2.07478E+02
 4.00000E+01 1.93850E+02
