# n +  70Zn: Production of  71Zn - Level  1     0.15770 MeV
# Q-value    = 5.67766E+00 mass=  70.927720
# E-threshold= 0.00000E+00
# # energies =    40
#     E          xs      Branching
 1.00000E+00 4.80046E+00 5.69729E-01
 2.00000E+00 2.83636E+00 5.62749E-01
 3.00000E+00 3.21389E+00 6.23403E-01
 4.00000E+00 3.36180E+00 6.49482E-01
 5.00000E+00 2.87172E+00 6.76494E-01
 6.00000E+00 2.13426E+00 6.92831E-01
 7.00000E+00 1.53155E+00 7.01806E-01
 8.00000E+00 1.06562E+00 7.03321E-01
 9.00000E+00 7.43398E-01 6.96538E-01
 1.00000E+01 5.70982E-01 6.77866E-01
 1.10000E+01 5.21869E-01 6.44340E-01
 1.20000E+01 5.55278E-01 6.29013E-01
 1.30000E+01 6.17589E-01 6.27398E-01
 1.40000E+01 6.64029E-01 6.37076E-01
 1.50000E+01 6.84618E-01 6.44737E-01
 1.60000E+01 6.60371E-01 6.50010E-01
 1.70000E+01 6.03152E-01 6.50420E-01
 1.80000E+01 5.28922E-01 6.44359E-01
 1.90000E+01 4.43758E-01 6.39585E-01
 2.00000E+01 3.63062E-01 6.30431E-01
 2.10000E+01 3.03582E-01 6.22687E-01
 2.20000E+01 2.60155E-01 6.18415E-01
 2.30000E+01 2.25189E-01 6.16799E-01
 2.40000E+01 1.97458E-01 6.12351E-01
 2.50000E+01 1.77775E-01 6.10685E-01
 2.60000E+01 1.62393E-01 6.09832E-01
 2.70000E+01 1.50112E-01 6.08708E-01
 2.80000E+01 1.38645E-01 6.07468E-01
 2.90000E+01 1.28652E-01 6.06587E-01
 3.00000E+01 1.20714E-01 6.06569E-01
 3.10000E+01 1.14014E-01 6.07028E-01
 3.20000E+01 1.08540E-01 6.07013E-01
 3.30000E+01 1.03459E-01 6.07049E-01
 3.40000E+01 9.82203E-02 6.05368E-01
 3.50000E+01 9.31010E-02 6.06611E-01
 3.60000E+01 8.80349E-02 6.06659E-01
 3.70000E+01 8.48074E-02 6.07839E-01
 3.80000E+01 7.89254E-02 6.06554E-01
 3.90000E+01 7.92324E-02 6.08733E-01
 4.00000E+01 7.43622E-02 6.06577E-01
