# n +  68Zn Total cross sections
# 
# 
# # energies =    40
#     E      Non-elastic    Elastic     Total     Comp. el.   Shape el.   Reaction   Comp. nonel   Direct    Pre-equil.  Dir. Capt.
 1.00000E+00 1.85081E+01 3.96713E+03 3.98564E+03 1.86799E+03 2.09914E+03 1.88650E+03 1.85081E+01 0.00000E+00 0.00000E+00 0.00000E+00
 2.00000E+00 8.80984E+02 2.30507E+03 3.18606E+03 8.25816E+02 1.47925E+03 1.70680E+03 8.18975E+02 6.20085E+01 0.00000E+00 0.00000E+00
 3.00000E+00 1.35440E+03 1.93506E+03 3.28946E+03 3.57613E+02 1.57745E+03 1.71201E+03 1.25555E+03 9.88463E+01 0.00000E+00 0.00000E+00
 4.00000E+00 1.65859E+03 1.93504E+03 3.59363E+03 1.10130E+02 1.82491E+03 1.76872E+03 1.51169E+03 1.38773E+02 7.56778E+00 0.00000E+00
 5.00000E+00 1.71904E+03 2.08147E+03 3.80052E+03 4.11093E+01 2.04036E+03 1.76015E+03 1.51567E+03 1.58893E+02 4.28555E+01 0.00000E+00
 6.00000E+00 1.69835E+03 2.17920E+03 3.87755E+03 1.59810E+01 2.16322E+03 1.71433E+03 1.45925E+03 1.63850E+02 7.31469E+01 0.00000E+00
 7.00000E+00 1.66278E+03 2.20392E+03 3.86670E+03 6.17627E+00 2.19774E+03 1.66896E+03 1.39792E+03 1.60920E+02 1.01486E+02 0.00000E+00
 8.00000E+00 1.63212E+03 2.16949E+03 3.80161E+03 2.39966E+00 2.16709E+03 1.63452E+03 1.34378E+03 1.54889E+02 1.29236E+02 0.00000E+00
 9.00000E+00 1.60908E+03 2.09521E+03 3.70428E+03 9.36110E-01 2.09427E+03 1.61002E+03 1.29189E+03 1.48837E+02 1.62168E+02 0.00000E+00
 1.00000E+01 1.59137E+03 1.99744E+03 3.58881E+03 3.67243E-01 1.99707E+03 1.59174E+03 1.24422E+03 1.43861E+02 1.96367E+02 0.00000E+00
 1.10000E+01 1.57593E+03 1.88787E+03 3.46380E+03 6.80538E-02 1.88780E+03 1.57600E+03 1.19685E+03 1.39885E+02 2.31935E+02 0.00000E+00
 1.20000E+01 1.56146E+03 1.77460E+03 3.33606E+03 2.70917E-02 1.77457E+03 1.56149E+03 1.14864E+03 1.36766E+02 2.68561E+02 0.00000E+00
 1.30000E+01 1.54924E+03 1.66319E+03 3.21243E+03 1.10375E-02 1.66318E+03 1.54925E+03 1.10136E+03 1.34014E+02 3.06256E+02 0.00000E+00
 1.40000E+01 1.54015E+03 1.55825E+03 3.09840E+03 4.63632E-03 1.55825E+03 1.54015E+03 1.05595E+03 1.31883E+02 3.44695E+02 0.00000E+00
 1.50000E+01 1.53307E+03 1.46312E+03 2.99619E+03 2.01142E-03 1.46312E+03 1.53307E+03 1.01084E+03 1.30406E+02 3.84243E+02 0.00000E+00
 1.60000E+01 1.52538E+03 1.37959E+03 2.90497E+03 8.98713E-04 1.37959E+03 1.52538E+03 9.65645E+02 1.29108E+02 4.23117E+02 0.00000E+00
 1.70000E+01 1.51477E+03 1.30795E+03 2.82272E+03 4.10013E-04 1.30795E+03 1.51477E+03 9.17922E+02 1.27828E+02 4.60958E+02 0.00000E+00
 1.80000E+01 1.50050E+03 1.24772E+03 2.74822E+03 1.90244E-04 1.24772E+03 1.50050E+03 8.69514E+02 1.26318E+02 4.95811E+02 0.00000E+00
 1.90000E+01 1.48340E+03 1.19821E+03 2.68161E+03 8.96762E-05 1.19821E+03 1.48340E+03 8.22234E+02 1.23903E+02 5.27736E+02 0.00000E+00
 2.00000E+01 1.46498E+03 1.15888E+03 2.62386E+03 4.28710E-05 1.15888E+03 1.46498E+03 7.75303E+02 1.21932E+02 5.57407E+02 0.00000E+00
 2.10000E+01 1.44668E+03 1.12931E+03 2.57599E+03 2.08749E-05 1.12931E+03 1.44668E+03 7.31340E+02 1.19869E+02 5.84292E+02 0.00000E+00
 2.20000E+01 1.42942E+03 1.10913E+03 2.53856E+03 1.03319E-05 1.10913E+03 1.42942E+03 6.87799E+02 1.18005E+02 6.11693E+02 0.00000E+00
 2.30000E+01 1.41354E+03 1.09789E+03 2.51144E+03 5.23735E-06 1.09789E+03 1.41354E+03 6.48427E+02 1.15997E+02 6.36526E+02 0.00000E+00
 2.40000E+01 1.39893E+03 1.09497E+03 2.49390E+03 2.72869E-06 1.09497E+03 1.39893E+03 6.13062E+02 1.14131E+02 6.58469E+02 0.00000E+00
 2.50000E+01 1.38525E+03 1.09955E+03 2.48480E+03 1.44928E-06 1.09955E+03 1.38525E+03 5.72870E+02 1.12870E+02 6.85537E+02 0.00000E+00
 2.60000E+01 1.37205E+03 1.11071E+03 2.48276E+03 8.08281E-07 1.11071E+03 1.37205E+03 5.40249E+02 1.11465E+02 7.05687E+02 0.00000E+00
 2.70000E+01 1.35900E+03 1.12740E+03 2.48639E+03 4.76462E-07 1.12740E+03 1.35900E+03 5.09952E+02 1.09713E+02 7.24098E+02 0.00000E+00
 2.80000E+01 1.34588E+03 1.14860E+03 2.49449E+03 3.02173E-07 1.14860E+03 1.34588E+03 4.81493E+02 1.07972E+02 7.40689E+02 0.00000E+00
 2.90000E+01 1.33264E+03 1.17336E+03 2.50600E+03 2.09601E-07 1.17336E+03 1.33264E+03 4.54720E+02 1.06204E+02 7.55458E+02 0.00000E+00
 3.00000E+01 1.31932E+03 1.20083E+03 2.52014E+03 1.59821E-07 1.20083E+03 1.31932E+03 4.28803E+02 1.04755E+02 7.68670E+02 0.00000E+00
 3.10000E+01 1.30602E+03 1.23028E+03 2.53630E+03 1.33005E-07 1.23028E+03 1.30602E+03 4.05522E+02 1.02493E+02 7.80161E+02 0.00000E+00
 3.20000E+01 1.29287E+03 1.26111E+03 2.55399E+03 1.18328E-07 1.26111E+03 1.29287E+03 3.83014E+02 1.00697E+02 7.90564E+02 0.00000E+00
 3.30000E+01 1.27998E+03 1.29283E+03 2.57281E+03 1.10263E-07 1.29283E+03 1.27998E+03 3.61877E+02 9.88704E+01 7.99819E+02 0.00000E+00
 3.40000E+01 1.26741E+03 1.32500E+03 2.59242E+03 1.05790E-07 1.32500E+03 1.26741E+03 3.42024E+02 9.70489E+01 8.08101E+02 0.00000E+00
 3.50000E+01 1.25520E+03 1.35728E+03 2.61248E+03 1.03292E-07 1.35728E+03 1.25520E+03 3.23356E+02 9.52782E+01 8.15590E+02 0.00000E+00
 3.60000E+01 1.24335E+03 1.38934E+03 2.63269E+03 1.01886E-07 1.38934E+03 1.24335E+03 3.05812E+02 9.35841E+01 8.22339E+02 0.00000E+00
 3.70000E+01 1.23184E+03 1.42090E+03 2.65275E+03 1.01088E-07 1.42090E+03 1.23184E+03 2.89443E+02 9.18203E+01 8.28385E+02 0.00000E+00
 3.80000E+01 1.22066E+03 1.45172E+03 2.67238E+03 1.00632E-07 1.45172E+03 1.22066E+03 2.74027E+02 9.00853E+01 8.33828E+02 0.00000E+00
 3.90000E+01 1.20977E+03 1.48156E+03 2.69133E+03 1.00370E-07 1.48156E+03 1.20977E+03 2.59515E+02 8.83691E+01 8.38713E+02 0.00000E+00
 4.00000E+01 1.19915E+03 1.51023E+03 2.70939E+03 1.00218E-07 1.51023E+03 1.19915E+03 2.45459E+02 8.70672E+01 8.43100E+02 0.00000E+00
