# n +  66Zn Total cross sections
# 
# 
# # energies =    40
#    E      Cross section
 1.00000E+00 4.07885E+03
 2.00000E+00 3.44587E+03
 3.00000E+00 3.48029E+03
 4.00000E+00 3.66970E+03
 5.00000E+00 3.78582E+03
 6.00000E+00 3.81630E+03
 7.00000E+00 3.78949E+03
 8.00000E+00 3.72531E+03
 9.00000E+00 3.63360E+03
 1.00000E+01 3.52207E+03
 1.10000E+01 3.39961E+03
 1.20000E+01 3.27539E+03
 1.30000E+01 3.15671E+03
 1.40000E+01 3.04771E+03
 1.50000E+01 2.94949E+03
 1.60000E+01 2.86152E+03
 1.70000E+01 2.78297E+03
 1.80000E+01 2.71324E+03
 1.90000E+01 2.65212E+03
 2.00000E+01 2.59987E+03
 2.10000E+01 2.55697E+03
 2.20000E+01 2.52370E+03
 2.30000E+01 2.49988E+03
 2.40000E+01 2.48484E+03
 2.50000E+01 2.47755E+03
 2.60000E+01 2.47678E+03
 2.70000E+01 2.48135E+03
 2.80000E+01 2.49016E+03
 2.90000E+01 2.50229E+03
 3.00000E+01 2.51696E+03
 3.10000E+01 2.53357E+03
 3.20000E+01 2.55161E+03
 3.30000E+01 2.57065E+03
 3.40000E+01 2.59031E+03
 3.50000E+01 2.61027E+03
 3.60000E+01 2.63022E+03
 3.70000E+01 2.64986E+03
 3.80000E+01 2.66895E+03
 3.90000E+01 2.68727E+03
 4.00000E+01 2.70462E+03
