# n +  70Zn Total cross sections
# 
# 
# # energies =    40
#     E      Non-elastic    Elastic     Total     Comp. el.   Shape el.   Reaction   Comp. nonel   Direct    Pre-equil.  Dir. Capt.
 1.00000E+00 3.22180E+02 3.66405E+03 3.98624E+03 1.52434E+03 2.13971E+03 1.84652E+03 3.05194E+02 1.69861E+01 0.00000E+00 0.00000E+00
 2.00000E+00 1.08507E+03 2.08183E+03 3.16690E+03 6.06037E+02 1.47579E+03 1.69111E+03 9.89816E+02 9.52570E+01 0.00000E+00 0.00000E+00
 3.00000E+00 1.46683E+03 1.83010E+03 3.29693E+03 2.59465E+02 1.57064E+03 1.72629E+03 1.34185E+03 1.24971E+02 0.00000E+00 0.00000E+00
 4.00000E+00 1.66826E+03 1.95831E+03 3.62657E+03 1.22166E+02 1.83614E+03 1.79043E+03 1.49906E+03 1.66570E+02 2.54787E+00 0.00000E+00
 5.00000E+00 1.73101E+03 2.11245E+03 3.84346E+03 4.37379E+01 2.06871E+03 1.77475E+03 1.51134E+03 1.83575E+02 3.52402E+01 0.00000E+00
 6.00000E+00 1.70840E+03 2.21600E+03 3.92440E+03 1.37740E+01 2.20223E+03 1.72217E+03 1.45859E+03 1.81027E+02 6.76197E+01 0.00000E+00
 7.00000E+00 1.66851E+03 2.24675E+03 3.91526E+03 4.21744E+00 2.24253E+03 1.67273E+03 1.39832E+03 1.70221E+02 9.86137E+01 0.00000E+00
 8.00000E+00 1.63560E+03 2.21592E+03 3.85152E+03 1.28263E+00 2.21464E+03 1.63688E+03 1.33851E+03 1.58439E+02 1.32201E+02 0.00000E+00
 9.00000E+00 1.61300E+03 2.14312E+03 3.75611E+03 3.96425E-01 2.14272E+03 1.61340E+03 1.28532E+03 1.48522E+02 1.67334E+02 0.00000E+00
 1.00000E+01 1.59708E+03 2.04531E+03 3.64239E+03 6.05145E-02 2.04525E+03 1.59714E+03 1.23820E+03 1.40848E+02 2.04051E+02 0.00000E+00
 1.10000E+01 1.58331E+03 1.93468E+03 3.51799E+03 2.07476E-02 1.93466E+03 1.58333E+03 1.19217E+03 1.34868E+02 2.41040E+02 0.00000E+00
 1.20000E+01 1.57070E+03 1.81923E+03 3.38993E+03 7.49047E-03 1.81922E+03 1.57071E+03 1.14655E+03 1.29813E+02 2.78197E+02 0.00000E+00
 1.30000E+01 1.56063E+03 1.70517E+03 3.26580E+03 2.83931E-03 1.70517E+03 1.56063E+03 1.10273E+03 1.25344E+02 3.15906E+02 0.00000E+00
 1.40000E+01 1.55355E+03 1.59753E+03 3.15108E+03 1.12842E-03 1.59753E+03 1.55355E+03 1.06113E+03 1.21468E+02 3.54117E+02 0.00000E+00
 1.50000E+01 1.54745E+03 1.49979E+03 3.04724E+03 4.67927E-04 1.49979E+03 1.54745E+03 1.01954E+03 1.18357E+02 3.92686E+02 0.00000E+00
 1.60000E+01 1.53924E+03 1.41355E+03 2.95279E+03 2.00774E-04 1.41355E+03 1.53924E+03 9.76493E+02 1.15713E+02 4.30209E+02 0.00000E+00
 1.70000E+01 1.52697E+03 1.33900E+03 2.86597E+03 8.83111E-05 1.33900E+03 1.52697E+03 9.31033E+02 1.13106E+02 4.65277E+02 0.00000E+00
 1.80000E+01 1.51077E+03 1.27571E+03 2.78648E+03 3.95997E-05 1.27571E+03 1.51077E+03 8.83502E+02 1.10520E+02 4.98475E+02 0.00000E+00
 1.90000E+01 1.49220E+03 1.22322E+03 2.71542E+03 1.81124E-05 1.22322E+03 1.49220E+03 8.36343E+02 1.07754E+02 5.29155E+02 0.00000E+00
 2.00000E+01 1.47309E+03 1.18126E+03 2.65435E+03 8.47026E-06 1.18126E+03 1.47309E+03 7.90768E+02 1.05009E+02 5.57548E+02 0.00000E+00
 2.10000E+01 1.45485E+03 1.14960E+03 2.60445E+03 4.07330E-06 1.14960E+03 1.45485E+03 7.48379E+02 1.02360E+02 5.83543E+02 0.00000E+00
 2.20000E+01 1.43814E+03 1.12796E+03 2.56610E+03 2.02075E-06 1.12796E+03 1.43814E+03 7.06928E+02 9.97913E+01 6.10144E+02 0.00000E+00
 2.30000E+01 1.42303E+03 1.11586E+03 2.53889E+03 1.04915E-06 1.11586E+03 1.42303E+03 6.69499E+02 9.71659E+01 6.34409E+02 0.00000E+00
 2.40000E+01 1.40917E+03 1.11256E+03 2.52173E+03 5.73439E-07 1.11256E+03 1.40917E+03 6.28509E+02 9.52158E+01 6.62776E+02 0.00000E+00
 2.50000E+01 1.39602E+03 1.11714E+03 2.51316E+03 3.42857E-07 1.11714E+03 1.39602E+03 5.97028E+02 9.33226E+01 6.82295E+02 0.00000E+00
 2.60000E+01 1.38311E+03 1.12849E+03 2.51160E+03 2.26074E-07 1.12849E+03 1.38311E+03 5.65900E+02 9.16663E+01 7.01548E+02 0.00000E+00
 2.70000E+01 1.37009E+03 1.14548E+03 2.51557E+03 1.66288E-07 1.14548E+03 1.37009E+03 5.36654E+02 8.99158E+01 7.19028E+02 0.00000E+00
 2.80000E+01 1.35684E+03 1.16701E+03 2.52385E+03 1.35237E-07 1.16701E+03 1.35684E+03 5.09000E+02 8.83238E+01 7.34640E+02 0.00000E+00
 2.90000E+01 1.34339E+03 1.19209E+03 2.53548E+03 1.18915E-07 1.19209E+03 1.34339E+03 4.82806E+02 8.65823E+01 7.48568E+02 0.00000E+00
 3.00000E+01 1.32986E+03 1.21987E+03 2.54972E+03 1.10251E-07 1.21987E+03 1.32986E+03 4.58111E+02 8.48245E+01 7.60731E+02 0.00000E+00
 3.10000E+01 1.31641E+03 1.24965E+03 2.56606E+03 1.05608E-07 1.24965E+03 1.31641E+03 4.34814E+02 8.30718E+01 7.71662E+02 0.00000E+00
 3.20000E+01 1.30319E+03 1.28086E+03 2.58405E+03 1.03099E-07 1.28086E+03 1.30319E+03 4.13271E+02 8.14056E+01 7.80928E+02 0.00000E+00
 3.30000E+01 1.29030E+03 1.31301E+03 2.60331E+03 1.01727E-07 1.31301E+03 1.29030E+03 3.92680E+02 7.97155E+01 7.89543E+02 0.00000E+00
 3.40000E+01 1.27779E+03 1.34569E+03 2.62348E+03 1.00971E-07 1.34569E+03 1.27779E+03 3.73264E+02 7.81586E+01 7.97274E+02 0.00000E+00
 3.50000E+01 1.26568E+03 1.37852E+03 2.64420E+03 1.00551E-07 1.37852E+03 1.26568E+03 3.55172E+02 7.65555E+01 8.04240E+02 0.00000E+00
 3.60000E+01 1.25394E+03 1.41119E+03 2.66514E+03 1.00315E-07 1.41119E+03 1.25394E+03 3.38183E+02 7.50020E+01 8.10518E+02 0.00000E+00
 3.70000E+01 1.24256E+03 1.44339E+03 2.68595E+03 1.00182E-07 1.44339E+03 1.24256E+03 3.22140E+02 7.35864E+01 8.16133E+02 0.00000E+00
 3.80000E+01 1.23149E+03 1.47485E+03 2.70634E+03 1.00106E-07 1.47485E+03 1.23149E+03 3.07103E+02 7.21545E+01 8.21135E+02 0.00000E+00
 3.90000E+01 1.22070E+03 1.50533E+03 2.72603E+03 1.00062E-07 1.50533E+03 1.22070E+03 2.92977E+02 7.07099E+01 8.25620E+02 0.00000E+00
 4.00000E+01 1.21017E+03 1.53462E+03 2.74479E+03 1.00037E-07 1.53462E+03 1.21017E+03 2.79687E+02 6.93020E+01 8.29605E+02 0.00000E+00
