# n +  64Zn Total cross sections
# 
# 
# # energies =    40
#    E      Cross section
 1.00000E+00 4.11622E+03
 2.00000E+00 3.49818E+03
 3.00000E+00 3.49595E+03
 4.00000E+00 3.64587E+03
 5.00000E+00 3.73881E+03
 6.00000E+00 3.75667E+03
 7.00000E+00 3.72319E+03
 8.00000E+00 3.65752E+03
 9.00000E+00 3.56778E+03
 1.00000E+01 3.45948E+03
 1.10000E+01 3.34069E+03
 1.20000E+01 3.22029E+03
 1.30000E+01 3.10520E+03
 1.40000E+01 2.99938E+03
 1.50000E+01 2.90423E+03
 1.60000E+01 2.81962E+03
 1.70000E+01 2.74492E+03
 1.80000E+01 2.67942E+03
 1.90000E+01 2.62257E+03
 2.00000E+01 2.57416E+03
 2.10000E+01 2.53431E+03
 2.20000E+01 2.50313E+03
 2.30000E+01 2.48051E+03
 2.40000E+01 2.46591E+03
 2.50000E+01 2.45853E+03
 2.60000E+01 2.45736E+03
 2.70000E+01 2.46136E+03
 2.80000E+01 2.46954E+03
 2.90000E+01 2.48102E+03
 3.00000E+01 2.49505E+03
 3.10000E+01 2.51100E+03
 3.20000E+01 2.52835E+03
 3.30000E+01 2.54666E+03
 3.40000E+01 2.56554E+03
 3.50000E+01 2.58466E+03
 3.60000E+01 2.60373E+03
 3.70000E+01 2.62248E+03
 3.80000E+01 2.64068E+03
 3.90000E+01 2.65812E+03
 4.00000E+01 2.67461E+03
