# n +  67Zn Total cross sections
# 
# 
# # energies =    40
#     E      Non-elastic    Elastic     Total     Comp. el.   Shape el.   Reaction   Comp. nonel   Direct    Pre-equil.  Dir. Capt.
 1.00000E+00 1.04320E+03 2.94229E+03 3.98549E+03 8.64243E+02 2.07805E+03 1.90744E+03 1.04307E+03 1.26004E-01 0.00000E+00 0.00000E+00
 2.00000E+00 1.46498E+03 1.73173E+03 3.19672E+03 2.51185E+02 1.48054E+03 1.71617E+03 1.46426E+03 4.91327E-01 2.28607E-01 0.00000E+00
 3.00000E+00 1.61171E+03 1.67521E+03 3.28692E+03 9.45821E+01 1.58063E+03 1.70629E+03 1.58349E+03 1.17199E+00 1.31597E+01 0.00000E+00
 4.00000E+00 1.71502E+03 1.86278E+03 3.57780E+03 4.33599E+01 1.81942E+03 1.75838E+03 1.63256E+03 2.43985E+00 3.48508E+01 0.00000E+00
 5.00000E+00 1.73442E+03 2.04444E+03 3.77886E+03 1.82492E+01 2.02619E+03 1.75267E+03 1.60766E+03 4.37825E+00 6.24065E+01 0.00000E+00
 6.00000E+00 1.70282E+03 2.15057E+03 3.85339E+03 7.00679E+00 2.14356E+03 1.70983E+03 1.53656E+03 6.22665E+00 9.35205E+01 0.00000E+00
 7.00000E+00 1.66373E+03 2.17772E+03 3.84145E+03 2.58648E+00 2.17513E+03 1.66632E+03 1.45658E+03 8.17575E+00 1.28233E+02 0.00000E+00
 8.00000E+00 1.63213E+03 2.14390E+03 3.77603E+03 7.06619E-01 2.14319E+03 1.63284E+03 1.37705E+03 9.54006E+00 1.66840E+02 0.00000E+00
 9.00000E+00 1.60800E+03 2.07032E+03 3.67833E+03 2.61585E-01 2.07006E+03 1.60826E+03 1.30251E+03 1.04669E+01 2.07702E+02 0.00000E+00
 1.00000E+01 1.58917E+03 1.97328E+03 3.56245E+03 9.89240E-02 1.97318E+03 1.58927E+03 1.23656E+03 1.10756E+01 2.50446E+02 0.00000E+00
 1.10000E+01 1.57263E+03 1.86473E+03 3.43737E+03 3.84490E-02 1.86469E+03 1.57267E+03 1.17441E+03 1.09365E+01 2.94184E+02 0.00000E+00
 1.20000E+01 1.55724E+03 1.75265E+03 3.30989E+03 1.53728E-02 1.75263E+03 1.55726E+03 1.11370E+03 1.09136E+01 3.37968E+02 0.00000E+00
 1.30000E+01 1.54396E+03 1.64263E+03 3.18659E+03 6.32852E-03 1.64262E+03 1.54397E+03 1.05450E+03 1.08582E+01 3.82725E+02 0.00000E+00
 1.40000E+01 1.53379E+03 1.53907E+03 3.07286E+03 2.69043E-03 1.53907E+03 1.53379E+03 9.99160E+02 1.06551E+01 4.27149E+02 0.00000E+00
 1.50000E+01 1.52601E+03 1.44525E+03 2.97126E+03 1.17939E-03 1.44525E+03 1.52601E+03 9.46029E+02 1.07504E+01 4.71618E+02 0.00000E+00
 1.60000E+01 1.51828E+03 1.36297E+03 2.88125E+03 5.31622E-04 1.36297E+03 1.51828E+03 8.94763E+02 1.04978E+01 5.14755E+02 0.00000E+00
 1.70000E+01 1.50824E+03 1.29265E+03 2.80090E+03 2.44913E-04 1.29265E+03 1.50824E+03 8.43561E+02 1.01768E+01 5.55229E+02 0.00000E+00
 1.80000E+01 1.49485E+03 1.23381E+03 2.72866E+03 1.14800E-04 1.23381E+03 1.49485E+03 7.92487E+02 9.87158E+00 5.92044E+02 0.00000E+00
 1.90000E+01 1.47854E+03 1.18569E+03 2.66423E+03 5.46296E-05 1.18569E+03 1.47854E+03 7.42230E+02 9.66870E+00 6.25372E+02 0.00000E+00
 2.00000E+01 1.46062E+03 1.14762E+03 2.60824E+03 2.63907E-05 1.14762E+03 1.46062E+03 6.93788E+02 9.23612E+00 6.55551E+02 0.00000E+00
 2.10000E+01 1.44246E+03 1.11910E+03 2.56155E+03 1.30141E-05 1.11910E+03 1.44246E+03 6.50847E+02 6.82166E+00 6.82062E+02 0.00000E+00
 2.20000E+01 1.42505E+03 1.09969E+03 2.52474E+03 6.50564E-06 1.09969E+03 1.42505E+03 6.07474E+02 6.46545E+00 7.07893E+02 0.00000E+00
 2.30000E+01 1.40887E+03 1.08893E+03 2.49780E+03 3.33747E-06 1.08893E+03 1.40887E+03 5.69540E+02 6.12793E+00 7.29668E+02 0.00000E+00
 2.40000E+01 1.39393E+03 1.08622E+03 2.48015E+03 1.75614E-06 1.08622E+03 1.39393E+03 5.33010E+02 5.80157E+00 7.51352E+02 0.00000E+00
 2.50000E+01 1.37996E+03 1.09083E+03 2.47079E+03 9.46890E-07 1.09083E+03 1.37996E+03 4.92130E+02 5.60038E+00 7.78281E+02 0.00000E+00
 2.60000E+01 1.36658E+03 1.10187E+03 2.46845E+03 5.44561E-07 1.10187E+03 1.36658E+03 4.60805E+02 5.60843E+00 7.96143E+02 0.00000E+00
 2.70000E+01 1.35346E+03 1.11839E+03 2.47184E+03 3.36286E-07 1.11839E+03 1.35346E+03 4.31951E+02 5.34175E+00 8.12246E+02 0.00000E+00
 2.80000E+01 1.34036E+03 1.13938E+03 2.47974E+03 2.26496E-07 1.13938E+03 1.34036E+03 4.03639E+02 6.56055E+00 8.26539E+02 0.00000E+00
 2.90000E+01 1.32719E+03 1.16392E+03 2.49111E+03 1.68575E-07 1.16392E+03 1.32719E+03 3.78289E+02 6.27985E+00 8.39396E+02 0.00000E+00
 3.00000E+01 1.31396E+03 1.19117E+03 2.50514E+03 1.37498E-07 1.19117E+03 1.31396E+03 3.54395E+02 6.13058E+00 8.50373E+02 0.00000E+00
 3.10000E+01 1.30075E+03 1.22041E+03 2.52116E+03 1.20690E-07 1.22041E+03 1.30075E+03 3.32180E+02 5.82500E+00 8.59954E+02 0.00000E+00
 3.20000E+01 1.28765E+03 1.25103E+03 2.53868E+03 1.11507E-07 1.25103E+03 1.28765E+03 3.11310E+02 5.58345E+00 8.68321E+02 0.00000E+00
 3.30000E+01 1.27478E+03 1.28251E+03 2.55729E+03 1.06451E-07 1.28251E+03 1.27478E+03 2.91777E+02 5.34955E+00 8.75552E+02 0.00000E+00
 3.40000E+01 1.26220E+03 1.31442E+03 2.57662E+03 1.03643E-07 1.31442E+03 1.26220E+03 2.73459E+02 5.07730E+00 8.81911E+02 0.00000E+00
 3.50000E+01 1.24995E+03 1.34642E+03 2.59637E+03 1.02073E-07 1.34642E+03 1.24995E+03 2.56272E+02 4.87027E+00 8.87497E+02 0.00000E+00
 3.60000E+01 1.23805E+03 1.37818E+03 2.61623E+03 1.01188E-07 1.37818E+03 1.23805E+03 2.40142E+02 4.68887E+00 8.92478E+02 0.00000E+00
 3.70000E+01 1.22649E+03 1.40943E+03 2.63592E+03 1.00685E-07 1.40943E+03 1.22649E+03 2.24955E+02 4.49375E+00 8.96962E+02 0.00000E+00
 3.80000E+01 1.21526E+03 1.43992E+03 2.65518E+03 1.00397E-07 1.43992E+03 1.21526E+03 2.10657E+02 4.36249E+00 9.00889E+02 0.00000E+00
 3.90000E+01 1.20432E+03 1.46945E+03 2.67377E+03 1.00232E-07 1.46945E+03 1.20432E+03 1.97164E+02 4.17609E+00 9.04432E+02 0.00000E+00
 4.00000E+01 1.19366E+03 1.49782E+03 2.69148E+03 1.00136E-07 1.49782E+03 1.19366E+03 1.84432E+02 4.05496E+00 9.07533E+02 0.00000E+00
