# n +  66Zn Total cross sections
# 
# 
# # energies =    40
#     E      Non-elastic    Elastic     Total     Comp. el.   Shape el.   Reaction   Comp. nonel   Direct    Pre-equil.  Dir. Capt.
 1.00000E+00 2.27920E+01 4.05606E+03 4.07885E+03 2.16642E+03 1.88964E+03 2.18921E+03 2.27920E+01 0.00000E+00 0.00000E+00 0.00000E+00
 2.00000E+00 9.93961E+02 2.45191E+03 3.44587E+03 1.03159E+03 1.42032E+03 2.02555E+03 9.38649E+02 5.53124E+01 0.00000E+00 0.00000E+00
 3.00000E+00 1.47877E+03 2.00152E+03 3.48029E+03 4.71533E+02 1.52999E+03 1.95030E+03 1.36905E+03 1.09718E+02 0.00000E+00 0.00000E+00
 4.00000E+00 1.78887E+03 1.88083E+03 3.66970E+03 1.30487E+02 1.75034E+03 1.91936E+03 1.62007E+03 1.66739E+02 1.90485E+00 0.00000E+00
 5.00000E+00 1.81127E+03 1.97456E+03 3.78582E+03 4.42217E+01 1.93034E+03 1.85549E+03 1.59298E+03 1.85463E+02 3.15839E+01 0.00000E+00
 6.00000E+00 1.76913E+03 2.04716E+03 3.81630E+03 1.59953E+01 2.03116E+03 1.78513E+03 1.51581E+03 1.86348E+02 6.53258E+01 0.00000E+00
 7.00000E+00 1.72387E+03 2.06562E+03 3.78949E+03 5.94408E+00 2.05968E+03 1.72981E+03 1.44100E+03 1.84340E+02 9.66229E+01 0.00000E+00
 8.00000E+00 1.68952E+03 2.03579E+03 3.72531E+03 2.27035E+00 2.03352E+03 1.69179E+03 1.37774E+03 1.81679E+02 1.27994E+02 0.00000E+00
 9.00000E+00 1.66304E+03 1.97057E+03 3.63360E+03 8.82699E-01 1.96969E+03 1.66392E+03 1.31916E+03 1.78741E+02 1.62932E+02 0.00000E+00
 1.00000E+01 1.63940E+03 1.88267E+03 3.52207E+03 3.45574E-01 1.88232E+03 1.63975E+03 1.26050E+03 1.76279E+02 2.00407E+02 0.00000E+00
 1.10000E+01 1.61676E+03 1.78285E+03 3.39961E+03 1.35142E-01 1.78271E+03 1.61690E+03 1.20066E+03 1.74278E+02 2.39624E+02 0.00000E+00
 1.20000E+01 1.59598E+03 1.67941E+03 3.27539E+03 2.50306E-02 1.67938E+03 1.59601E+03 1.14160E+03 1.72514E+02 2.79701E+02 0.00000E+00
 1.30000E+01 1.57835E+03 1.57836E+03 3.15671E+03 1.00471E-02 1.57835E+03 1.57836E+03 1.08450E+03 1.71088E+02 3.20622E+02 0.00000E+00
 1.40000E+01 1.56400E+03 1.48371E+03 3.04771E+03 4.14928E-03 1.48371E+03 1.56400E+03 1.02941E+03 1.70223E+02 3.62251E+02 0.00000E+00
 1.50000E+01 1.55139E+03 1.39810E+03 2.94949E+03 1.76801E-03 1.39810E+03 1.55139E+03 9.75670E+02 1.69004E+02 4.04622E+02 0.00000E+00
 1.60000E+01 1.53845E+03 1.32308E+03 2.86152E+03 7.74517E-04 1.32308E+03 1.53845E+03 9.22538E+02 1.68269E+02 4.45567E+02 0.00000E+00
 1.70000E+01 1.52371E+03 1.25926E+03 2.78297E+03 3.46488E-04 1.25926E+03 1.52371E+03 8.68338E+02 1.67768E+02 4.84898E+02 0.00000E+00
 1.80000E+01 1.50667E+03 1.20656E+03 2.71324E+03 1.57692E-04 1.20656E+03 1.50667E+03 8.14722E+02 1.66548E+02 5.21402E+02 0.00000E+00
 1.90000E+01 1.48771E+03 1.16441E+03 2.65212E+03 7.28856E-05 1.16441E+03 1.48771E+03 7.62554E+02 1.65022E+02 5.55215E+02 0.00000E+00
 2.00000E+01 1.46775E+03 1.13212E+03 2.59987E+03 3.43098E-05 1.13212E+03 1.46775E+03 7.14323E+02 1.62418E+02 5.84971E+02 0.00000E+00
 2.10000E+01 1.44788E+03 1.10909E+03 2.55697E+03 1.64161E-05 1.10909E+03 1.44788E+03 6.67907E+02 1.60134E+02 6.12508E+02 0.00000E+00
 2.20000E+01 1.42890E+03 1.09480E+03 2.52370E+03 7.98913E-06 1.09480E+03 1.42890E+03 6.22745E+02 1.57568E+02 6.40053E+02 0.00000E+00
 2.30000E+01 1.41118E+03 1.08870E+03 2.49988E+03 3.98597E-06 1.08870E+03 1.41118E+03 5.81690E+02 1.55102E+02 6.64828E+02 0.00000E+00
 2.40000E+01 1.39469E+03 1.09015E+03 2.48484E+03 2.04722E-06 1.09015E+03 1.39469E+03 5.43789E+02 1.52779E+02 6.87583E+02 0.00000E+00
 2.50000E+01 1.37916E+03 1.09839E+03 2.47755E+03 1.08155E-06 1.09839E+03 1.37916E+03 5.03802E+02 1.50502E+02 7.13283E+02 0.00000E+00
 2.60000E+01 1.36427E+03 1.11252E+03 2.47678E+03 6.06001E-07 1.11252E+03 1.36427E+03 4.70996E+02 1.48047E+02 7.32620E+02 0.00000E+00
 2.70000E+01 1.34972E+03 1.13163E+03 2.48135E+03 3.63995E-07 1.13163E+03 1.34972E+03 4.40290E+02 1.45600E+02 7.50308E+02 0.00000E+00
 2.80000E+01 1.33535E+03 1.15481E+03 2.49016E+03 2.39323E-07 1.15481E+03 1.33535E+03 4.11873E+02 1.43104E+02 7.66104E+02 0.00000E+00
 2.90000E+01 1.32107E+03 1.18122E+03 2.50229E+03 1.74193E-07 1.18122E+03 1.32107E+03 3.85102E+02 1.40712E+02 7.80388E+02 0.00000E+00
 3.00000E+01 1.30690E+03 1.21006E+03 2.51696E+03 1.39915E-07 1.21006E+03 1.30690E+03 3.60606E+02 1.38164E+02 7.92223E+02 0.00000E+00
 3.10000E+01 1.29291E+03 1.24066E+03 2.53357E+03 1.21623E-07 1.24066E+03 1.29291E+03 3.37034E+02 1.35574E+02 8.03411E+02 0.00000E+00
 3.20000E+01 1.27917E+03 1.27245E+03 2.55161E+03 1.11804E-07 1.27245E+03 1.27917E+03 3.14902E+02 1.33016E+02 8.13469E+02 0.00000E+00
 3.30000E+01 1.26574E+03 1.30491E+03 2.57065E+03 1.06496E-07 1.30491E+03 1.26574E+03 2.94188E+02 1.30384E+02 8.22408E+02 0.00000E+00
 3.40000E+01 1.25268E+03 1.33763E+03 2.59031E+03 1.03602E-07 1.33763E+03 1.25268E+03 2.74771E+02 1.27832E+02 8.30273E+02 0.00000E+00
 3.50000E+01 1.24002E+03 1.37026E+03 2.61027E+03 1.02013E-07 1.37026E+03 1.24002E+03 2.56690E+02 1.25190E+02 8.37345E+02 0.00000E+00
 3.60000E+01 1.22775E+03 1.40247E+03 2.63022E+03 1.01133E-07 1.40247E+03 1.22775E+03 2.39729E+02 1.22570E+02 8.43810E+02 0.00000E+00
 3.70000E+01 1.21586E+03 1.43400E+03 2.64986E+03 1.00642E-07 1.43400E+03 1.21586E+03 2.23807E+02 1.20009E+02 8.49680E+02 0.00000E+00
 3.80000E+01 1.20433E+03 1.46462E+03 2.66895E+03 1.00366E-07 1.46462E+03 1.20433E+03 2.08848E+02 1.17498E+02 8.54966E+02 0.00000E+00
 3.90000E+01 1.19314E+03 1.49413E+03 2.68727E+03 1.00210E-07 1.49413E+03 1.19314E+03 1.94819E+02 1.14980E+02 8.59738E+02 0.00000E+00
 4.00000E+01 1.18227E+03 1.52235E+03 2.70462E+03 1.00121E-07 1.52235E+03 1.18227E+03 1.81432E+02 1.12603E+02 8.64163E+02 0.00000E+00
