# n +  67Zn Total cross sections
# 
# 
# # energies =    40
#    E      Cross section
 1.00000E+00 3.98549E+03
 2.00000E+00 3.19672E+03
 3.00000E+00 3.28692E+03
 4.00000E+00 3.57780E+03
 5.00000E+00 3.77886E+03
 6.00000E+00 3.85339E+03
 7.00000E+00 3.84145E+03
 8.00000E+00 3.77603E+03
 9.00000E+00 3.67833E+03
 1.00000E+01 3.56245E+03
 1.10000E+01 3.43737E+03
 1.20000E+01 3.30989E+03
 1.30000E+01 3.18659E+03
 1.40000E+01 3.07286E+03
 1.50000E+01 2.97126E+03
 1.60000E+01 2.88125E+03
 1.70000E+01 2.80090E+03
 1.80000E+01 2.72866E+03
 1.90000E+01 2.66423E+03
 2.00000E+01 2.60824E+03
 2.10000E+01 2.56155E+03
 2.20000E+01 2.52474E+03
 2.30000E+01 2.49780E+03
 2.40000E+01 2.48015E+03
 2.50000E+01 2.47079E+03
 2.60000E+01 2.46845E+03
 2.70000E+01 2.47184E+03
 2.80000E+01 2.47974E+03
 2.90000E+01 2.49111E+03
 3.00000E+01 2.50514E+03
 3.10000E+01 2.52116E+03
 3.20000E+01 2.53868E+03
 3.30000E+01 2.55729E+03
 3.40000E+01 2.57662E+03
 3.50000E+01 2.59637E+03
 3.60000E+01 2.61623E+03
 3.70000E+01 2.63592E+03
 3.80000E+01 2.65518E+03
 3.90000E+01 2.67377E+03
 4.00000E+01 2.69148E+03
