# n +  70Zn Total cross sections
# 
# 
# # energies =    40
#    E      Cross section
 1.00000E+00 3.98624E+03
 2.00000E+00 3.16690E+03
 3.00000E+00 3.29693E+03
 4.00000E+00 3.62657E+03
 5.00000E+00 3.84346E+03
 6.00000E+00 3.92440E+03
 7.00000E+00 3.91526E+03
 8.00000E+00 3.85152E+03
 9.00000E+00 3.75611E+03
 1.00000E+01 3.64239E+03
 1.10000E+01 3.51799E+03
 1.20000E+01 3.38993E+03
 1.30000E+01 3.26580E+03
 1.40000E+01 3.15108E+03
 1.50000E+01 3.04724E+03
 1.60000E+01 2.95279E+03
 1.70000E+01 2.86597E+03
 1.80000E+01 2.78648E+03
 1.90000E+01 2.71542E+03
 2.00000E+01 2.65435E+03
 2.10000E+01 2.60445E+03
 2.20000E+01 2.56610E+03
 2.30000E+01 2.53889E+03
 2.40000E+01 2.52173E+03
 2.50000E+01 2.51316E+03
 2.60000E+01 2.51160E+03
 2.70000E+01 2.51557E+03
 2.80000E+01 2.52385E+03
 2.90000E+01 2.53548E+03
 3.00000E+01 2.54972E+03
 3.10000E+01 2.56606E+03
 3.20000E+01 2.58405E+03
 3.30000E+01 2.60331E+03
 3.40000E+01 2.62348E+03
 3.50000E+01 2.64420E+03
 3.60000E+01 2.66514E+03
 3.70000E+01 2.68595E+03
 3.80000E+01 2.70634E+03
 3.90000E+01 2.72603E+03
 4.00000E+01 2.74479E+03
