# n +  68Zn Total triton   production
# Q-value    =-1.06273E+01
# 
# # energies =    40
#    E         xs         Yield
 1.00000E+00 0.00000E+00 0.00000E+00
 2.00000E+00 0.00000E+00 0.00000E+00
 3.00000E+00 0.00000E+00 0.00000E+00
 4.00000E+00 0.00000E+00 0.00000E+00
 5.00000E+00 0.00000E+00 0.00000E+00
 6.00000E+00 0.00000E+00 0.00000E+00
 7.00000E+00 0.00000E+00 0.00000E+00
 8.00000E+00 0.00000E+00 0.00000E+00
 9.00000E+00 0.00000E+00 0.00000E+00
 1.00000E+01 0.00000E+00 0.00000E+00
 1.10000E+01 0.00000E+00 0.00000E+00
 1.20000E+01 2.80691E-15 1.79762E-18
 1.30000E+01 3.58649E-06 2.31500E-09
 1.40000E+01 5.19790E-04 3.37494E-07
 1.50000E+01 1.16368E-02 7.59055E-06
 1.60000E+01 9.67079E-02 6.33993E-05
 1.70000E+01 3.30379E-01 2.18105E-04
 1.80000E+01 7.38380E-01 4.92090E-04
 1.90000E+01 1.33684E+00 9.01198E-04
 2.00000E+01 2.04201E+00 1.39388E-03
 2.10000E+01 2.84767E+00 1.96842E-03
 2.20000E+01 3.72362E+00 2.60499E-03
 2.30000E+01 4.64332E+00 3.28489E-03
 2.40000E+01 5.58546E+00 3.99266E-03
 2.50000E+01 6.45619E+00 4.66067E-03
 2.60000E+01 7.40476E+00 5.39686E-03
 2.70000E+01 8.32685E+00 6.12719E-03
 2.80000E+01 9.22663E+00 6.85546E-03
 2.90000E+01 1.00870E+01 7.56917E-03
 3.00000E+01 1.09021E+01 8.26341E-03
 3.10000E+01 1.16767E+01 8.94065E-03
 3.20000E+01 1.23701E+01 9.56795E-03
 3.30000E+01 1.29891E+01 1.01479E-02
 3.40000E+01 1.35764E+01 1.07119E-02
 3.50000E+01 1.41106E+01 1.12417E-02
 3.60000E+01 1.45973E+01 1.17403E-02
 3.70000E+01 1.50466E+01 1.22147E-02
 3.80000E+01 1.54567E+01 1.26626E-02
 3.90000E+01 1.58390E+01 1.30926E-02
 4.00000E+01 1.61968E+01 1.35069E-02
