# n +  67Zn Total triton   production
# Q-value    =-7.49512E+00
# 
# # energies =    40
#    E         xs         Yield
 1.00000E+00 0.00000E+00 0.00000E+00
 2.00000E+00 0.00000E+00 0.00000E+00
 3.00000E+00 0.00000E+00 0.00000E+00
 4.00000E+00 0.00000E+00 0.00000E+00
 5.00000E+00 0.00000E+00 0.00000E+00
 6.00000E+00 0.00000E+00 0.00000E+00
 7.00000E+00 0.00000E+00 0.00000E+00
 8.00000E+00 4.09481E-30 2.50887E-33
 9.00000E+00 3.12068E-09 1.94072E-12
 1.00000E+01 1.57345E-05 9.90110E-09
 1.10000E+01 6.16506E-04 3.92022E-07
 1.20000E+01 4.33010E-03 2.78062E-06
 1.30000E+01 1.71634E-02 1.11164E-05
 1.40000E+01 6.93165E-02 4.51930E-05
 1.50000E+01 2.77238E-01 1.81675E-04
 1.60000E+01 7.35067E-01 4.84144E-04
 1.70000E+01 1.43591E+00 9.52047E-04
 1.80000E+01 2.33360E+00 1.56109E-03
 1.90000E+01 3.38467E+00 2.28920E-03
 2.00000E+01 4.52009E+00 3.09464E-03
 2.10000E+01 5.70787E+00 3.95704E-03
 2.20000E+01 6.91545E+00 4.85277E-03
 2.30000E+01 8.15230E+00 5.78641E-03
 2.40000E+01 9.33203E+00 6.69476E-03
 2.50000E+01 1.04712E+01 7.58802E-03
 2.60000E+01 1.15711E+01 8.46718E-03
 2.70000E+01 1.26180E+01 9.32277E-03
 2.80000E+01 1.35971E+01 1.01443E-02
 2.90000E+01 1.44965E+01 1.09227E-02
 3.00000E+01 1.54208E+01 1.17361E-02
 3.10000E+01 1.61272E+01 1.23984E-02
 3.20000E+01 1.67707E+01 1.30243E-02
 3.30000E+01 1.73432E+01 1.36048E-02
 3.40000E+01 1.77582E+01 1.40692E-02
 3.50000E+01 1.82244E+01 1.45801E-02
 3.60000E+01 1.86496E+01 1.50637E-02
 3.70000E+01 1.90283E+01 1.55144E-02
 3.80000E+01 1.94122E+01 1.59737E-02
 3.90000E+01 1.97319E+01 1.63843E-02
 4.00000E+01 2.00210E+01 1.67728E-02
