# n +  64Zn Total triton   production
# Q-value    =-1.00951E+01
# 
# # energies =    40
#    E         xs         Yield
 1.00000E+00 0.00000E+00 0.00000E+00
 2.00000E+00 0.00000E+00 0.00000E+00
 3.00000E+00 0.00000E+00 0.00000E+00
 4.00000E+00 0.00000E+00 0.00000E+00
 5.00000E+00 0.00000E+00 0.00000E+00
 6.00000E+00 0.00000E+00 0.00000E+00
 7.00000E+00 0.00000E+00 0.00000E+00
 8.00000E+00 0.00000E+00 0.00000E+00
 9.00000E+00 0.00000E+00 0.00000E+00
 1.00000E+01 0.00000E+00 0.00000E+00
 1.10000E+01 1.40219E-38 8.63060E-42
 1.20000E+01 2.24834E-07 1.40323E-10
 1.30000E+01 1.70473E-04 1.07712E-07
 1.40000E+01 5.93646E-03 3.79049E-06
 1.50000E+01 6.41528E-02 4.13444E-05
 1.60000E+01 2.84217E-01 1.84839E-04
 1.70000E+01 7.61887E-01 5.00330E-04
 1.80000E+01 1.43875E+00 9.55157E-04
 1.90000E+01 2.30286E+00 1.54740E-03
 2.00000E+01 3.31065E+00 2.25366E-03
 2.10000E+01 4.42049E+00 3.04958E-03
 2.20000E+01 5.59422E+00 3.91054E-03
 2.30000E+01 6.80023E+00 4.81443E-03
 2.40000E+01 8.01507E+00 5.74372E-03
 2.50000E+01 9.24245E+00 6.70058E-03
 2.60000E+01 1.03179E+01 7.56481E-03
 2.70000E+01 1.14722E+01 8.50418E-03
 2.80000E+01 1.25804E+01 9.42796E-03
 2.90000E+01 1.35582E+01 1.02719E-02
 3.00000E+01 1.44630E+01 1.10771E-02
 3.10000E+01 1.53766E+01 1.19052E-02
 3.20000E+01 1.62280E+01 1.27004E-02
 3.30000E+01 1.69706E+01 1.34237E-02
 3.40000E+01 1.76413E+01 1.41016E-02
 3.50000E+01 1.82416E+01 1.47326E-02
 3.60000E+01 1.88131E+01 1.53489E-02
 3.70000E+01 1.93005E+01 1.59036E-02
 3.80000E+01 1.97490E+01 1.64325E-02
 3.90000E+01 2.01605E+01 1.69357E-02
 4.00000E+01 2.05364E+01 1.74139E-02
