# n +  66Zn Total triton   production
# Q-value    =-1.03531E+01
# 
# # energies =    40
#    E         xs         Yield
 1.00000E+00 0.00000E+00 0.00000E+00
 2.00000E+00 0.00000E+00 0.00000E+00
 3.00000E+00 0.00000E+00 0.00000E+00
 4.00000E+00 0.00000E+00 0.00000E+00
 5.00000E+00 0.00000E+00 0.00000E+00
 6.00000E+00 0.00000E+00 0.00000E+00
 7.00000E+00 0.00000E+00 0.00000E+00
 8.00000E+00 0.00000E+00 0.00000E+00
 9.00000E+00 0.00000E+00 0.00000E+00
 1.00000E+01 0.00000E+00 0.00000E+00
 1.10000E+01 0.00000E+00 0.00000E+00
 1.20000E+01 5.54167E-09 3.47225E-12
 1.30000E+01 2.17952E-05 1.38089E-08
 1.40000E+01 1.53693E-03 9.82694E-07
 1.50000E+01 3.06170E-02 1.97352E-05
 1.60000E+01 1.13050E-01 7.34829E-05
 1.70000E+01 3.98681E-01 2.61651E-04
 1.80000E+01 9.01169E-01 5.98120E-04
 1.90000E+01 1.59563E+00 1.07254E-03
 2.00000E+01 2.46576E+00 1.67996E-03
 2.10000E+01 3.41812E+00 2.36078E-03
 2.20000E+01 4.43177E+00 3.10153E-03
 2.30000E+01 5.50659E+00 3.90212E-03
 2.40000E+01 6.57443E+00 4.71390E-03
 2.50000E+01 7.63648E+00 5.53705E-03
 2.60000E+01 8.68505E+00 6.36608E-03
 2.70000E+01 9.70703E+00 7.19188E-03
 2.80000E+01 1.06942E+01 8.00854E-03
 2.90000E+01 1.16663E+01 8.83098E-03
 3.00000E+01 1.25497E+01 9.60265E-03
 3.10000E+01 1.33686E+01 1.03399E-02
 3.20000E+01 1.42220E+01 1.11181E-02
 3.30000E+01 1.48991E+01 1.17711E-02
 3.40000E+01 1.55064E+01 1.23786E-02
 3.50000E+01 1.60622E+01 1.29532E-02
 3.60000E+01 1.65616E+01 1.34894E-02
 3.70000E+01 1.70466E+01 1.40202E-02
 3.80000E+01 1.74599E+01 1.44976E-02
 3.90000E+01 1.78357E+01 1.49485E-02
 4.00000E+01 1.81868E+01 1.53829E-02
