# n +  70Zn Total triton   production
# Q-value    =-1.08762E+01
# 
# # energies =    40
#    E         xs         Yield
 1.00000E+00 0.00000E+00 0.00000E+00
 2.00000E+00 0.00000E+00 0.00000E+00
 3.00000E+00 0.00000E+00 0.00000E+00
 4.00000E+00 0.00000E+00 0.00000E+00
 5.00000E+00 0.00000E+00 0.00000E+00
 6.00000E+00 0.00000E+00 0.00000E+00
 7.00000E+00 0.00000E+00 0.00000E+00
 8.00000E+00 0.00000E+00 0.00000E+00
 9.00000E+00 0.00000E+00 0.00000E+00
 1.00000E+01 0.00000E+00 0.00000E+00
 1.10000E+01 0.00000E+00 0.00000E+00
 1.20000E+01 1.87913E-38 1.19643E-41
 1.30000E+01 1.64310E-07 1.05285E-10
 1.40000E+01 7.20292E-05 4.63643E-08
 1.50000E+01 4.46926E-03 2.88815E-06
 1.60000E+01 5.22115E-02 3.39203E-05
 1.70000E+01 1.85679E-01 1.21599E-04
 1.80000E+01 4.22639E-01 2.79751E-04
 1.90000E+01 8.62352E-01 5.77906E-04
 2.00000E+01 1.50531E+00 1.02188E-03
 2.10000E+01 2.18509E+00 1.50194E-03
 2.20000E+01 2.94868E+00 2.05034E-03
 2.30000E+01 3.74685E+00 2.63301E-03
 2.40000E+01 4.56876E+00 3.24217E-03
 2.50000E+01 5.40299E+00 3.87028E-03
 2.60000E+01 6.24868E+00 4.51785E-03
 2.70000E+01 7.06745E+00 5.15838E-03
 2.80000E+01 7.86754E+00 5.79843E-03
 2.90000E+01 8.64281E+00 6.43358E-03
 3.00000E+01 9.38533E+00 7.05738E-03
 3.10000E+01 1.00862E+01 7.66188E-03
 3.20000E+01 1.07970E+01 8.28504E-03
 3.30000E+01 1.13913E+01 8.82842E-03
 3.40000E+01 1.19507E+01 9.35264E-03
 3.50000E+01 1.24665E+01 9.84962E-03
 3.60000E+01 1.29459E+01 1.03242E-02
 3.70000E+01 1.33866E+01 1.07734E-02
 3.80000E+01 1.37970E+01 1.12035E-02
 3.90000E+01 1.41805E+01 1.16167E-02
 4.00000E+01 1.45392E+01 1.20142E-02
