
                       be used for evaluation purposes
                                                            29-Mar-2019 15:01
                       _________________________________

                       P E A K     F I T     R E P O R T
                       _________________________________

 Spectrum file Analysed: AC03162019_FP02_10cm_HPGE2.Chn   
 Sample Title :                                                  

 Spectrum saved on 16-Mar-2019 at 22:23    Collected on 15-Mar-2019 at 16:41
 Sample  Taken  on 15-Mar-2019 at 16:41    Decayed      0 Days,     0 mins.

            Detector file number used:     3
            Energy     Calibration Performed on 27-Mar-2019 at 16:26
            Peak Shape Calibration Performed on 27-Mar-2019 at 16:29


   Datetime:  15-Mar-2019 16:41
   Live:      106489. 

   Reported Activity values were rounded     
   FitzPeaks Version: 3.71 23rd January 2014           

 Peak   Centre   FW@HM         Goodness   Peak      %      Gammas       %      2 Sigma
Energy  Channel  (KeV)  Signif  of Fit    Area   Uncert.  per sec.   Uncert. Background

   68.7   365.5   0.94     7.0    0.64      2560   42.1   2.4044e-02   42.1    32330
   70.5   375.3   0.94     9.3    0.64      5453   20.0   5.1204e-02   20.0    32330
   74.6   397.0   1.09!   10.1    1.46      7906   14.1   7.4246e-02   14.1    42522
   76.8   408.8   1.09!   18.9    1.46     17314    6.7   1.6259e-01    6.7    46774
   79.4   422.8   1.10!    4.2    1.46      4043   27.5   3.7967e-02   27.5    46774
   86.9   462.4   0.96     5.7    1.88      5148   19.8   4.8341e-02   19.8    40782
   89.6   476.7   0.97     4.7    1.88      1986   50.7   1.8646e-02   50.7    45313
   95.0   505.6   0.97     4.1    1.45      2605   27.0   2.4466e-02   27.0    41816
  106.5   567.0   0.99     3.5    1.55      2497   27.5   2.3451e-02   27.5    48567
  108.9   579.6   0.99     4.7    1.55      3062   22.0   2.8758e-02   22.0    48567
  125.3   667.0   1.16!   40.2    1.38     44144    2.1   4.1454e-01    2.1    57565
  140.1   746.1   1.03     7.5    1.24      4902   13.8   4.6036e-02   13.8    44817
  190.9  1016.4   1.25!    8.1    1.02      5064   11.6   4.7553e-02   11.6    38693
  195.5  1040.8   1.25!   29.5    1.02     24543    2.7   2.3048e-01    2.7    35717
  215.4  1146.8   1.11     6.3    1.61      3371   16.1   3.1652e-02   16.1    27324
  234.4  1248.4   1.31!   14.1    1.41      9403    5.8   8.8300e-02    5.8    27720
  245.2  1305.5   1.27    24.2    1.45     14687    3.7   1.3792e-01    3.7    24713
  248.5  1323.4   1.27     9.6    1.45      4983   10.6   4.6789e-02   10.6    24713
  277.6  1478.4   1.19     3.8    1.10      1107   35.8   1.0396e-02   35.8    17356
  285.2  1519.0   1.37    23.3    0.81     13902    3.6   1.3055e-01    3.6    18686
  293.2  1561.5   1.21     3.4    0.69       699   51.4   6.5616e-03   51.4    13711
  303.3  1615.1   1.35    21.3    1.12     10656    3.9   1.0006e-01    3.9    14755
  308.4  1642.3   1.36     3.6    1.12      1225   30.5   1.1506e-02   30.5    14755
  324.6  1728.5   1.24     4.7    1.08      1363   25.4   1.2797e-02   25.4    13107
  337.0  1794.5   1.26     3.4    1.07       912   29.4   8.5651e-03   29.4    11987
  343.5  1829.1   1.26     4.9    1.07      1652   16.7   1.5511e-02   16.7    11065
  347.5  1850.9   1.27     9.9    1.07      3036    9.3   2.8514e-02    9.3    11065
  361.5  1925.3   1.41    34.9    1.05     19776    2.4   1.8570e-01    2.4    11096
  403.4  2148.6   1.33     3.4    1.31       599   48.4   5.6236e-03   48.4     8340
  420.6  2239.9   1.36     3.3    0.81       579   46.4   5.4345e-03   46.4     8252
  475.5  2532.5   1.42     5.3    0.87      1115   23.2   1.0474e-02   23.2     6121
  524.8  2795.1   1.70!   12.7   49.94     18891    5.5   1.7740e-01    5.5     9121
  573.6  3054.9   1.53     6.7    1.15      2267   11.7   2.1287e-02   11.7     5402
  599.0  3190.4   1.56    26.6    0.70      8634    3.6   8.1083e-02    3.6     5380
  625.8  3333.3   1.69    40.7    0.94     21331    1.8   2.0031e-01    1.8     5248
  683.8  3641.8   1.66     3.5    1.07       533   40.5   5.0051e-03   40.5     4142
  744.8  3967.0   1.74     5.4    0.85      2023   10.8   1.8996e-02   10.8     3591
  747.0  3978.6   1.74     5.6    0.85      1703   12.7   1.5995e-02   12.7     3815
  777.3  4140.2   1.77     4.1    1.48       792   26.1   7.4379e-03   26.1     3390
  789.3  4203.7   1.79     8.4    1.83      1831   13.6   1.7194e-02   13.6     3678
  807.2  4299.3   1.81     4.8    0.95       744   21.9   6.9830e-03   21.9     3088
  816.7  4349.6   1.82     6.7    0.95      1066   16.7   1.0013e-02   16.7     3088
  828.5  4412.6   1.84     3.8    1.20       882   24.7   8.2812e-03   24.7     2952
  833.0  4436.4   1.85    56.7    1.20     35075    1.2   3.2937e-01    1.2     2952
  858.1  4570.3   1.87     3.5    1.25       617   25.9   5.7953e-03   25.9     2962
  863.1  4597.1   1.87     3.3    1.25       361   43.8   3.3858e-03   43.8     2962
  870.2  4634.8   1.88     3.6    1.25       443   36.8   4.1621e-03   36.8     2962
  884.1  4709.0   1.90     5.8    1.13      1084   18.8   1.0177e-02   18.8     2918
  934.1  4975.1   1.98    13.6    1.29      6516    4.1   6.1190e-02    4.1     2946
  936.2  4986.1   1.98    13.1    1.29      6245    4.3   5.8646e-02    4.3     2946
  959.6  5111.1   1.99     8.0    1.08      1268   15.1   1.1904e-02   15.1     2664
  991.2  5279.1   2.05     6.4    1.23      1469   13.5   1.3791e-02   13.5     2715
  995.5  5302.5   2.06    18.1    1.23      3826    5.8   3.5924e-02    5.8     2580
 1028.8  5479.4   2.07     3.7    0.71       490   35.9   4.6003e-03   35.9     2457
 1146.2  6105.1   2.12     5.7    1.16      1080   18.1   1.0146e-02   18.1     2517
 1151.1  6130.8   2.13    25.4    1.16      6353    3.8   5.9660e-02    3.8     2517
 1187.0  6322.2   2.25     6.1    0.82       813   23.5   7.6333e-03   23.5     2730
 1272.2  6776.0   2.51    12.1    0.95      2789    8.1   2.6193e-02    8.1     2965
 1309.5  6974.6   2.40     3.9    1.24       265   58.2   2.4852e-03   58.2     1995
 1316.4  7011.6   2.41     5.1    1.24       558   27.5   5.2389e-03   27.5     1995
 1415.5  7539.5   2.39    13.3    1.03      1707    7.8   1.6034e-02    7.8     1172
 1423.1  7579.7   2.40     4.5    1.03       319   36.4   2.9918e-03   36.4     1172
 1440.1  7670.6   2.55     6.7    0.90       537   23.4   5.0430e-03   23.4     1142
 1446.6  7705.2   2.56     9.4    0.90      1035   12.9   9.7231e-03   12.9     1142
 1501.0  7994.5   2.47    82.2    2.93     52678    1.0   4.9468e-01    1.0     1285
 1537.1  8186.9   2.67     3.6    1.24       165   54.7   1.5518e-03   54.7      765
 1550.7  8259.4   2.68     8.3    1.24       822   12.9   7.7221e-03   12.9      765
 1631.9  8691.7   2.78     6.9    1.07       507   23.1   4.7603e-03   23.1      816
 1636.3  8715.6   2.78     6.1    1.07       749   16.2   7.0316e-03   16.2      848
 1665.4  8870.5   2.82     5.0    1.18       421   20.2   3.9559e-03   20.2      536
 1675.4  8923.8   2.83     7.1    1.18       367   24.3   3.4482e-03   24.3      516
 1707.0  9091.8   2.87     5.5    0.83       460   16.4   4.3185e-03   16.4      470
 1721.0  9166.3   2.88     3.5    0.83       120   59.6   1.1240e-03   59.6      470
 1777.2  9466.0   3.02    10.4    1.15      1175    9.2   1.1031e-02    9.2      427
 1813.1  9656.9   2.69    28.3    1.38      5907    3.0   5.5473e-02    3.0      459
 1898.1 10110.0   3.09     8.7    1.01       739   13.5   6.9371e-03   13.5      422
 2161.1 11510.7   3.40     6.8    0.92       963    9.3   9.0470e-03    9.3      416
 2176.8 11594.2   3.42     6.8    0.92       455   17.2   4.2719e-03   17.2      416
 2264.5 12061.7   3.51    14.4    1.16      1858    6.7   1.7452e-02    6.7      382
 2514.6 13393.8   3.81     9.0    1.23       543   15.1   5.1010e-03   15.1      251
 2686.1 14307.2   3.52    34.8    1.72      7596    2.5   7.1335e-02    2.5      160

 ! indicates the Iterative Peak Width fitting reached a limiting value.
