
                       be used for evaluation purposes
                                                            29-Mar-2019 15:03
                       _________________________________

                       P E A K     F I T     R E P O R T
                       _________________________________

 Spectrum file Analysed: AD03172019_FP08_10cm_HPGE2.Chn   
 Sample Title :                                                  

 Spectrum saved on 17-Mar-2019 at 20:58    Collected on 16-Mar-2019 at 22:26
 Sample  Taken  on 16-Mar-2019 at 22:26    Decayed      0 Days,     0 mins.

            Detector file number used:     3
            Energy     Calibration Performed on 27-Mar-2019 at 16:26
            Peak Shape Calibration Performed on 27-Mar-2019 at 16:29


   Datetime:  16-Mar-2019 22:26
   Live:      80843.0 

   Reported Activity values were rounded     
   FitzPeaks Version: 3.71 23rd January 2014           

 Peak   Centre   FW@HM         Goodness   Peak      %      Gammas       %      2 Sigma
Energy  Channel  (KeV)  Signif  of Fit    Area   Uncert.  per sec.   Uncert. Background

   68.6   365.2   1.08!    4.1    1.93      2457   31.6   3.0393e-02   31.6    33727
   70.5   375.2   1.09!    7.8    1.93      4986   15.9   6.1671e-02   15.9    33727
   74.7   397.5   1.09!    8.0    1.93      6290   12.9   7.7805e-02   12.9    33727
   76.8   408.9   1.09!   16.5    1.93     14079    6.1   1.7416e-01    6.1    33727
   79.2   421.7   1.10!    4.3    1.93      3834   21.4   4.7426e-02   21.4    33727
   86.9   462.3   0.96     4.5    1.66      3786   22.9   4.6831e-02   22.9    35744
   89.6   477.2   0.97     3.7    1.66      1538   55.9   1.9023e-02   55.9    35744
   95.0   505.8   0.97     3.6    1.73      1988   32.3   2.4586e-02   32.3    36281
  106.4   566.6   0.99     3.7    0.79      1508   37.3   1.8647e-02   37.3    37863
  108.8   579.4   0.99     4.5    0.79      2294   23.9   2.8373e-02   23.9    37863
  125.3   667.0   1.16!   44.6    1.33     46643    1.9   5.7696e-01    1.9    44828
  140.1   746.0   1.03     7.3    1.40      4926   12.5   6.0938e-02   12.5    35132
  191.0  1016.9   1.23     6.1    1.53      3523   15.0   4.3578e-02   15.0    28502
  195.4  1040.7   1.24    33.1    1.53     26057    2.5   3.2232e-01    2.5    28502
  215.3  1146.7   1.11     7.7    1.13      2544   17.6   3.1465e-02   17.6    22187
  234.4  1248.3   1.28    14.3    1.02      7125    6.6   8.8130e-02    6.6    22484
  245.2  1305.5   1.28    20.0    1.07     10952    4.3   1.3548e-01    4.3    19813
  248.5  1323.5   1.29     6.3    1.07      3645   12.0   4.5086e-02   12.0    19813
  285.2  1519.0   1.31    19.1    0.83     10314    4.0   1.2757e-01    4.0    13222
  303.3  1615.3   1.28    16.5    0.86      7801    4.3   9.6501e-02    4.3    12114
  308.3  1641.8   1.29     4.3    0.86       949   32.4   1.1742e-02   32.4    11182
  324.6  1728.5   1.24     3.9    0.91      1089   28.4   1.3474e-02   28.4    10791
  336.9  1794.3   1.26     3.3    0.94       573   42.6   7.0891e-03   42.6     9964
  343.5  1829.3   1.26     7.0    0.94      1533   16.4   1.8959e-02   16.4     9964
  347.6  1851.0   1.27     7.5    0.94      2434   11.2   3.0106e-02   11.2     9198
  361.5  1925.2   1.44    28.5    1.20     15508    2.7   1.9183e-01    2.7     9099
  403.5  2149.0   1.33     4.0    1.20       811   33.8   1.0031e-02   33.8     6816
  475.5  2532.5   1.42     3.4    1.34      1061   23.0   1.3123e-02   23.0     5086
  524.9  2795.4   1.70!   16.0   14.26     15937   10.8   1.9713e-01   10.8    21729
  573.6  3055.0   1.53     8.5    1.05      2257   10.7   2.7922e-02   10.7     4562
  599.0  3190.4   1.66    20.3    1.06      6677    4.7   8.2597e-02    4.7     5303
  625.8  3333.2   1.66    36.9    0.99     15952    2.3   1.9732e-01    2.3     5130
  683.8  3641.8   1.66     4.0    0.77       545   35.5   6.7427e-03   35.5     3445
  744.7  3966.2   1.74     6.4    2.03      2443    8.8   3.0225e-02    8.8     2959
  747.0  3978.6   1.74     4.8    2.03      1554   13.0   1.9227e-02   13.0     2959
  777.4  4140.4   1.77     4.5    1.01       916   20.2   1.1336e-02   20.2     2736
  786.9  4191.0   1.78     5.3    0.99       625   28.8   7.7282e-03   28.8     2909
  789.3  4203.7   1.79     7.4    0.99      1457   13.1   1.8020e-02   13.1     2748
  807.3  4299.9   1.81     3.7    0.94       656   21.9   8.1161e-03   21.9     2692
  816.7  4349.8   1.82     5.3    0.94       733   22.0   9.0676e-03   22.0     2542
  833.0  4436.4   1.86    84.8    3.04     69315    1.0   8.5740e-01    1.0     3120
  858.2  4570.7   1.87     3.5    0.75       535   31.5   6.6226e-03   31.5     2424
  870.0  4633.6   1.88     6.2    1.18       533   32.6   6.5922e-03   32.6     2219
  884.2  4709.5   1.90     6.6    0.78       891   18.3   1.1023e-02   18.3     2269
  887.8  4728.6   1.90     4.4    0.78       441   36.5   5.4550e-03   36.5     2269
  934.1  4975.1   1.94    15.1    0.98      5198    4.2   6.4297e-02    4.2     2223
  936.2  4986.4   1.94    12.2    0.98      4506    4.9   5.5736e-02    4.9     2347
  959.7  5111.5   1.99     5.4    1.09       962   17.6   1.1902e-02   17.6     2053
  975.8  5197.2   2.01     3.6    0.92       333   48.1   4.1216e-03   48.1     2012
  991.2  5279.0   2.01     5.8    0.91       987   16.6   1.2206e-02   16.6     2077
  995.5  5302.4   2.02    16.5    0.91      2899    6.3   3.5861e-02    6.3     1973
 1028.6  5478.6   2.07     3.4    1.06       420   38.1   5.1924e-03   38.1     1814
 1146.3  6105.3   2.11     7.6    1.19      1205   14.3   1.4905e-02   14.3     1922
 1151.0  6130.7   2.12    22.5    1.19      4705    4.6   5.8194e-02    4.6     1922
 1187.0  6322.3   2.25     4.9    0.95       515   31.8   6.3753e-03   31.8     1970
 1205.2  6419.4   2.28     3.4    0.86       296   55.2   3.6571e-03   55.2     1972
 1272.1  6775.6   2.46    11.1    0.95      2211    9.0   2.7351e-02    9.0     2244
 1316.2  7010.2   2.41     5.9    1.19       479   32.2   5.9307e-03   32.2     1610
 1415.4  7538.9   2.31    11.2    1.26      1187    9.9   1.4679e-02    9.9      838
 1423.8  7583.6   2.32     4.3    1.26       272   36.1   3.3695e-03   36.1      838
 1440.1  7670.5   2.55     4.8    0.94       450   24.6   5.5671e-03   24.6      927
 1446.6  7705.2   2.56     6.1    0.94       647   18.2   8.0057e-03   18.2      890
 1500.9  7994.5   2.48    70.5    2.93     40010    1.3   4.9491e-01    1.3     1053
 1537.0  8186.3   2.67     3.5    1.07       164   46.6   2.0238e-03   46.6      587
 1550.7  8259.6   2.68     5.7    1.07       632   14.4   7.8116e-03   14.4      587
 1632.0  8692.4   2.78     4.1    1.00       448   22.5   5.5476e-03   22.5      602
 1636.4  8715.9   2.78     5.1    1.00       576   18.0   7.1256e-03   18.0      602
 1665.4  8870.2   2.82     4.1    1.14       277   25.9   3.4220e-03   25.9      401
 1675.6  8924.6   2.83     3.6    1.14       233   31.2   2.8817e-03   31.2      417
 1707.0  9092.1   2.87     3.8    1.09       316   21.8   3.9116e-03   21.8      364
 1721.0  9166.3   2.88     4.3    1.09       166   39.1   2.0546e-03   39.1      364
 1777.1  9465.2   2.95     9.8    1.19       897   10.6   1.1099e-02   10.6      326
 1813.0  9656.7   2.66    25.2    1.16      4498    3.4   5.5633e-02    3.4      378
 1898.2 10110.5   3.09     8.3    1.00       601   14.6   7.4402e-03   14.6      316
 2161.2 11511.1   3.40     4.9    1.21       695   11.1   8.6022e-03   11.1      301
 2176.5 11592.9   3.42     4.4    1.21       316   21.2   3.9058e-03   21.2      301
 2264.5 12061.7   3.34    13.3    1.25      1397    7.1   1.7285e-02    7.1      276
 2514.6 13393.6   3.81     7.5    1.11       448   15.6   5.5474e-03   15.6      172
 2686.1 14307.0   3.44    32.3    1.45      5787    2.8   7.1584e-02    2.8      126

 ! indicates the Iterative Peak Width fitting reached a limiting value.
