
                       be used for evaluation purposes
                                                            29-Mar-2019 15:07
                       _________________________________

                       P E A K     F I T     R E P O R T
                       _________________________________

 Spectrum file Analysed: AF03192019_FP04_10cm_HPGE2.Chn   
 Sample Title :                                                  

 Spectrum saved on 19-Mar-2019 at  9:36    Collected on 18-Mar-2019 at  9:27
 Sample  Taken  on 18-Mar-2019 at  9:27    Decayed      0 Days,     0 mins.

            Detector file number used:     3
            Energy     Calibration Performed on 27-Mar-2019 at 16:26
            Peak Shape Calibration Performed on 27-Mar-2019 at 16:29


   Datetime:  18-Mar-2019  9:27
   Live:      86646.0 

   Reported Activity values were rounded     
   FitzPeaks Version: 3.71 23rd January 2014           

 Peak   Centre   FW@HM         Goodness   Peak      %      Gammas       %      2 Sigma
Energy  Channel  (KeV)  Signif  of Fit    Area   Uncert.  per sec.   Uncert. Background

   68.7   365.5   1.08!    5.0    1.42      2473   28.0   2.8538e-02   28.0    34349
   70.5   375.2   1.08!    7.0    1.42      5069   13.7   5.8504e-02   13.7    34349
   74.7   397.3   1.09!    9.3    1.42      6334   11.0   7.3106e-02   11.0    34349
   76.8   408.9   1.09!   17.9    1.42     14787    5.0   1.7066e-01    5.0    34349
   79.4   422.5   1.10!    3.8    1.42      3949   18.2   4.5579e-02   18.2    34349
   86.9   462.6   0.96     5.9    1.94      4055   21.9   4.6794e-02   21.9    32423
   89.5   476.5   0.97     7.0    1.94      1887   48.0   2.1775e-02   48.0    32423
   95.0   506.0   0.97     3.5    1.20      2045   30.1   2.3602e-02   30.1    37053
  106.5   566.8   0.99     3.4    1.25      1774   33.0   2.0469e-02   33.0    38700
  108.9   579.6   0.99     4.8    1.25      2769   20.9   3.1959e-02   20.9    38700
  120.0   639.1   1.00     3.3    0.96      1030   58.6   1.1893e-02   58.6    39031
  125.3   667.0   1.16!   29.4    1.06     26016    3.1   3.0025e-01    3.1    45801
  140.2   746.2   1.03     5.0    0.84      2750   21.1   3.1742e-02   21.1    36070
  190.9  1016.6   1.23     5.6    1.08      4018   13.1   4.6378e-02   13.1    30760
  195.5  1040.7   1.24    21.2    1.08     13858    4.0   1.5994e-01    4.0    28394
  215.3  1146.4   1.11     3.6    1.21      2469   18.9   2.8490e-02   18.9    22078
  234.4  1248.3   1.31!   12.4    1.26      7367    6.9   8.5025e-02    6.9    22351
  245.2  1305.5   1.31    22.4    0.88     12102    4.1   1.3967e-01    4.1    19673
  248.4  1323.0   1.31     8.2    0.88      3966   11.4   4.5767e-02   11.4    18160
  285.3  1519.1   1.31    22.3    0.98     11021    4.0   1.2719e-01    4.0    13811
  303.3  1615.2   1.33    21.3    1.18      8588    4.3   9.9120e-02    4.3    11747
  308.4  1642.6   1.33     3.5    1.18       727   45.3   8.3881e-03   45.3    11747
  324.4  1727.8   1.24     4.6    0.95      1076   29.3   1.2423e-02   29.3     9618
  336.9  1794.1   1.26     3.5    1.27       784   30.9   9.0464e-03   30.9     8659
  343.4  1829.0   1.26     6.8    1.27      1488   16.3   1.7169e-02   16.3     8659
  347.6  1851.0   1.27     6.7    1.27      2492   11.8   2.8761e-02   11.8     8659
  361.5  1925.2   1.41    31.5    0.81     16169    2.4   1.8662e-01    2.4     8802
  403.7  2150.2   1.33     4.3    1.27       619   42.1   7.1385e-03   42.1     6554
  420.4  2239.1   1.35     3.4    0.82       481   51.1   5.5476e-03   51.1     6567
  475.6  2533.1   1.42     3.3    1.10       932   25.0   1.0760e-02   25.0     5242
  524.8  2795.2   1.70!   12.1   26.49     11736    7.5   1.3545e-01    7.5     7754
  573.6  3055.0   1.53     7.2    0.82      1246   17.8   1.4383e-02   17.8     3962
  599.0  3190.3   1.65    23.5    0.99      7130    4.0   8.2286e-02    4.0     4335
  625.8  3333.2   1.67    38.9    1.14     17196    2.0   1.9846e-01    2.0     4079
  683.5  3640.3   1.66     4.6    1.04       578   33.8   6.6747e-03   33.8     3238
  744.9  3967.2   1.74     3.3    1.33      1231   16.1   1.4212e-02   16.1     2994
  747.1  3979.1   1.74     6.4    1.33      1505   13.3   1.7370e-02   13.3     2818
  777.1  4138.6   1.77     3.3    1.01       528   34.8   6.0954e-03   34.8     2770
  789.2  4203.4   1.79    10.5    1.73      1630   13.2   1.8812e-02   13.2     2911
  807.3  4299.9   1.81     3.8    0.93       562   25.7   6.4870e-03   25.7     2689
  816.6  4349.2   1.82     4.4    0.93       828   18.3   9.5568e-03   18.3     2689
  828.2  4411.3   1.84     5.1    1.26       758   23.6   8.7487e-03   23.6     2526
  833.0  4436.4   1.85    49.9    1.26     23034    1.7   2.6584e-01    1.7     2386
  858.1  4570.1   1.87     3.3    1.42       329   57.2   3.7923e-03   57.2     2580
  870.1  4634.5   1.88     5.1    0.90       481   35.2   5.5515e-03   35.2     2479
  884.1  4708.6   1.90     6.2    1.04       690   25.5   7.9684e-03   25.5     2490
  934.2  4975.5   1.88     4.4    1.02      2508    7.8   2.8949e-02    7.8     2247
  936.2  4986.4   1.89    17.9    1.02      4910    4.3   5.6670e-02    4.3     2247
  959.7  5111.2   1.99     6.9    0.99      1063   17.1   1.2272e-02   17.1     2170
  991.1  5278.6   2.13     5.0    1.05      1325   13.5   1.5297e-02   13.5     2311
  995.5  5302.0   2.14    15.8    1.05      3081    6.6   3.5560e-02    6.6     2201
 1028.2  5476.1   2.07     3.5    1.23       411   41.4   4.7388e-03   41.4     2056
 1146.3  6105.5   2.29     5.2    0.85       650   26.9   7.5069e-03   26.9     2125
 1151.1  6130.9   2.29    21.2    0.85      5377    4.1   6.2062e-02    4.1     2226
 1187.1  6323.0   2.26     4.5    1.20       557   31.2   6.4229e-03   31.2     2194
 1272.2  6776.0   2.25    12.6    1.08      2043   10.0   2.3584e-02   10.0     2376
 1316.1  7010.1   2.41     3.5    1.08       482   32.6   5.5591e-03   32.6     1647
 1415.6  7539.9   2.52     9.9    1.06      1242   11.3   1.4329e-02   11.3     1060
 1440.0  7670.0   2.55     5.1    0.88       476   23.0   5.4915e-03   23.0      940
 1446.6  7704.9   2.56     6.8    0.88       836   14.6   9.6515e-03   14.6      940
 1500.9  7994.4   2.46    70.6    3.23     42594    1.2   4.9158e-01    1.2     1147
 1537.3  8187.9   2.67     3.4    1.12       170   45.1   1.9664e-03   45.1      613
 1550.8  8259.7   2.68     7.2    1.12       654   14.4   7.5444e-03   14.4      613
 1626.3  8662.2   2.77     3.7    1.01       236   38.1   2.7280e-03   38.1      580
 1631.9  8691.8   2.78     5.3    1.01       472   20.8   5.4482e-03   20.8      580
 1636.3  8715.3   2.78     3.6    1.01       580   17.4   6.6966e-03   17.4      580
 1665.2  8869.4   2.82     4.2    1.13       258   29.7   2.9834e-03   29.7      470
 1675.6  8924.6   2.83     5.0    1.13       268   28.4   3.0917e-03   28.4      470
 1707.0  9091.9   2.87     5.4    0.98       361   23.2   4.1721e-03   23.2      392
 1777.1  9465.4   2.95     8.2    0.82       859   11.1   9.9106e-03   11.1      350
 1813.0  9656.7   2.69    25.8    1.54      4850    3.4   5.5976e-02    3.4      339
 1888.7 10059.6   3.08     3.4    0.98       133   50.4   1.5378e-03   50.4      343
 1898.3 10110.9   3.09     7.9    0.98       604   13.5   6.9702e-03   13.5      343
 2161.1 11510.9   3.40     5.8    1.00       772   10.3   8.9073e-03   10.3      317
 2176.7 11593.7   3.42     6.4    1.00       329   20.8   3.7954e-03   20.8      317
 2264.5 12061.6   3.32    14.5    1.29      1432    7.7   1.6525e-02    7.7      312
 2514.7 13394.1   3.81     7.0    1.04       419   18.3   4.8308e-03   18.3      230
 2686.1 14307.2   3.46    30.2    1.63      6067    2.7   7.0017e-02    2.7      139

 ! indicates the Iterative Peak Width fitting reached a limiting value.
