
                       be used for evaluation purposes
                                                            21-Mar-2019 12:47
                       _________________________________

                       P E A K     F I T     R E P O R T
                       _________________________________

 Spectrum file Analysed: AD03172019_FP08_10cm_HPGE2.Chn   
 Sample Title :                                                  

 Spectrum saved on 17-Mar-2019 at 20:58    Collected on 16-Mar-2019 at 22:26
 Sample  Taken  on 16-Mar-2019 at 22:26    Decayed      0 Days,     0 mins.

            Detector file number used:     2
            Energy     Calibration Performed on 20-Mar-2019 at 15:12
            Peak Shape Calibration Performed on 20-Mar-2019 at 15:15

 

   Reported Activity values were rounded     
   FitzPeaks Version: 3.71 23rd January 2014           

 Peak   Centre   FW@HM         Goodness   Peak      %      Gammas       %      2 Sigma
Energy  Channel  (KeV)  Signif  of Fit    Area   Uncert.  per sec.   Uncert. Background

   68.6   365.2   1.09!    4.2    1.84      2476   31.3   3.0628e-02   31.3    33702
   70.5   375.2   1.09!    7.9    1.84      4999   15.8   6.1840e-02   15.8    33702
   74.7   397.5   1.10!    8.2    1.84      6340   12.8   7.8423e-02   12.8    33702
   76.8   408.9   1.10!   16.8    1.84     14113    6.0   1.7457e-01    6.0    33702
   79.2   421.7   1.10!    4.3    1.84      3856   21.2   4.7692e-02   21.2    33702
   86.8   462.3   0.97     4.6    1.63      3808   23.0   4.7101e-02   23.0    35731
   89.6   477.2   0.97     3.7    1.63      1549   56.0   1.9159e-02   56.0    35731
   95.0   505.8   0.98     3.3    1.75      2013   32.7   2.4895e-02   32.7    36274
  106.4   566.6   0.99     3.8    0.79      1513   37.4   1.8719e-02   37.4    37861
  108.8   579.4   1.00     4.6    0.79      2300   24.0   2.8447e-02   24.0    37861
  125.3   667.0   1.17!   45.1    1.08     46264    1.9   5.7228e-01    1.9    44923
  140.1   746.0   1.03     7.4    1.36      4920   12.6   6.0863e-02   12.6    35110
  190.9  1016.9   1.24     6.2    1.50      3461   15.5   4.2815e-02   15.5    28525
  195.4  1040.7   1.24    33.3    1.50     25954    2.5   3.2104e-01    2.5    28525
  215.3  1146.7   1.12     7.7    1.13      2539   17.7   3.1409e-02   17.7    22188
  234.4  1248.3   1.29    14.4    0.98      7130    6.7   8.8196e-02    6.7    22431
  245.1  1305.5   1.28    20.1    1.10     10890    4.3   1.3470e-01    4.3    19834
  248.5  1323.5   1.29     6.3    1.10      3617   12.0   4.4739e-02   12.0    19834
  285.2  1519.0   1.31    19.2    0.83     10277    4.0   1.2712e-01    4.0    13232
  303.3  1615.3   1.28    16.6    0.85      7780    4.3   9.6236e-02    4.3    12118
  308.3  1641.8   1.29     4.3    0.85       946   32.5   1.1701e-02   32.5    12118
  324.5  1728.5   1.24     3.9    0.93      1089   28.6   1.3467e-02   28.6    10774
  336.9  1794.3   1.25     3.3    0.95       569   42.7   7.0443e-03   42.7     9200
  343.5  1829.3   1.26     7.0    0.95      1525   16.4   1.8859e-02   16.4     9967
  347.5  1851.0   1.27     7.5    0.95      2422   11.2   2.9961e-02   11.2     9200
  361.5  1925.2   1.44    28.4    1.18     15549    2.6   1.9234e-01    2.6     9091
  403.5  2149.0   1.33     3.9    1.20       806   33.8   9.9748e-03   33.8     6817
  475.5  2532.6   1.41     3.4    1.22      1038   23.5   1.2837e-02   23.5     5106
  524.8  2795.4   1.69!   15.8   12.66     15029   11.1   1.8590e-01   11.1    21400
  573.6  3055.0   1.52     8.4    1.09      2241   10.9   2.7724e-02   10.9     4569
  599.0  3190.4   1.68    20.0    1.08      6743    4.3   8.3412e-02    4.3     5254
  625.8  3333.2   1.66    36.4    0.99     15944    2.3   1.9722e-01    2.3     5133
  683.8  3641.8   1.65     4.0    0.79       544   35.7   6.7245e-03   35.7     3449
  744.7  3966.2   1.72     6.3    2.10      2429    8.8   3.0043e-02    8.8     2790
  747.0  3978.6   1.72     4.8    2.10      1546   13.0   1.9129e-02   13.0     2964
  777.4  4140.5   1.75     4.4    0.87       771   39.2   9.5407e-03   39.2     2905
  786.9  4191.0   1.76     5.3    0.99       621   28.7   7.6837e-03   28.7     2588
  789.3  4203.7   1.77     7.3    0.99      1451   13.0   1.7945e-02   13.0     2750
  807.3  4299.9   1.79     3.6    0.95       653   22.0   8.0730e-03   22.0     2691
  816.7  4349.8   1.80     5.2    0.95       732   22.0   9.0569e-03   22.0     2542
  833.0  4436.4   1.85    83.2    3.05     69332    1.0   8.5761e-01    1.0     2941
  858.2  4570.7   1.85     3.4    0.75       533   31.3   6.5952e-03   31.3     2425
  870.0  4633.6   1.86     6.2    1.17       532   32.3   6.5799e-03   32.3     2219
  884.2  4709.5   1.88     6.5    0.77       892   17.9   1.1034e-02   17.9     2028
  887.8  4728.5   1.88     4.3    0.77       441   35.8   5.4518e-03   35.8     2148
  934.1  4975.1   1.93    14.8    0.99      5209    4.2   6.4429e-02    4.2     2210
  936.2  4986.4   1.94    12.0    0.99      4541    4.9   5.6172e-02    4.9     2332
  959.7  5111.5   1.96     5.3    1.10       960   17.5   1.1874e-02   17.5     2054
  975.8  5197.2   1.98     3.6    0.91       331   47.5   4.0914e-03   47.5     2014
  991.1  5279.0   2.00     5.7    0.93      1004   16.3   1.2415e-02   16.3     2064
  995.5  5302.4   2.01    16.2    0.93      2921    6.2   3.6133e-02    6.2     1960
 1028.6  5478.7   2.04     3.3    1.09       414   38.0   5.1243e-03   38.0     1822
 1146.3  6105.3   2.09     7.5    1.13      1225   14.0   1.5150e-02   14.0     1899
 1151.1  6130.7   2.10    21.9    1.13      4758    4.5   5.8856e-02    4.5     1899
 1187.0  6322.3   2.22     4.8    0.92       515   31.1   6.3736e-03   31.1     1974
 1205.3  6419.5   2.24     3.3    0.88       294   54.7   3.6328e-03   54.7     1977
 1272.1  6775.7   2.42    10.9    0.92      2237    8.7   2.7671e-02    8.7     2237
 1316.2  7010.2   2.36     5.7    1.19       482   31.4   5.9644e-03   31.4     1543
 1415.4  7539.0   2.27    10.9    1.23      1194    9.7   1.4775e-02    9.7      839
 1423.8  7583.6   2.28     4.2    1.23       275   35.0   3.4055e-03   35.0      801
 1440.2  7670.6   2.51     4.7    0.92       454   23.9   5.6168e-03   23.9      852
 1446.7  7705.4   2.51     6.0    0.92       655   17.7   8.1062e-03   17.7      889
 1501.0  7994.6   2.44    68.2    2.60     40194    1.2   4.9718e-01    1.2     1001
 1537.0  8186.5   2.62     3.4    1.11       175   43.3   2.1676e-03   43.3      581
 1550.8  8259.7   2.63     5.5    1.11       635   14.3   7.8598e-03   14.3      581
 1632.0  8692.3   2.72     4.0    0.98       446   22.0   5.5112e-03   22.0      580
 1636.4  8716.0   2.73     5.0    0.98       588   17.3   7.2730e-03   17.3      604
 1665.4  8870.4   2.76     4.0    1.12       283   24.9   3.4985e-03   24.9      401
 1675.6  8924.8   2.77     3.6    1.12       235   30.7   2.9036e-03   30.7      401
 1707.1  9092.2   2.81     3.7    1.08       330   20.8   4.0797e-03   20.8      347
 1721.0  9166.3   2.82     4.2    1.08       168   38.4   2.0794e-03   38.4      360
 1777.1  9465.4   2.89     9.5    1.19       909   10.4   1.1243e-02   10.4      314
 1813.0  9656.8   2.66    24.5    1.19      4497    3.4   5.5622e-02    3.4      379
 1898.3 10110.9   3.02     8.1    1.05       610   14.2   7.5514e-03   14.2      310
 2161.3 11511.6   3.32     4.7    1.17       719   10.7   8.8883e-03   10.7      286
 2176.6 11593.3   3.34     4.4    1.17       331   20.4   4.0973e-03   20.4      286
 2264.6 12062.0   3.18    12.8    1.16      1426    6.8   1.7645e-02    6.8      261
 2514.7 13394.1   3.72     7.3    1.09       464   15.0   5.7394e-03   15.0      169
 2686.2 14307.3   3.36    31.3    1.17      5832    2.6   7.2138e-02    2.6      118

 ! indicates the Iterative Peak Width fitting reached a limiting value.
