
                       be used for evaluation purposes
                                                            21-Mar-2019 12:53
                       _________________________________

                       P E A K     F I T     R E P O R T
                       _________________________________

 Spectrum file Analysed: AF03192019_FP04_10cm_HPGE2.Chn   
 Sample Title :                                                  

 Spectrum saved on 19-Mar-2019 at  9:36    Collected on 18-Mar-2019 at  9:27
 Sample  Taken  on 18-Mar-2019 at  9:27    Decayed      0 Days,     0 mins.

            Detector file number used:     2
            Energy     Calibration Performed on 20-Mar-2019 at 15:12
            Peak Shape Calibration Performed on 20-Mar-2019 at 15:15

 

   Reported Activity values were rounded     
   FitzPeaks Version: 3.71 23rd January 2014           

 Peak   Centre   FW@HM         Goodness   Peak      %      Gammas       %      2 Sigma
Energy  Channel  (KeV)  Signif  of Fit    Area   Uncert.  per sec.   Uncert. Background

   68.7   365.6   1.09!    5.1    1.37      2489   27.9   2.8724e-02   27.9    34398
   70.5   375.2   1.09!    7.0    1.37      5075   13.6   5.8574e-02   13.6    34398
   74.6   397.4   1.10!    9.5    1.37      6377   11.0   7.3598e-02   11.0    34398
   76.8   408.9   1.10!   18.2    1.37     14813    5.0   1.7097e-01    5.0    34398
   79.4   422.5   1.10!    3.9    1.37      3983   18.0   4.5964e-02   18.0    34398
   86.9   462.7   0.97     5.7    1.96      4080   22.3   4.7089e-02   22.3    36019
   89.5   476.5   0.97     6.8    1.96      1914   48.5   2.2092e-02   48.5    32417
   95.0   506.0   0.98     3.4    1.11      2045   29.2   2.3599e-02   29.2    37062
  106.4   566.8   0.99     3.4    1.27      1791   33.3   2.0672e-02   33.3    38682
  108.8   579.6   1.00     4.8    1.27      2779   21.2   3.2074e-02   21.2    38682
  120.0   639.1   1.01     3.3    0.96      1033   58.7   1.1925e-02   58.7    39030
  125.3   667.0   1.17!   29.7    1.02     25990    3.0   2.9995e-01    3.0    45811
  140.1   746.3   1.03     5.1    0.80      2730   21.6   3.1510e-02   21.6    36081
  190.9  1016.6   1.24     5.6    1.03      4035   13.2   4.6571e-02   13.2    30722
  195.4  1040.7   1.24    21.3    1.03     13816    4.0   1.5945e-01    4.0    28359
  215.3  1146.4   1.12     3.6    1.20      2466   18.9   2.8459e-02   18.9    22079
  234.4  1248.3   1.30    12.4    1.28      7294    7.0   8.4182e-02    7.0    22356
  245.1  1305.5   1.31    22.5    0.88     11987    4.2   1.3835e-01    4.2    19696
  248.4  1323.0   1.31     8.2    0.88      3920   11.6   4.5244e-02   11.6    18181
  285.2  1519.1   1.32    22.3    0.94     10981    4.0   1.2674e-01    4.0    13825
  303.3  1615.2   1.33    21.3    1.19      8554    4.3   9.8722e-02    4.3    11754
  308.4  1642.5   1.33     3.5    1.19       724   45.5   8.3507e-03   45.5    11754
  324.4  1727.8   1.24     4.6    0.96      1071   29.4   1.2366e-02   29.4     9619
  336.9  1794.1   1.25     3.5    1.27       780   30.9   8.9984e-03   30.9     8662
  343.4  1829.0   1.26     6.8    1.27      1480   16.3   1.7080e-02   16.3     8662
  347.6  1851.0   1.27     6.7    1.27      2480   11.8   2.8622e-02   11.8     8662
  361.5  1925.2   1.42    31.5    0.81     16174    2.4   1.8666e-01    2.4     8801
  403.7  2150.2   1.33     4.3    1.27       616   42.1   7.1101e-03   42.1     6555
  420.4  2239.0   1.35     3.3    0.83       478   51.1   5.5137e-03   51.1     6568
  475.6  2533.1   1.41     3.3    1.11       925   25.1   1.0678e-02   25.1     5244
  524.8  2795.2   1.69!   11.9   26.84     11430    7.0   1.3192e-01    7.0     7979
  573.6  3055.0   1.52     7.2    0.84      1238   18.0   1.4290e-02   18.0     3967
  599.0  3190.3   1.65    23.2    0.99      7124    4.0   8.2219e-02    4.0     4337
  625.8  3333.2   1.67    38.4    1.14     17188    2.0   1.9837e-01    2.0     4081
  683.5  3640.3   1.65     4.6    1.04       576   33.6   6.6429e-03   33.6     3239
  744.9  3967.3   1.72     3.7    1.36      1225   16.1   1.4134e-02   16.1     2997
  747.1  3979.1   1.72     6.4    1.36      1496   13.3   1.7270e-02   13.3     2821
  777.0  4138.7   1.75     3.7    1.01       524   34.7   6.0532e-03   34.7     2771
  789.2  4203.4   1.80    10.3    1.69      1646   13.0   1.8995e-02   13.0     2906
  807.3  4299.9   1.79     3.8    0.93       559   25.7   6.4505e-03   25.7     2691
  816.6  4349.2   1.80     4.4    0.93       824   18.3   9.5063e-03   18.3     2541
  828.2  4411.3   1.84     5.0    1.26       754   24.0   8.6969e-03   24.0     2534
  833.0  4436.4   1.84    49.0    1.26     23017    1.7   2.6565e-01    1.7     2394
  858.0  4570.1   1.85     3.7    1.46       335   55.4   3.8710e-03   55.4     2568
  870.1  4634.5   1.86     5.0    0.88       478   34.7   5.5214e-03   34.7     2222
  884.1  4708.6   1.87     6.1    1.03       686   25.2   7.9143e-03   25.2     2364
  934.2  4975.5   1.88     4.4    0.98      2490    7.8   2.8740e-02    7.8     2250
  936.2  4986.4   1.88    17.6    0.98      4939    4.3   5.7002e-02    4.3     2250
  959.7  5111.3   1.96     6.8    0.99      1061   17.0   1.2244e-02   17.0     2170
  991.1  5278.6   2.11     4.9    1.03      1326   13.3   1.5298e-02   13.3     2197
  995.5  5302.0   2.12    15.5    1.03      3094    6.6   3.5704e-02    6.6     2197
 1028.2  5476.2   2.04     3.5    1.26       406   41.4   4.6867e-03   41.4     1960
 1146.3  6105.4   2.25     5.1    0.82       641   26.9   7.3992e-03   26.9     2125
 1151.1  6130.9   2.26    20.7    0.82      5394    4.0   6.2257e-02    4.0     2226
 1187.2  6323.0   2.22     4.5    1.22       565   30.2   6.5237e-03   30.2     2186
 1272.2  6776.1   2.20    12.3    1.09      2047    9.8   2.3626e-02    9.8     2273
 1316.2  7010.2   2.36     3.4    1.10       480   32.4   5.5455e-03   32.4     1654
 1415.6  7540.0   2.48     9.6    0.91      1283   10.7   1.4812e-02   10.7     1035
 1440.0  7670.0   2.51     5.1    0.89       478   22.7   5.5193e-03   22.7      940
 1446.6  7705.0   2.51     6.6    0.89       845   14.4   9.7480e-03   14.4      940
 1501.0  7994.6   2.40    68.6    2.60     42806    1.1   4.9403e-01    1.1     1089
 1537.3  8188.0   2.61     3.7    1.12       168   45.0   1.9415e-03   45.0      587
 1550.8  8259.9   2.63     7.0    1.12       663   14.2   7.6563e-03   14.2      612
 1626.3  8662.1   2.72     3.6    1.00       235   37.7   2.7167e-03   37.7      576
 1631.9  8691.8   2.72     5.1    1.00       470   20.7   5.4288e-03   20.7      576
 1636.3  8715.4   2.73     3.5    1.00       595   17.0   6.8642e-03   17.0      553
 1665.3  8869.6   2.76     4.1    1.13       264   28.8   3.0477e-03   28.8      452
 1675.6  8924.6   2.77     4.9    1.13       274   27.6   3.1662e-03   27.6      452
 1707.0  9092.0   2.81     5.3    0.96       369   22.2   4.2634e-03   22.2      376
 1777.2  9465.7   2.89     8.0    0.79       877   10.7   1.0119e-02   10.7      346
 1813.1  9656.9   2.62    25.1    1.43      4878    3.3   5.6297e-02    3.3      320
 1888.7 10059.7   3.01     3.4    0.96       144   45.8   1.6592e-03   45.8      324
 1898.3 10111.1   3.02     7.6    0.96       620   13.1   7.1566e-03   13.1      324
 2161.2 11511.3   3.32     5.6    1.02       819    9.7   9.4469e-03    9.7      294
 2176.7 11593.9   3.34     6.3    1.02       342   20.0   3.9453e-03   20.0      304
 2264.6 12061.9   3.12    14.1    1.16      1452    7.1   1.6753e-02    7.1      298
 2514.8 13394.4   3.72     6.8    1.04       443   17.1   5.1121e-03   17.1      217
 2686.2 14307.4   3.37    29.1    1.35      6110    2.6   7.0515e-02    2.6      130

 ! indicates the Iterative Peak Width fitting reached a limiting value.
