
                       be used for evaluation purposes
                                                            14-Mar-2019 15:36
                       _________________________________

                       P E A K     F I T     R E P O R T
                       _________________________________

 Spectrum file Analysed: Sum_Spec.dat                     
 Sample Title : Cs137                                            

 Spectrum saved on 25-Oct-2018 at 16:22    Collected on 14-Aug-2018 at 21:47
 Sample  Taken  on 14-Aug-2018 at 21:47    Decayed      0 Days,     0 mins.

            Detector file number used:     1
            Energy     Calibration Performed on 13-Mar-2019 at 17:27
            Peak Shape Calibration Performed on 13-Mar-2019 at 17:31

 

   Reported Activity values were rounded     
   FitzPeaks Version: 3.71 23rd January 2014           

 Peak   Centre   FW@HM         Goodness   Peak      %      Gammas       %      2 Sigma
Energy  Channel  (KeV)  Signif  of Fit    Area   Uncert.  per sec.   Uncert. Background

   72.6   388.2   0.99    22.6    0.81      7382    3.7   6.8348e+00    3.7     4211
   74.8   399.7   0.99    33.6    0.81     13121    2.3   1.2149e+01    2.3     4211
   84.6   452.3   1.10!   14.8    1.05      5632    4.3   5.2149e+00    4.3     4001
   87.2   466.1   1.11!    8.3    1.05      1862   11.7   1.7242e+00   11.7     4001
  138.2   738.2   1.02    33.9    0.72     11381    2.5   1.0538e+01    2.5     3704
  156.4   835.5   1.04     3.6    0.91       331   59.2   3.0669e-01   59.2     4215
  190.1  1015.4   1.08     4.0    1.04       509   40.7   4.7098e-01   40.7     3956
  245.1  1308.9   1.14     3.7    1.00       429   42.9   3.9719e-01   42.9     3924
  263.0  1404.2   1.16     3.6    1.12       314   53.9   2.9094e-01   53.9     3233
  278.5  1486.8   1.18     3.5    0.81       323   49.1   2.9948e-01   49.1     2820
  303.9  1622.4   1.21     3.6    0.85       302   47.1   2.8006e-01   47.1     2285
  336.2  1795.0   1.29    77.0    1.85     52795    1.0   4.8884e+01    1.0     1946
  355.5  1897.9   1.26     8.2    1.12      1172   12.6   1.0850e+00   12.6     1719
  391.6  2090.7   1.39    27.9    0.69      8776    2.5   8.1263e+00    2.5     1678
  416.8  2225.3   1.38    66.1    1.79     42430    1.1   3.9287e+01    1.1     1449
  463.1  2472.3   1.39     8.2    1.10      1092   12.2   1.0111e+00   12.2     1193
  510.9  2727.2   2.88     8.4    1.17      6548    3.9   6.0630e+00    3.9     2275
  617.5  3296.3   1.56     5.2    0.88       537   22.9   4.9708e-01   22.9     1219
  818.5  4369.1   1.87    32.1    0.88     10967    2.2   1.0154e+01    2.2     1371
  972.4  5190.8   1.96     4.1    0.96       433   29.0   4.0131e-01   29.0     1251
 1097.0  5855.6   2.12    69.3    1.70     42096    1.0   3.8978e+01    1.0     1002
 1293.2  6902.8   2.35    78.3    1.59     52991    0.9   4.9065e+01    0.9      252
 1460.4  7794.9   2.51     3.3    0.87       163   30.2   1.5114e-01   30.2      134
 1507.2  8044.7   2.61    23.0    1.26      5501    2.9   5.0932e+00    2.9      153
 1600.9  8545.2   2.67     3.3    1.05       332   17.6   3.0767e-01   17.6      144
 1752.0  9351.3   2.84     9.5    1.00      1144    7.4   1.0592e+00    7.4      175
 2111.6 11270.6   3.19    27.6    0.95      6483    2.3   6.0027e+00    2.3       22

 ! indicates the Iterative Peak Width fitting reached a limiting value.
