
                       be used for evaluation purposes
                                                            18-Mar-2019 10:59
                       _________________________________

                       P E A K     F I T     R E P O R T
                       _________________________________

 Spectrum file Analysed: Sum_Spec.dat                     
 Sample Title : Cs137                                            

 Spectrum saved on 25-Oct-2018 at 16:27    Collected on 15-Aug-2018 at  1:32
 Sample  Taken  on 15-Aug-2018 at  1:32    Decayed      0 Days,     0 mins.

            Detector file number used:     1
            Energy     Calibration Performed on 13-Mar-2019 at 17:27
            Peak Shape Calibration Performed on 13-Mar-2019 at 17:31

 

   Reported Activity values were rounded     
   FitzPeaks Version: 3.71 23rd January 2014           

 Peak   Centre   FW@HM         Goodness   Peak      %      Gammas       %      2 Sigma
Energy  Channel  (KeV)  Signif  of Fit    Area   Uncert.  per sec.   Uncert. Background

   72.6   388.4   0.99     7.7    0.84      1064   12.5   1.2668e+00   12.5     1528
   74.8   399.7   1.00    11.3    0.84      2091    7.1   2.4893e+00    7.1     1528
   84.7   452.6   0.96     4.8    1.08       801   15.6   9.5371e-01   15.6     1302
   87.3   466.8   0.96     4.0    1.08       325   35.7   3.8663e-01   35.7     1447
  202.5  1081.3   1.11    50.8    0.52     23300    1.3   2.7738e+01    1.3     1827
  266.7  1424.3   1.16     5.5    0.81       461   25.3   5.4873e-01   25.3     1481
  388.5  2073.9   1.34    17.0    0.89      3043    4.5   3.6221e+00    4.5      838
  392.7  2096.7   1.34     4.0    0.89       171   53.1   2.0387e-01   53.1      838
  448.2  2393.0   1.37     3.3    0.87       161   53.9   1.9142e-01   53.9      732
  479.5  2559.6   1.48    33.3    1.27     10672    2.2   1.2705e+01    2.2      726
  510.9  2727.4   2.77    21.5    1.03     44397    1.0   5.2853e+01    1.0     1594
  555.5  2965.6   1.49     9.4    1.11       958   11.4   1.1405e+00   11.4      818
  658.0  3512.3   1.60     3.9    1.03       343   34.3   4.0849e-01   34.3     1145
  681.6  3638.3   1.63     3.4    1.07       289   44.1   3.4385e-01   44.1     1348
  724.1  3865.1   1.68     3.7    1.01       168   59.9   2.0014e-01   59.9      813
  743.2  3967.5   1.70     4.9    0.86       349   22.5   4.1507e-01   22.5      681
  749.8  4002.5   1.71     3.4    0.86       234   30.9   2.7798e-01   30.9      681
  756.5  4038.0   1.72     3.4    0.86       165   45.5   1.9670e-01   45.5      641
  908.9  4851.6   1.97    81.0    3.44     63294    0.9   7.5350e+01    0.9      109
  934.3  4987.0   1.92     6.8    1.38       563    9.7   6.7020e-01    9.7       71
  946.8  5053.9   1.93     3.4    1.18        65   43.9   7.6931e-02   43.9       45
 1024.1  5466.2   2.02     3.9    0.65       248   15.9   2.9513e-01   15.9       56
 1368.3  7303.8   2.40     5.7    0.88       253   14.4   3.0136e-01   14.4       39
 1405.2  7500.3   2.45     5.0    1.10       128   23.7   1.5179e-01   23.7       29
 1657.5  8847.0   2.73     3.5    0.77        51   45.5   6.0624e-02   45.5       21
 1712.7  9141.9   2.79     6.8    0.85       307   12.8   3.6555e-01   12.8       20
 1744.5  9311.4   2.83     3.6    0.66        42   56.9   5.0461e-02   56.9       23
 2753.2 14694.9   3.96     3.9    0.51       131   22.9   1.5538e-01   22.9        6
