# n + 113In Total alpha    production
# Q-value    = 3.73660E+00
# 
# # energies =    40
#    E         xs         Yield
 1.00000E+00 0.00000E+00 0.00000E+00
 2.00000E+00 1.23944E-11 8.04520E-15
 3.00000E+00 3.87916E-09 2.08212E-12
 4.00000E+00 1.10043E-04 5.41850E-08
 5.00000E+00 1.25915E-03 5.87384E-07
 6.00000E+00 5.77044E-03 2.70084E-06
 7.00000E+00 1.72696E-02 8.33452E-06
 8.00000E+00 5.00406E-02 2.48552E-05
 9.00000E+00 1.43601E-01 7.24675E-05
 1.00000E+01 3.89361E-01 1.97510E-04
 1.10000E+01 8.95981E-01 4.55134E-04
 1.20000E+01 1.78181E+00 9.06831E-04
 1.30000E+01 3.11668E+00 1.59147E-03
 1.40000E+01 4.97316E+00 2.55247E-03
 1.50000E+01 7.33609E+00 3.79320E-03
 1.60000E+01 1.02949E+01 5.37215E-03
 1.70000E+01 1.40387E+01 7.39654E-03
 1.80000E+01 1.90073E+01 1.01023E-02
 1.90000E+01 2.48419E+01 1.32978E-02
 2.00000E+01 2.94417E+01 1.58450E-02
 2.10000E+01 3.36689E+01 1.81935E-02
 2.20000E+01 3.46320E+01 1.87817E-02
 2.30000E+01 3.67765E+01 2.00287E-02
 2.40000E+01 3.91777E+01 2.14541E-02
 2.50000E+01 4.16375E+01 2.29600E-02
 2.60000E+01 4.40498E+01 2.44867E-02
 2.70000E+01 4.64830E+01 2.60619E-02
 2.80000E+01 4.89023E+01 2.76536E-02
 2.90000E+01 5.11115E+01 2.91393E-02
 3.00000E+01 5.31462E+01 3.05306E-02
 3.10000E+01 5.52118E+01 3.19444E-02
 3.20000E+01 5.73036E+01 3.33820E-02
 3.30000E+01 5.94024E+01 3.48385E-02
 3.40000E+01 6.14193E+01 3.62666E-02
 3.50000E+01 6.31447E+01 3.75441E-02
 3.60000E+01 6.43706E+01 3.85439E-02
 3.70000E+01 6.53882E+01 3.94337E-02
 3.80000E+01 6.64341E+01 4.03521E-02
 3.90000E+01 6.72424E+01 4.11339E-02
 4.00000E+01 6.82455E+01 4.20402E-02
