# n + 115In Total deuteron production
# Q-value    =-4.58581E+00
# 
# # energies =    40
#    E         xs         Yield
 1.00000E+00 0.00000E+00 0.00000E+00
 2.00000E+00 0.00000E+00 0.00000E+00
 3.00000E+00 0.00000E+00 0.00000E+00
 4.00000E+00 0.00000E+00 0.00000E+00
 5.00000E+00 3.41917E-42 1.40130E-45
 6.00000E+00 1.68203E-14 7.93251E-18
 7.00000E+00 8.66036E-09 4.19392E-12
 8.00000E+00 1.17416E-05 5.84174E-09
 9.00000E+00 6.27131E-04 3.16803E-07
 1.00000E+01 9.42110E-03 4.77880E-06
 1.10000E+01 6.43297E-02 3.26064E-05
 1.20000E+01 2.51023E-01 1.27146E-04
 1.30000E+01 6.63036E-01 3.36210E-04
 1.40000E+01 1.38854E+00 7.06746E-04
 1.50000E+01 2.52156E+00 1.29243E-03
 1.60000E+01 3.98838E+00 2.06378E-03
 1.70000E+01 5.77292E+00 3.01792E-03
 1.80000E+01 7.71680E+00 4.07172E-03
 1.90000E+01 9.75265E+00 5.18402E-03
 2.00000E+01 1.18320E+01 6.32325E-03
 2.10000E+01 1.42911E+01 7.66779E-03
 2.20000E+01 1.63950E+01 8.82814E-03
 2.30000E+01 1.84424E+01 9.97259E-03
 2.40000E+01 2.04229E+01 1.11051E-02
 2.50000E+01 2.23272E+01 1.22257E-02
 2.60000E+01 2.41356E+01 1.33228E-02
 2.70000E+01 2.57807E+01 1.43528E-02
 2.80000E+01 2.69186E+01 1.51136E-02
 2.90000E+01 2.85826E+01 1.61778E-02
 3.00000E+01 3.02004E+01 1.72232E-02
 3.10000E+01 3.17701E+01 1.82482E-02
 3.20000E+01 3.32996E+01 1.92587E-02
 3.30000E+01 3.47898E+01 2.02579E-02
 3.40000E+01 3.62466E+01 2.12516E-02
 3.50000E+01 3.76721E+01 2.22425E-02
 3.60000E+01 3.90714E+01 2.32333E-02
 3.70000E+01 4.04522E+01 2.42277E-02
 3.80000E+01 4.18149E+01 2.52240E-02
 3.90000E+01 4.31678E+01 2.62259E-02
 4.00000E+01 4.47041E+01 2.73497E-02
