# n + 113In Total deuteron production
# Q-value    =-3.85665E+00
# 
# # energies =    40
#    E         xs         Yield
 1.00000E+00 0.00000E+00 0.00000E+00
 2.00000E+00 0.00000E+00 0.00000E+00
 3.00000E+00 0.00000E+00 0.00000E+00
 4.00000E+00 0.00000E+00 0.00000E+00
 5.00000E+00 6.43639E-18 3.00253E-21
 6.00000E+00 1.00064E-09 4.68346E-13
 7.00000E+00 3.13415E-06 1.51257E-09
 8.00000E+00 3.19660E-04 1.58775E-07
 9.00000E+00 5.66267E-03 2.85764E-06
 1.00000E+01 4.55073E-02 2.30844E-05
 1.10000E+01 1.98050E-01 1.00604E-04
 1.20000E+01 5.59700E-01 2.84852E-04
 1.30000E+01 1.20215E+00 6.13854E-04
 1.40000E+01 2.21889E+00 1.13884E-03
 1.50000E+01 3.67423E+00 1.89980E-03
 1.60000E+01 5.50047E+00 2.87030E-03
 1.70000E+01 7.55620E+00 3.98112E-03
 1.80000E+01 9.76386E+00 5.18943E-03
 1.90000E+01 1.20440E+01 6.44711E-03
 2.00000E+01 1.43529E+01 7.72449E-03
 2.10000E+01 1.70774E+01 9.22806E-03
 2.20000E+01 1.93812E+01 1.05109E-02
 2.30000E+01 2.16212E+01 1.17750E-02
 2.40000E+01 2.37873E+01 1.30261E-02
 2.50000E+01 2.58270E+01 1.42417E-02
 2.60000E+01 2.78988E+01 1.55085E-02
 2.70000E+01 3.04299E+01 1.70613E-02
 2.80000E+01 3.22731E+01 1.82500E-02
 2.90000E+01 3.40509E+01 1.94128E-02
 3.00000E+01 3.57703E+01 2.05488E-02
 3.10000E+01 3.74282E+01 2.16552E-02
 3.20000E+01 3.90345E+01 2.27394E-02
 3.30000E+01 4.05844E+01 2.38021E-02
 3.40000E+01 4.20834E+01 2.48492E-02
 3.50000E+01 4.35310E+01 2.58824E-02
 3.60000E+01 4.49305E+01 2.69035E-02
 3.70000E+01 4.62853E+01 2.79133E-02
 3.80000E+01 4.75960E+01 2.89098E-02
 3.90000E+01 4.88762E+01 2.98988E-02
 4.00000E+01 5.03215E+01 3.09987E-02
