# n + 113In Elastic cross sections
# 
# 
# # energies =    40
#    E      Cross section
 1.00000E+00 6.60025E+03
 2.00000E+00 4.00037E+03
 3.00000E+00 2.58741E+03
 4.00000E+00 1.94456E+03
 5.00000E+00 1.76231E+03
 6.00000E+00 1.81878E+03
 7.00000E+00 1.96456E+03
 8.00000E+00 2.12817E+03
 9.00000E+00 2.27911E+03
 1.00000E+01 2.40383E+03
 1.10000E+01 2.49526E+03
 1.20000E+01 2.55008E+03
 1.30000E+01 2.56882E+03
 1.40000E+01 2.55514E+03
 1.50000E+01 2.51421E+03
 1.60000E+01 2.45179E+03
 1.70000E+01 2.37375E+03
 1.80000E+01 2.28563E+03
 1.90000E+01 2.19231E+03
 2.00000E+01 2.09789E+03
 2.10000E+01 2.00569E+03
 2.20000E+01 1.91807E+03
 2.30000E+01 1.83647E+03
 2.40000E+01 1.76161E+03
 2.50000E+01 1.69383E+03
 2.60000E+01 1.63344E+03
 2.70000E+01 1.58085E+03
 2.80000E+01 1.53648E+03
 2.90000E+01 1.50066E+03
 3.00000E+01 1.47351E+03
 3.10000E+01 1.45485E+03
 3.20000E+01 1.44424E+03
 3.30000E+01 1.44101E+03
 3.40000E+01 1.44436E+03
 3.50000E+01 1.45346E+03
 3.60000E+01 1.46750E+03
 3.70000E+01 1.48577E+03
 3.80000E+01 1.50762E+03
 3.90000E+01 1.53250E+03
 4.00000E+01 1.55990E+03
