# n + 115In Elastic cross sections
# 
# 
# # energies =    40
#    E      Cross section
 1.00000E+00 6.70251E+03
 2.00000E+00 4.01078E+03
 3.00000E+00 2.53864E+03
 4.00000E+00 1.92467E+03
 5.00000E+00 1.78568E+03
 6.00000E+00 1.87944E+03
 7.00000E+00 2.04905E+03
 8.00000E+00 2.22224E+03
 9.00000E+00 2.37090E+03
 1.00000E+01 2.48508E+03
 1.10000E+01 2.56154E+03
 1.20000E+01 2.59983E+03
 1.30000E+01 2.60215E+03
 1.40000E+01 2.57299E+03
 1.50000E+01 2.51794E+03
 1.60000E+01 2.44292E+03
 1.70000E+01 2.35401E+03
 1.80000E+01 2.25700E+03
 1.90000E+01 2.15698E+03
 2.00000E+01 2.05815E+03
 2.10000E+01 1.96369E+03
 2.20000E+01 1.87573E+03
 2.30000E+01 1.79538E+03
 2.40000E+01 1.72304E+03
 2.50000E+01 1.65877E+03
 2.60000E+01 1.60264E+03
 2.70000E+01 1.55487E+03
 2.80000E+01 1.51570E+03
 2.90000E+01 1.48533E+03
 3.00000E+01 1.46371E+03
 3.10000E+01 1.45057E+03
 3.20000E+01 1.44536E+03
 3.30000E+01 1.44733E+03
 3.40000E+01 1.45562E+03
 3.50000E+01 1.46937E+03
 3.60000E+01 1.48773E+03
 3.70000E+01 1.50997E+03
 3.80000E+01 1.53543E+03
 3.90000E+01 1.56355E+03
 4.00000E+01 1.59382E+03
