# n + 113In Total gamma    production
# Q-value    = 7.27401E+00
# 
# # energies =    40
#    E         xs         Yield
 1.00000E+00 8.13181E+02 2.99792E+00
 2.00000E+00 6.18728E+02 4.01615E-01
 3.00000E+00 1.68583E+03 9.04859E-01
 4.00000E+00 2.80438E+03 1.38088E+00
 5.00000E+00 3.91535E+03 1.82649E+00
 6.00000E+00 4.77540E+03 2.23512E+00
 7.00000E+00 5.40169E+03 2.60692E+00
 8.00000E+00 5.94557E+03 2.95316E+00
 9.00000E+00 6.49419E+03 3.27727E+00
 1.00000E+01 6.63641E+03 3.36644E+00
 1.10000E+01 5.10329E+03 2.59233E+00
 1.20000E+01 4.16098E+03 2.11768E+00
 1.30000E+01 4.01892E+03 2.05218E+00
 1.40000E+01 4.28543E+03 2.19950E+00
 1.50000E+01 4.68244E+03 2.42111E+00
 1.60000E+01 5.12124E+03 2.67241E+00
 1.70000E+01 5.55031E+03 2.92428E+00
 1.80000E+01 5.81931E+03 3.09293E+00
 1.90000E+01 5.88091E+03 3.14803E+00
 2.00000E+01 5.57957E+03 3.00282E+00
 2.10000E+01 5.28850E+03 2.85772E+00
 2.20000E+01 5.09906E+03 2.76534E+00
 2.30000E+01 5.01738E+03 2.73249E+00
 2.40000E+01 5.06007E+03 2.77094E+00
 2.50000E+01 5.13046E+03 2.82907E+00
 2.60000E+01 5.28560E+03 2.93819E+00
 2.70000E+01 5.48218E+03 3.07373E+00
 2.80000E+01 5.65465E+03 3.19762E+00
 2.90000E+01 5.76392E+03 3.28608E+00
 3.00000E+01 5.77273E+03 3.31623E+00
 3.10000E+01 5.67017E+03 3.28065E+00
 3.20000E+01 5.56010E+03 3.23902E+00
 3.30000E+01 5.42002E+03 3.17875E+00
 3.40000E+01 5.33844E+03 3.15222E+00
 3.50000E+01 5.26655E+03 3.13135E+00
 3.60000E+01 5.23059E+03 3.13198E+00
 3.70000E+01 5.23462E+03 3.15685E+00
 3.80000E+01 5.23091E+03 3.17726E+00
 3.90000E+01 5.24912E+03 3.21102E+00
 4.00000E+01 5.22264E+03 3.21722E+00
