# n + 115In Total gamma    production
# Q-value    = 6.78473E+00
# 
# # energies =    40
#    E         xs         Yield
 1.00000E+00 1.07054E+03 2.29044E+00
 2.00000E+00 7.41531E+02 4.79256E-01
 3.00000E+00 1.73077E+03 9.35098E-01
 4.00000E+00 2.77670E+03 1.38960E+00
 5.00000E+00 3.87845E+03 1.83449E+00
 6.00000E+00 4.77322E+03 2.25107E+00
 7.00000E+00 5.42930E+03 2.62922E+00
 8.00000E+00 5.98735E+03 2.97885E+00
 9.00000E+00 6.53802E+03 3.30276E+00
 1.00000E+01 6.00659E+03 3.04681E+00
 1.10000E+01 4.53890E+03 2.30060E+00
 1.20000E+01 3.93935E+03 1.99532E+00
 1.30000E+01 4.03973E+03 2.04845E+00
 1.40000E+01 4.36321E+03 2.22081E+00
 1.50000E+01 4.77019E+03 2.44497E+00
 1.60000E+01 5.17730E+03 2.67899E+00
 1.70000E+01 5.48925E+03 2.86962E+00
 1.80000E+01 5.50483E+03 2.90459E+00
 1.90000E+01 5.14863E+03 2.73675E+00
 2.00000E+01 4.83582E+03 2.58436E+00
 2.10000E+01 4.65499E+03 2.49761E+00
 2.20000E+01 4.60614E+03 2.48025E+00
 2.30000E+01 4.71056E+03 2.54720E+00
 2.40000E+01 4.92663E+03 2.67888E+00
 2.50000E+01 5.15615E+03 2.82335E+00
 2.60000E+01 5.41272E+03 2.98781E+00
 2.70000E+01 5.64569E+03 3.14309E+00
 2.80000E+01 5.76731E+03 3.23810E+00
 2.90000E+01 5.75324E+03 3.25634E+00
 3.00000E+01 5.66292E+03 3.22955E+00
 3.10000E+01 5.52614E+03 3.17412E+00
 3.20000E+01 5.41410E+03 3.13122E+00
 3.30000E+01 5.32060E+03 3.09816E+00
 3.40000E+01 5.26944E+03 3.08951E+00
 3.50000E+01 5.27638E+03 3.11530E+00
 3.60000E+01 5.27621E+03 3.13743E+00
 3.70000E+01 5.28255E+03 3.16383E+00
 3.80000E+01 5.27704E+03 3.18327E+00
 3.90000E+01 5.26771E+03 3.20031E+00
 4.00000E+01 5.23913E+03 3.20526E+00
