# n + 115In Nonelastic cross sections
# 
# 
# # energies =    40
#    E      Cross section
 1.00000E+00 4.67396E+02
 2.00000E+00 1.54725E+03
 3.00000E+00 1.85090E+03
 4.00000E+00 1.99820E+03
 5.00000E+00 2.11418E+03
 6.00000E+00 2.12043E+03
 7.00000E+00 2.06498E+03
 8.00000E+00 2.00996E+03
 9.00000E+00 1.97956E+03
 1.00000E+01 1.97144E+03
 1.10000E+01 1.97292E+03
 1.20000E+01 1.97429E+03
 1.30000E+01 1.97209E+03
 1.40000E+01 1.96469E+03
 1.50000E+01 1.95102E+03
 1.60000E+01 1.93256E+03
 1.70000E+01 1.91288E+03
 1.80000E+01 1.89522E+03
 1.90000E+01 1.88129E+03
 2.00000E+01 1.87119E+03
 2.10000E+01 1.86378E+03
 2.20000E+01 1.85713E+03
 2.30000E+01 1.84931E+03
 2.40000E+01 1.83906E+03
 2.50000E+01 1.82625E+03
 2.60000E+01 1.81160E+03
 2.70000E+01 1.79622E+03
 2.80000E+01 1.78108E+03
 2.90000E+01 1.76678E+03
 3.00000E+01 1.75347E+03
 3.10000E+01 1.74100E+03
 3.20000E+01 1.72907E+03
 3.30000E+01 1.71734E+03
 3.40000E+01 1.70559E+03
 3.50000E+01 1.69370E+03
 3.60000E+01 1.68170E+03
 3.70000E+01 1.66967E+03
 3.80000E+01 1.65774E+03
 3.90000E+01 1.64600E+03
 4.00000E+01 1.63454E+03
