# n + 113In Total proton   production
# Q-value    = 4.58520E-01
# 
# # energies =    40
#    E         xs         Yield
 1.00000E+00 0.00000E+00 0.00000E+00
 2.00000E+00 7.54924E-04 4.90020E-07
 3.00000E+00 3.52852E-02 1.89391E-05
 4.00000E+00 2.75939E-01 1.35872E-04
 5.00000E+00 8.58727E-01 4.00591E-04
 6.00000E+00 1.64128E+00 7.68196E-04
 7.00000E+00 2.57457E+00 1.24251E-03
 8.00000E+00 3.77617E+00 1.87562E-03
 9.00000E+00 5.56652E+00 2.80912E-03
 1.00000E+01 8.35276E+00 4.23708E-03
 1.10000E+01 1.20361E+01 6.11400E-03
 1.20000E+01 1.68015E+01 8.55091E-03
 1.30000E+01 2.26419E+01 1.15616E-02
 1.40000E+01 2.94100E+01 1.50947E-02
 1.50000E+01 3.68232E+01 1.90398E-02
 1.60000E+01 4.48259E+01 2.33914E-02
 1.70000E+01 5.33297E+01 2.80977E-02
 1.80000E+01 6.22229E+01 3.30711E-02
 1.90000E+01 7.16258E+01 3.83411E-02
 2.00000E+01 8.25485E+01 4.44260E-02
 2.10000E+01 9.44669E+01 5.10466E-02
 2.20000E+01 1.06169E+02 5.75777E-02
 2.30000E+01 1.18021E+02 6.42749E-02
 2.40000E+01 1.29993E+02 7.11856E-02
 2.50000E+01 1.41617E+02 7.80910E-02
 2.60000E+01 1.53121E+02 8.51179E-02
 2.70000E+01 1.64305E+02 9.21217E-02
 2.80000E+01 1.75704E+02 9.93585E-02
 2.90000E+01 1.87066E+02 1.06649E-01
 3.00000E+01 1.98535E+02 1.14052E-01
 3.10000E+01 2.10005E+02 1.21505E-01
 3.20000E+01 2.21317E+02 1.28927E-01
 3.30000E+01 2.32317E+02 1.36250E-01
 3.40000E+01 2.43064E+02 1.43523E-01
 3.50000E+01 2.53964E+02 1.51000E-01
 3.60000E+01 2.64817E+02 1.58567E-01
 3.70000E+01 2.75647E+02 1.66234E-01
 3.80000E+01 2.86204E+02 1.73841E-01
 3.90000E+01 2.97233E+02 1.81825E-01
 4.00000E+01 3.08218E+02 1.89866E-01
