# n + 115In Total proton   production
# Q-value    =-6.69514E-01
# 
# # energies =    40
#    E         xs         Yield
 1.00000E+00 0.00000E+00 0.00000E+00
 2.00000E+00 6.86049E-11 4.43398E-14
 3.00000E+00 6.98159E-05 3.77199E-08
 4.00000E+00 4.41684E-03 2.21041E-06
 5.00000E+00 3.68990E-02 1.74531E-05
 6.00000E+00 1.40427E-01 6.62260E-05
 7.00000E+00 4.09513E-01 1.98313E-04
 8.00000E+00 9.24226E-01 4.59824E-04
 9.00000E+00 1.73752E+00 8.77730E-04
 1.00000E+01 2.97473E+00 1.50891E-03
 1.10000E+01 4.79435E+00 2.43008E-03
 1.20000E+01 7.32407E+00 3.70972E-03
 1.30000E+01 1.06275E+01 5.38898E-03
 1.40000E+01 1.46872E+01 7.47558E-03
 1.50000E+01 1.94309E+01 9.95934E-03
 1.60000E+01 2.47946E+01 1.28299E-02
 1.70000E+01 3.07365E+01 1.60682E-02
 1.80000E+01 3.72354E+01 1.96470E-02
 1.90000E+01 4.42400E+01 2.35158E-02
 2.00000E+01 5.26065E+01 2.81139E-02
 2.10000E+01 6.21233E+01 3.33319E-02
 2.20000E+01 7.15220E+01 3.85121E-02
 2.30000E+01 8.12004E+01 4.39085E-02
 2.40000E+01 9.11562E+01 4.95668E-02
 2.50000E+01 1.01251E+02 5.54423E-02
 2.60000E+01 1.11318E+02 6.14471E-02
 2.70000E+01 1.21561E+02 6.76758E-02
 2.80000E+01 1.31907E+02 7.40601E-02
 2.90000E+01 1.42216E+02 8.04946E-02
 3.00000E+01 1.52660E+02 8.70618E-02
 3.10000E+01 1.63143E+02 9.37065E-02
 3.20000E+01 1.73599E+02 1.00400E-01
 3.30000E+01 1.84040E+02 1.07166E-01
 3.40000E+01 1.94156E+02 1.13835E-01
 3.50000E+01 2.04284E+02 1.20614E-01
 3.60000E+01 2.14564E+02 1.27588E-01
 3.70000E+01 2.24481E+02 1.34447E-01
 3.80000E+01 2.34671E+02 1.41561E-01
 3.90000E+01 2.44835E+02 1.48746E-01
 4.00000E+01 2.55251E+02 1.56161E-01
