# n + 115In: Production of 116In - Ground state
# Q-value    = 6.78473E+00 mass= 115.905260
# E-threshold= 0.00000E+00
# # energies =    40
#     E          xs      Branching
 1.00000E+00 3.65582E+01 1.39278E-01
 2.00000E+00 1.62774E+01 9.81960E-02
 3.00000E+00 7.81446E+00 1.09278E-01
 4.00000E+00 3.73853E+00 1.10306E-01
 5.00000E+00 1.73551E+00 1.10871E-01
 6.00000E+00 7.86370E-01 1.13025E-01
 7.00000E+00 3.81094E-01 1.14551E-01
 8.00000E+00 2.59971E-01 1.30723E-01
 9.00000E+00 2.34430E-01 1.58514E-01
 1.00000E+01 2.52991E-01 1.80256E-01
 1.10000E+01 2.56116E-01 1.88728E-01
 1.20000E+01 2.53336E-01 1.85648E-01
 1.30000E+01 2.37917E-01 1.78144E-01
 1.40000E+01 2.19994E-01 1.72266E-01
 1.50000E+01 1.92810E-01 1.63002E-01
 1.60000E+01 1.55302E-01 1.55100E-01
 1.70000E+01 1.29348E-01 1.49869E-01
 1.80000E+01 1.09885E-01 1.49508E-01
 1.90000E+01 9.31756E-02 1.52740E-01
 2.00000E+01 8.25203E-02 1.57148E-01
 2.10000E+01 7.43562E-02 1.59516E-01
 2.20000E+01 6.88209E-02 1.63464E-01
 2.30000E+01 6.37449E-02 1.67378E-01
 2.40000E+01 5.88825E-02 1.70824E-01
 2.50000E+01 5.59262E-02 1.73964E-01
 2.60000E+01 5.28606E-02 1.75359E-01
 2.70000E+01 5.06641E-02 1.78262E-01
 2.80000E+01 4.85369E-02 1.80576E-01
 2.90000E+01 4.58304E-02 1.82875E-01
 3.00000E+01 4.41843E-02 1.84819E-01
 3.10000E+01 4.30332E-02 1.86444E-01
 3.20000E+01 4.15012E-02 1.87044E-01
 3.30000E+01 4.02551E-02 1.88733E-01
 3.40000E+01 3.81669E-02 1.88433E-01
 3.50000E+01 3.71866E-02 1.89133E-01
 3.60000E+01 3.47676E-02 1.89207E-01
 3.70000E+01 3.52703E-02 1.91784E-01
 3.80000E+01 3.38617E-02 1.91382E-01
 3.90000E+01 3.44460E-02 1.93667E-01
 4.00000E+01 3.24188E-02 1.92338E-01
