# n + 115In: Production of 115Cd - Total
# Q-value    =-6.69514E-01 mass= 114.905437
# E-threshold= 6.75391E-01
# # energies =    40
#     E          xs
 1.00000E+00 0.00000E+00
 2.00000E+00 0.00000E+00
 3.00000E+00 0.00000E+00
 4.00000E+00 4.40903E-03
 5.00000E+00 3.69092E-02
 6.00000E+00 1.40643E-01
 7.00000E+00 4.10852E-01
 8.00000E+00 9.28437E-01
 9.00000E+00 1.74703E+00
 1.00000E+01 2.99081E+00
 1.10000E+01 4.80121E+00
 1.20000E+01 7.21308E+00
 1.30000E+01 1.00566E+01
 1.40000E+01 1.30474E+01
 1.50000E+01 1.58981E+01
 1.60000E+01 1.83888E+01
 1.70000E+01 2.05020E+01
 1.80000E+01 2.22205E+01
 1.90000E+01 2.35322E+01
 2.00000E+01 2.43466E+01
 2.10000E+01 2.55052E+01
 2.20000E+01 2.58410E+01
 2.30000E+01 2.58768E+01
 2.40000E+01 2.56217E+01
 2.50000E+01 2.52230E+01
 2.60000E+01 2.47754E+01
 2.70000E+01 2.40481E+01
 2.80000E+01 2.34749E+01
 2.90000E+01 2.26750E+01
 3.00000E+01 2.19231E+01
 3.10000E+01 2.10701E+01
 3.20000E+01 2.03521E+01
 3.30000E+01 1.96809E+01
 3.40000E+01 1.88124E+01
 3.50000E+01 1.79907E+01
 3.60000E+01 1.71474E+01
 3.70000E+01 1.64029E+01
 3.80000E+01 1.57235E+01
 3.90000E+01 1.50289E+01
 4.00000E+01 1.44049E+01
