# n + 113In: Production of 108Ag - Total
# Q-value    =-1.22566E+01 mass= 107.905950
# E-threshold= 1.23661E+01
# # energies =    40
#     E          xs
 1.00000E+00 0.00000E+00
 2.00000E+00 0.00000E+00
 3.00000E+00 0.00000E+00
 4.00000E+00 0.00000E+00
 5.00000E+00 0.00000E+00
 6.00000E+00 0.00000E+00
 7.00000E+00 0.00000E+00
 8.00000E+00 0.00000E+00
 9.00000E+00 0.00000E+00
 1.00000E+01 0.00000E+00
 1.10000E+01 0.00000E+00
 1.20000E+01 0.00000E+00
 1.30000E+01 0.00000E+00
 1.40000E+01 0.00000E+00
 1.50000E+01 0.00000E+00
 1.60000E+01 0.00000E+00
 1.70000E+01 0.00000E+00
 1.80000E+01 0.00000E+00
 1.90000E+01 0.00000E+00
 2.00000E+01 0.00000E+00
 2.10000E+01 2.11043E-03
 2.20000E+01 1.79581E-02
 2.30000E+01 1.55937E-01
 2.40000E+01 6.00349E-01
 2.50000E+01 1.50279E+00
 2.60000E+01 3.70780E+00
 2.70000E+01 6.80442E+00
 2.80000E+01 1.05796E+01
 2.90000E+01 1.54249E+01
 3.00000E+01 1.97919E+01
 3.10000E+01 2.37408E+01
 3.20000E+01 2.71855E+01
 3.30000E+01 3.05474E+01
 3.40000E+01 3.19566E+01
 3.50000E+01 3.28039E+01
 3.60000E+01 3.28125E+01
 3.70000E+01 3.20176E+01
 3.80000E+01 3.05116E+01
 3.90000E+01 2.84111E+01
 4.00000E+01 2.68634E+01
