# n + 115In: Production of 113In - Level  1     0.39170 MeV
# Q-value    =-1.67036E+01 mass= 112.904060
# E-threshold= 1.68502E+01
# # energies =    40
#     E          xs      Branching
 1.00000E+00 0.00000E+00 0.00000E+00
 2.00000E+00 0.00000E+00 0.00000E+00
 3.00000E+00 0.00000E+00 0.00000E+00
 4.00000E+00 0.00000E+00 0.00000E+00
 5.00000E+00 0.00000E+00 0.00000E+00
 6.00000E+00 0.00000E+00 0.00000E+00
 7.00000E+00 0.00000E+00 0.00000E+00
 8.00000E+00 0.00000E+00 0.00000E+00
 9.00000E+00 0.00000E+00 0.00000E+00
 1.00000E+01 0.00000E+00 0.00000E+00
 1.10000E+01 0.00000E+00 0.00000E+00
 1.20000E+01 0.00000E+00 0.00000E+00
 1.30000E+01 0.00000E+00 0.00000E+00
 1.40000E+01 0.00000E+00 0.00000E+00
 1.50000E+01 0.00000E+00 0.00000E+00
 1.60000E+01 0.00000E+00 0.00000E+00
 1.70000E+01 6.70731E-01 3.17734E-02
 1.80000E+01 1.02156E+01 9.14379E-02
 1.90000E+01 2.95019E+01 9.81666E-02
 2.00000E+01 5.08971E+01 1.04984E-01
 2.10000E+01 6.63135E+01 1.01228E-01
 2.20000E+01 7.71401E+01 9.61859E-02
 2.30000E+01 8.32712E+01 9.11115E-02
 2.40000E+01 8.59348E+01 8.75456E-02
 2.50000E+01 8.62369E+01 8.35849E-02
 2.60000E+01 8.59916E+01 8.12359E-02
 2.70000E+01 8.33178E+01 7.87108E-02
 2.80000E+01 7.87381E+01 7.65485E-02
 2.90000E+01 7.12097E+01 7.44166E-02
 3.00000E+01 6.37886E+01 7.37409E-02
 3.10000E+01 5.56542E+01 7.25363E-02
 3.20000E+01 4.85320E+01 7.28389E-02
 3.30000E+01 4.20495E+01 7.30376E-02
 3.40000E+01 3.72854E+01 7.40349E-02
 3.50000E+01 3.36792E+01 7.61109E-02
 3.60000E+01 3.05515E+01 7.83415E-02
 3.70000E+01 2.90243E+01 8.11616E-02
 3.80000E+01 2.70557E+01 8.27755E-02
 3.90000E+01 2.60177E+01 8.54985E-02
 4.00000E+01 2.50763E+01 8.80645E-02
