# n + 113In: Production of 112In - Total
# Q-value    =-9.44831E+00 mass= 111.905539
# E-threshold= 9.53272E+00
# # energies =    40
#     E          xs
 1.00000E+00 0.00000E+00
 2.00000E+00 0.00000E+00
 3.00000E+00 0.00000E+00
 4.00000E+00 0.00000E+00
 5.00000E+00 0.00000E+00
 6.00000E+00 0.00000E+00
 7.00000E+00 0.00000E+00
 8.00000E+00 0.00000E+00
 9.00000E+00 0.00000E+00
 1.00000E+01 1.12426E+02
 1.10000E+01 6.61259E+02
 1.20000E+01 1.10567E+03
 1.30000E+01 1.35044E+03
 1.40000E+01 1.46910E+03
 1.50000E+01 1.52489E+03
 1.60000E+01 1.54163E+03
 1.70000E+01 1.53952E+03
 1.80000E+01 1.49529E+03
 1.90000E+01 1.40134E+03
 2.00000E+01 1.22202E+03
 2.10000E+01 1.04486E+03
 2.20000E+01 8.80193E+02
 2.30000E+01 7.44001E+02
 2.40000E+01 6.32426E+02
 2.50000E+01 5.38625E+02
 2.60000E+01 4.71261E+02
 2.70000E+01 4.22953E+02
 2.80000E+01 3.87377E+02
 2.90000E+01 3.61187E+02
 3.00000E+01 3.40285E+02
 3.10000E+01 3.24250E+02
 3.20000E+01 3.14267E+02
 3.30000E+01 3.00580E+02
 3.40000E+01 2.90893E+02
 3.50000E+01 2.85523E+02
 3.60000E+01 2.77674E+02
 3.70000E+01 2.68207E+02
 3.80000E+01 2.61093E+02
 3.90000E+01 2.54456E+02
 4.00000E+01 2.50198E+02
