# n + 113In: Production of 110In - Ground state
# Q-value    =-2.71111E+01 mass= 109.907171
# E-threshold= 2.73533E+01
# # energies =    40
#     E          xs      Branching
 1.00000E+00 0.00000E+00 0.00000E+00
 2.00000E+00 0.00000E+00 0.00000E+00
 3.00000E+00 0.00000E+00 0.00000E+00
 4.00000E+00 0.00000E+00 0.00000E+00
 5.00000E+00 0.00000E+00 0.00000E+00
 6.00000E+00 0.00000E+00 0.00000E+00
 7.00000E+00 0.00000E+00 0.00000E+00
 8.00000E+00 0.00000E+00 0.00000E+00
 9.00000E+00 0.00000E+00 0.00000E+00
 1.00000E+01 0.00000E+00 0.00000E+00
 1.10000E+01 0.00000E+00 0.00000E+00
 1.20000E+01 0.00000E+00 0.00000E+00
 1.30000E+01 0.00000E+00 0.00000E+00
 1.40000E+01 0.00000E+00 0.00000E+00
 1.50000E+01 0.00000E+00 0.00000E+00
 1.60000E+01 0.00000E+00 0.00000E+00
 1.70000E+01 0.00000E+00 0.00000E+00
 1.80000E+01 0.00000E+00 0.00000E+00
 1.90000E+01 0.00000E+00 0.00000E+00
 2.00000E+01 0.00000E+00 0.00000E+00
 2.10000E+01 0.00000E+00 0.00000E+00
 2.20000E+01 0.00000E+00 0.00000E+00
 2.30000E+01 0.00000E+00 0.00000E+00
 2.40000E+01 0.00000E+00 0.00000E+00
 2.50000E+01 0.00000E+00 0.00000E+00
 2.60000E+01 0.00000E+00 0.00000E+00
 2.70000E+01 0.00000E+00 0.00000E+00
 2.80000E+01 2.82545E+00 6.80178E-01
 2.90000E+01 1.69308E+01 5.64070E-01
 3.00000E+01 4.30828E+01 5.58720E-01
 3.10000E+01 8.15749E+01 5.51808E-01
 3.20000E+01 1.23130E+02 5.50097E-01
 3.30000E+01 1.62483E+02 5.42054E-01
 3.40000E+01 1.95667E+02 5.37250E-01
 3.50000E+01 2.25391E+02 5.34344E-01
 3.60000E+01 2.50216E+02 5.37437E-01
 3.70000E+01 2.62998E+02 5.36668E-01
 3.80000E+01 2.72669E+02 5.39824E-01
 3.90000E+01 2.72389E+02 5.43426E-01
 4.00000E+01 2.64878E+02 5.47149E-01
