# n + 115In: Production of 112In - Total
# Q-value    =-2.57602E+01 mass= 111.905539
# E-threshold= 2.59863E+01
# # energies =    40
#     E          xs
 1.00000E+00 0.00000E+00
 2.00000E+00 0.00000E+00
 3.00000E+00 0.00000E+00
 4.00000E+00 0.00000E+00
 5.00000E+00 0.00000E+00
 6.00000E+00 0.00000E+00
 7.00000E+00 0.00000E+00
 8.00000E+00 0.00000E+00
 9.00000E+00 0.00000E+00
 1.00000E+01 0.00000E+00
 1.10000E+01 0.00000E+00
 1.20000E+01 0.00000E+00
 1.30000E+01 0.00000E+00
 1.40000E+01 0.00000E+00
 1.50000E+01 0.00000E+00
 1.60000E+01 0.00000E+00
 1.70000E+01 0.00000E+00
 1.80000E+01 0.00000E+00
 1.90000E+01 0.00000E+00
 2.00000E+01 0.00000E+00
 2.10000E+01 0.00000E+00
 2.20000E+01 0.00000E+00
 2.30000E+01 0.00000E+00
 2.40000E+01 0.00000E+00
 2.50000E+01 0.00000E+00
 2.60000E+01 0.00000E+00
 2.70000E+01 9.31789E+00
 2.80000E+01 4.31272E+01
 2.90000E+01 1.09454E+02
 3.00000E+01 1.91815E+02
 3.10000E+01 2.84533E+02
 3.20000E+01 3.74095E+02
 3.30000E+01 4.53440E+02
 3.40000E+01 5.15140E+02
 3.50000E+01 5.58691E+02
 3.60000E+01 5.87661E+02
 3.70000E+01 5.94614E+02
 3.80000E+01 5.87662E+02
 3.90000E+01 5.61378E+02
 4.00000E+01 5.24896E+02
