# n + 113In: Production of 112In - Level  1     0.15659 MeV
# Q-value    =-9.60490E+00 mass= 111.905539
# E-threshold= 9.69071E+00
# # energies =    40
#     E          xs      Branching
 1.00000E+00 0.00000E+00 0.00000E+00
 2.00000E+00 0.00000E+00 0.00000E+00
 3.00000E+00 0.00000E+00 0.00000E+00
 4.00000E+00 0.00000E+00 0.00000E+00
 5.00000E+00 0.00000E+00 0.00000E+00
 6.00000E+00 0.00000E+00 0.00000E+00
 7.00000E+00 0.00000E+00 0.00000E+00
 8.00000E+00 0.00000E+00 0.00000E+00
 9.00000E+00 0.00000E+00 0.00000E+00
 1.00000E+01 8.92514E+01 7.93866E-01
 1.10000E+01 5.20196E+02 7.86675E-01
 1.20000E+01 8.71400E+02 7.88123E-01
 1.30000E+01 1.06975E+03 7.92148E-01
 1.40000E+01 1.16804E+03 7.95074E-01
 1.50000E+01 1.21800E+03 7.98747E-01
 1.60000E+01 1.23665E+03 8.02168E-01
 1.70000E+01 1.24007E+03 8.05495E-01
 1.80000E+01 1.21234E+03 8.10773E-01
 1.90000E+01 1.14695E+03 8.18463E-01
 2.00000E+01 1.01419E+03 8.29932E-01
 2.10000E+01 8.76820E+02 8.39177E-01
 2.20000E+01 7.42969E+02 8.44098E-01
 2.30000E+01 6.28998E+02 8.45426E-01
 2.40000E+01 5.32701E+02 8.42314E-01
 2.50000E+01 4.52418E+02 8.39949E-01
 2.60000E+01 3.93828E+02 8.35691E-01
 2.70000E+01 3.50653E+02 8.29061E-01
 2.80000E+01 3.20226E+02 8.26653E-01
 2.90000E+01 2.97132E+02 8.22654E-01
 3.00000E+01 2.78635E+02 8.18827E-01
 3.10000E+01 2.65019E+02 8.17330E-01
 3.20000E+01 2.56328E+02 8.15637E-01
 3.30000E+01 2.44965E+02 8.14977E-01
 3.40000E+01 2.36384E+02 8.12613E-01
 3.50000E+01 2.31576E+02 8.11060E-01
 3.60000E+01 2.25270E+02 8.11276E-01
 3.70000E+01 2.17454E+02 8.10767E-01
 3.80000E+01 2.11125E+02 8.08621E-01
 3.90000E+01 2.05229E+02 8.06538E-01
 4.00000E+01 2.01643E+02 8.05933E-01
