# n + 115In: Production of 112Ag - Total
# Q-value    = 2.69378E+00 mass= 111.907049
# E-threshold= 0.00000E+00
# # energies =    40
#     E          xs
 1.00000E+00 1.00000E-07
 2.00000E+00 1.00000E-07
 3.00000E+00 1.00000E-07
 4.00000E+00 1.00000E-07
 5.00000E+00 1.00000E-07
 6.00000E+00 1.00000E-07
 7.00000E+00 1.00000E-07
 8.00000E+00 1.68586E-03
 9.00000E+00 1.00438E-02
 1.00000E+01 4.81203E-02
 1.10000E+01 1.69753E-01
 1.20000E+01 4.51529E-01
 1.30000E+01 9.59208E-01
 1.40000E+01 1.73759E+00
 1.50000E+01 2.81096E+00
 1.60000E+01 4.08217E+00
 1.70000E+01 5.52769E+00
 1.80000E+01 7.10861E+00
 1.90000E+01 8.76947E+00
 2.00000E+01 1.03240E+01
 2.10000E+01 1.06745E+01
 2.20000E+01 1.01872E+01
 2.30000E+01 8.72886E+00
 2.40000E+01 7.83972E+00
 2.50000E+01 6.76256E+00
 2.60000E+01 5.93257E+00
 2.70000E+01 5.37652E+00
 2.80000E+01 4.88775E+00
 2.90000E+01 4.36203E+00
 3.00000E+01 3.82786E+00
 3.10000E+01 3.46903E+00
 3.20000E+01 3.22631E+00
 3.30000E+01 3.02417E+00
 3.40000E+01 2.94806E+00
 3.50000E+01 2.85286E+00
 3.60000E+01 2.86872E+00
 3.70000E+01 2.99577E+00
 3.80000E+01 3.17249E+00
 3.90000E+01 3.35319E+00
 4.00000E+01 3.60817E+00
