# n + 113In: Production of 109Pd - Level  2     0.18899 MeV
# Q-value    =-3.59219E+00 mass= 108.905951
# E-threshold= 3.62428E+00
# # energies =    40
#     E          xs      Branching
 1.00000E+00 0.00000E+00 0.00000E+00
 2.00000E+00 0.00000E+00 0.00000E+00
 3.00000E+00 0.00000E+00 0.00000E+00
 4.00000E+00 0.00000E+00 0.00000E+00
 5.00000E+00 0.00000E+00 0.00000E+00
 6.00000E+00 0.00000E+00 0.00000E+00
 7.00000E+00 0.00000E+00 0.00000E+00
 8.00000E+00 0.00000E+00 0.00000E+00
 9.00000E+00 0.00000E+00 0.00000E+00
 1.00000E+01 0.00000E+00 0.00000E+00
 1.10000E+01 0.00000E+00 0.00000E+00
 1.20000E+01 0.00000E+00 0.00000E+00
 1.30000E+01 0.00000E+00 0.00000E+00
 1.40000E+01 0.00000E+00 0.00000E+00
 1.50000E+01 0.00000E+00 0.00000E+00
 1.60000E+01 0.00000E+00 0.00000E+00
 1.70000E+01 0.00000E+00 0.00000E+00
 1.80000E+01 0.00000E+00 0.00000E+00
 1.90000E+01 0.00000E+00 0.00000E+00
 2.00000E+01 0.00000E+00 0.00000E+00
 2.10000E+01 0.00000E+00 0.00000E+00
 2.20000E+01 5.61997E-04 4.51885E-01
 2.30000E+01 1.09673E-03 4.67136E-01
 2.40000E+01 1.89874E-03 4.85546E-01
 2.50000E+01 3.02263E-03 5.07345E-01
 2.60000E+01 4.65800E-03 5.32404E-01
 2.70000E+01 6.94800E-03 5.60956E-01
 2.80000E+01 9.68091E-03 5.90847E-01
 2.90000E+01 1.25621E-02 6.24074E-01
 3.00000E+01 1.52963E-02 6.50023E-01
 3.10000E+01 1.76750E-02 6.74886E-01
 3.20000E+01 1.92600E-02 6.94393E-01
 3.30000E+01 1.99035E-02 7.08914E-01
 3.40000E+01 2.00960E-02 7.21683E-01
 3.50000E+01 1.96411E-02 7.26313E-01
 3.60000E+01 1.89175E-02 7.29964E-01
 3.70000E+01 1.75501E-02 7.34172E-01
 3.80000E+01 1.63881E-02 7.37478E-01
 3.90000E+01 1.51080E-02 7.39276E-01
 4.00000E+01 1.40266E-02 7.37352E-01
