# n + 113In: Production of 113Cd - Ground state
# Q-value    = 4.58520E-01 mass= 112.904408
# E-threshold= 0.00000E+00
# # energies =    40
#     E          xs      Branching
 1.00000E+00 0.00000E+00 0.00000E+00
 2.00000E+00 6.76264E-05 0.00000E+00
 3.00000E+00 1.50976E-02 4.27875E-01
 4.00000E+00 1.24530E-01 4.51254E-01
 5.00000E+00 3.93823E-01 4.58433E-01
 6.00000E+00 7.72770E-01 4.70242E-01
 7.00000E+00 1.22588E+00 4.75007E-01
 8.00000E+00 1.75809E+00 4.63917E-01
 9.00000E+00 2.49761E+00 4.48491E-01
 1.00000E+01 3.47829E+00 4.27165E-01
 1.10000E+01 4.63789E+00 4.01708E-01
 1.20000E+01 5.76338E+00 3.74806E-01
 1.30000E+01 6.66410E+00 3.51390E-01
 1.40000E+01 7.33654E+00 3.34403E-01
 1.50000E+01 7.92041E+00 3.23763E-01
 1.60000E+01 8.31709E+00 3.15701E-01
 1.70000E+01 8.62203E+00 3.09836E-01
 1.80000E+01 8.76849E+00 3.02197E-01
 1.90000E+01 8.85040E+00 2.96470E-01
 2.00000E+01 8.76389E+00 2.89638E-01
 2.10000E+01 8.82277E+00 2.82880E-01
 2.20000E+01 8.71283E+00 2.79327E-01
 2.30000E+01 8.47647E+00 2.73776E-01
 2.40000E+01 8.26563E+00 2.70977E-01
 2.50000E+01 8.08239E+00 2.70372E-01
 2.60000E+01 7.75424E+00 2.66005E-01
 2.70000E+01 7.50450E+00 2.63955E-01
 2.80000E+01 7.24280E+00 2.64443E-01
 2.90000E+01 7.05891E+00 2.65348E-01
 3.00000E+01 6.72265E+00 2.62094E-01
 3.10000E+01 6.48012E+00 2.61378E-01
 3.20000E+01 6.23538E+00 2.62364E-01
 3.30000E+01 6.02312E+00 2.63748E-01
 3.40000E+01 5.84205E+00 2.66314E-01
 3.50000E+01 5.54971E+00 2.63723E-01
 3.60000E+01 5.29924E+00 2.63215E-01
 3.70000E+01 5.07862E+00 2.65019E-01
 3.80000E+01 4.86273E+00 2.66980E-01
 3.90000E+01 4.66629E+00 2.69102E-01
 4.00000E+01 4.55985E+00 2.71628E-01
