# n + 115In: Production of 111Ag - Ground state
# Q-value    =-3.74581E+00 mass= 110.905297
# E-threshold= 3.77869E+00
# # energies =    40
#     E          xs      Branching
 1.00000E+00 0.00000E+00 0.00000E+00
 2.00000E+00 0.00000E+00 0.00000E+00
 3.00000E+00 0.00000E+00 0.00000E+00
 4.00000E+00 0.00000E+00 0.00000E+00
 5.00000E+00 0.00000E+00 0.00000E+00
 6.00000E+00 0.00000E+00 0.00000E+00
 7.00000E+00 0.00000E+00 0.00000E+00
 8.00000E+00 0.00000E+00 0.00000E+00
 9.00000E+00 0.00000E+00 0.00000E+00
 1.00000E+01 0.00000E+00 0.00000E+00
 1.10000E+01 0.00000E+00 0.00000E+00
 1.20000E+01 0.00000E+00 0.00000E+00
 1.30000E+01 3.15856E-04 1.61650E-01
 1.40000E+01 2.04169E-03 1.68170E-01
 1.50000E+01 9.10976E-03 1.67708E-01
 1.60000E+01 4.12182E-02 1.69023E-01
 1.70000E+01 1.16520E-01 1.65394E-01
 1.80000E+01 3.04924E-01 1.81533E-01
 1.90000E+01 5.93570E-01 1.64429E-01
 2.00000E+01 1.00705E+00 1.66754E-01
 2.10000E+01 1.49536E+00 1.68176E-01
 2.20000E+01 1.95475E+00 1.61425E-01
 2.30000E+01 2.21445E+00 1.60352E-01
 2.40000E+01 2.51886E+00 1.60587E-01
 2.50000E+01 2.80387E+00 1.57449E-01
 2.60000E+01 3.07927E+00 1.57647E-01
 2.70000E+01 3.18420E+00 1.56931E-01
 2.80000E+01 3.28760E+00 1.58379E-01
 2.90000E+01 3.32096E+00 1.58238E-01
 3.00000E+01 3.18963E+00 1.55987E-01
 3.10000E+01 3.06236E+00 1.56387E-01
 3.20000E+01 2.93696E+00 1.56548E-01
 3.30000E+01 2.82696E+00 1.57326E-01
 3.40000E+01 2.62047E+00 1.56323E-01
 3.50000E+01 2.43418E+00 1.56835E-01
 3.60000E+01 2.28667E+00 1.56548E-01
 3.70000E+01 2.14131E+00 1.56397E-01
 3.80000E+01 2.00207E+00 1.56186E-01
 3.90000E+01 1.85709E+00 1.55321E-01
 4.00000E+01 1.72970E+00 1.57872E-01
