# n + 115In: Production of 113Cd - Level  1     0.26354 MeV
# Q-value    =-7.63507E+00 mass= 112.904408
# E-threshold= 7.70210E+00
# # energies =    40
#     E          xs      Branching
 1.00000E+00 0.00000E+00 0.00000E+00
 2.00000E+00 0.00000E+00 0.00000E+00
 3.00000E+00 0.00000E+00 0.00000E+00
 4.00000E+00 0.00000E+00 0.00000E+00
 5.00000E+00 0.00000E+00 0.00000E+00
 6.00000E+00 0.00000E+00 0.00000E+00
 7.00000E+00 0.00000E+00 0.00000E+00
 8.00000E+00 0.00000E+00 0.00000E+00
 9.00000E+00 0.00000E+00 0.00000E+00
 1.00000E+01 0.00000E+00 0.00000E+00
 1.10000E+01 0.00000E+00 0.00000E+00
 1.20000E+01 0.00000E+00 0.00000E+00
 1.30000E+01 0.00000E+00 0.00000E+00
 1.40000E+01 8.46556E-04 4.58643E-01
 1.50000E+01 9.45831E-03 4.95525E-01
 1.60000E+01 5.63713E-02 5.55814E-01
 1.70000E+01 1.79557E-01 5.74879E-01
 1.80000E+01 4.06054E-01 5.93585E-01
 1.90000E+01 7.47727E-01 6.11601E-01
 2.00000E+01 1.23401E+00 6.28491E-01
 2.10000E+01 2.05100E+00 6.45048E-01
 2.20000E+01 3.84315E+00 6.73282E-01
 2.30000E+01 6.84604E+00 6.97839E-01
 2.40000E+01 1.10054E+01 7.03573E-01
 2.50000E+01 1.70676E+01 7.20825E-01
 2.60000E+01 2.29030E+01 7.25782E-01
 2.70000E+01 3.03736E+01 7.36246E-01
 2.80000E+01 3.75881E+01 7.42208E-01
 2.90000E+01 4.51546E+01 7.50205E-01
 3.00000E+01 5.30405E+01 7.56205E-01
 3.10000E+01 5.90113E+01 7.63281E-01
 3.20000E+01 6.45516E+01 7.71090E-01
 3.30000E+01 6.94771E+01 7.71797E-01
 3.40000E+01 7.12561E+01 7.76447E-01
 3.50000E+01 7.15187E+01 7.74203E-01
 3.60000E+01 7.25250E+01 7.71815E-01
 3.70000E+01 7.22061E+01 7.65584E-01
 3.80000E+01 7.07621E+01 7.63049E-01
 3.90000E+01 6.95202E+01 7.56318E-01
 4.00000E+01 6.88399E+01 7.51230E-01
