# n + 113In: Production of 109Pd - Ground state
# Q-value    =-3.40320E+00 mass= 108.905951
# E-threshold= 3.43360E+00
# # energies =    40
#     E          xs      Branching
 1.00000E+00 0.00000E+00 0.00000E+00
 2.00000E+00 0.00000E+00 0.00000E+00
 3.00000E+00 0.00000E+00 0.00000E+00
 4.00000E+00 0.00000E+00 0.00000E+00
 5.00000E+00 0.00000E+00 0.00000E+00
 6.00000E+00 0.00000E+00 0.00000E+00
 7.00000E+00 0.00000E+00 0.00000E+00
 8.00000E+00 0.00000E+00 0.00000E+00
 9.00000E+00 0.00000E+00 0.00000E+00
 1.00000E+01 0.00000E+00 0.00000E+00
 1.10000E+01 0.00000E+00 0.00000E+00
 1.20000E+01 0.00000E+00 0.00000E+00
 1.30000E+01 0.00000E+00 0.00000E+00
 1.40000E+01 0.00000E+00 0.00000E+00
 1.50000E+01 0.00000E+00 0.00000E+00
 1.60000E+01 0.00000E+00 0.00000E+00
 1.70000E+01 0.00000E+00 0.00000E+00
 1.80000E+01 0.00000E+00 0.00000E+00
 1.90000E+01 0.00000E+00 0.00000E+00
 2.00000E+01 0.00000E+00 0.00000E+00
 2.10000E+01 0.00000E+00 0.00000E+00
 2.20000E+01 6.81676E-04 5.48115E-01
 2.30000E+01 1.25104E-03 5.32864E-01
 2.40000E+01 2.01178E-03 5.14454E-01
 2.50000E+01 2.93510E-03 4.92655E-01
 2.60000E+01 4.09100E-03 4.67596E-01
 2.70000E+01 5.43800E-03 4.39044E-01
 2.80000E+01 6.70389E-03 4.09153E-01
 2.90000E+01 7.56707E-03 3.75926E-01
 3.00000E+01 8.23563E-03 3.49977E-01
 3.10000E+01 8.51462E-03 3.25114E-01
 3.20000E+01 8.47646E-03 3.05607E-01
 3.30000E+01 8.17252E-03 2.91086E-01
 3.40000E+01 7.75002E-03 2.78317E-01
 3.50000E+01 7.40109E-03 2.73687E-01
 3.60000E+01 6.99816E-03 2.70036E-01
 3.70000E+01 6.35453E-03 2.65828E-01
 3.80000E+01 5.83373E-03 2.62522E-01
 3.90000E+01 5.32821E-03 2.60724E-01
 4.00000E+01 4.99634E-03 2.62648E-01
