# n + 115In: Production of 115In - Level  1     0.33624 MeV
# Q-value    =-3.36244E-01 mass= 114.903879
# E-threshold= 3.39196E-01
# # energies =    40
#     E          xs      Branching
 1.00000E+00 8.41715E+01 4.10769E-01
 2.00000E+00 2.45482E+02 1.77694E-01
 3.00000E+00 2.42188E+02 1.36097E-01
 4.00000E+00 2.57265E+02 1.30947E-01
 5.00000E+00 2.71699E+02 1.29435E-01
 6.00000E+00 2.74125E+02 1.29657E-01
 7.00000E+00 2.68783E+02 1.30310E-01
 8.00000E+00 2.61551E+02 1.30203E-01
 9.00000E+00 2.55903E+02 1.29347E-01
 1.00000E+01 2.04574E+02 1.21777E-01
 1.10000E+01 1.32344E+02 1.20430E-01
 1.20000E+01 8.86376E+01 1.24326E-01
 1.30000E+01 6.56953E+01 1.26780E-01
 1.40000E+01 5.29318E+01 1.29918E-01
 1.50000E+01 4.53110E+01 1.31937E-01
 1.60000E+01 4.07732E+01 1.34525E-01
 1.70000E+01 3.74207E+01 1.35273E-01
 1.80000E+01 3.49267E+01 1.35424E-01
 1.90000E+01 3.29645E+01 1.35657E-01
 2.00000E+01 3.12198E+01 1.35528E-01
 2.10000E+01 3.02889E+01 1.35026E-01
 2.20000E+01 2.87919E+01 1.34604E-01
 2.30000E+01 2.74185E+01 1.33925E-01
 2.40000E+01 2.60822E+01 1.33585E-01
 2.50000E+01 2.52799E+01 1.34973E-01
 2.60000E+01 2.43066E+01 1.35258E-01
 2.70000E+01 2.32703E+01 1.35105E-01
 2.80000E+01 2.26487E+01 1.35556E-01
 2.90000E+01 2.19309E+01 1.35951E-01
 3.00000E+01 2.11378E+01 1.36033E-01
 3.10000E+01 2.04098E+01 1.36057E-01
 3.20000E+01 1.97519E+01 1.37053E-01
 3.30000E+01 1.89938E+01 1.37170E-01
 3.40000E+01 1.81340E+01 1.37190E-01
 3.50000E+01 1.74903E+01 1.37884E-01
 3.60000E+01 1.69227E+01 1.39083E-01
 3.70000E+01 1.62985E+01 1.39856E-01
 3.80000E+01 1.57220E+01 1.40046E-01
 3.90000E+01 1.50540E+01 1.40326E-01
 4.00000E+01 1.46194E+01 1.40464E-01
