# n + 113In: Production of 111Cd - Total
# Q-value    =-6.99334E+00 mass= 110.904184
# E-threshold= 7.05582E+00
# # energies =    40
#     E          xs
 1.00000E+00 0.00000E+00
 2.00000E+00 0.00000E+00
 3.00000E+00 0.00000E+00
 4.00000E+00 0.00000E+00
 5.00000E+00 0.00000E+00
 6.00000E+00 0.00000E+00
 7.00000E+00 0.00000E+00
 8.00000E+00 0.00000E+00
 9.00000E+00 0.00000E+00
 1.00000E+01 0.00000E+00
 1.10000E+01 0.00000E+00
 1.20000E+01 0.00000E+00
 1.30000E+01 0.00000E+00
 1.40000E+01 5.31641E-03
 1.50000E+01 3.08493E-02
 1.60000E+01 1.51091E-01
 1.70000E+01 4.37510E-01
 1.80000E+01 9.15822E-01
 1.90000E+01 1.60402E+00
 2.00000E+01 2.67681E+00
 2.10000E+01 4.68568E+00
 2.20000E+01 9.55293E+00
 2.30000E+01 1.74078E+01
 2.40000E+01 2.68032E+01
 2.50000E+01 3.99638E+01
 2.60000E+01 5.17711E+01
 2.70000E+01 6.53206E+01
 2.80000E+01 7.71035E+01
 2.90000E+01 8.93355E+01
 3.00000E+01 1.00698E+02
 3.10000E+01 1.08664E+02
 3.20000E+01 1.15628E+02
 3.30000E+01 1.19868E+02
 3.40000E+01 1.20447E+02
 3.50000E+01 1.20118E+02
 3.60000E+01 1.20336E+02
 3.70000E+01 1.17761E+02
 3.80000E+01 1.13975E+02
 3.90000E+01 1.11012E+02
 4.00000E+01 1.10102E+02
