# n + 113In: Production of 107Ag - Level  1     0.09313 MeV
# Q-value    =-1.96211E+01 mass= 106.905092
# E-threshold= 1.97964E+01
# # energies =    40
#     E          xs      Branching
 1.00000E+00 0.00000E+00 0.00000E+00
 2.00000E+00 0.00000E+00 0.00000E+00
 3.00000E+00 0.00000E+00 0.00000E+00
 4.00000E+00 0.00000E+00 0.00000E+00
 5.00000E+00 0.00000E+00 0.00000E+00
 6.00000E+00 0.00000E+00 0.00000E+00
 7.00000E+00 0.00000E+00 0.00000E+00
 8.00000E+00 0.00000E+00 0.00000E+00
 9.00000E+00 0.00000E+00 0.00000E+00
 1.00000E+01 0.00000E+00 0.00000E+00
 1.10000E+01 0.00000E+00 0.00000E+00
 1.20000E+01 0.00000E+00 0.00000E+00
 1.30000E+01 0.00000E+00 0.00000E+00
 1.40000E+01 0.00000E+00 0.00000E+00
 1.50000E+01 0.00000E+00 0.00000E+00
 1.60000E+01 0.00000E+00 0.00000E+00
 1.70000E+01 0.00000E+00 0.00000E+00
 1.80000E+01 0.00000E+00 0.00000E+00
 1.90000E+01 0.00000E+00 0.00000E+00
 2.00000E+01 0.00000E+00 0.00000E+00
 2.10000E+01 0.00000E+00 0.00000E+00
 2.20000E+01 0.00000E+00 0.00000E+00
 2.30000E+01 0.00000E+00 0.00000E+00
 2.40000E+01 0.00000E+00 0.00000E+00
 2.50000E+01 0.00000E+00 0.00000E+00
 2.60000E+01 0.00000E+00 0.00000E+00
 2.70000E+01 0.00000E+00 0.00000E+00
 2.80000E+01 1.11135E-03 8.52666E-01
 2.90000E+01 6.21880E-03 8.51301E-01
 3.00000E+01 3.17322E-02 8.26111E-01
 3.10000E+01 2.73269E-01 8.79916E-01
 3.20000E+01 7.01829E-01 8.55239E-01
 3.30000E+01 1.60472E+00 8.57727E-01
 3.40000E+01 3.75938E+00 8.64616E-01
 3.50000E+01 6.13722E+00 8.68538E-01
 3.60000E+01 8.62544E+00 8.69785E-01
 3.70000E+01 1.17796E+01 8.77879E-01
 3.80000E+01 1.54548E+01 8.80600E-01
 3.90000E+01 1.92695E+01 8.88226E-01
 4.00000E+01 2.23764E+01 8.91325E-01
