# n + 113In: Production of 110Ag - Ground state
# Q-value    = 3.73660E+00 mass= 109.906111
# E-threshold= 0.00000E+00
# # energies =    40
#     E          xs      Branching
 1.00000E+00 0.00000E+00 0.00000E+00
 2.00000E+00 0.00000E+00 0.00000E+00
 3.00000E+00 0.00000E+00 0.00000E+00
 4.00000E+00 4.36160E-06 0.00000E+00
 5.00000E+00 9.34120E-04 7.42083E-01
 6.00000E+00 4.28739E-03 7.43049E-01
 7.00000E+00 1.25634E-02 7.27531E-01
 8.00000E+00 3.58490E-02 7.16412E-01
 9.00000E+00 1.00824E-01 7.02115E-01
 1.00000E+01 2.65831E-01 6.82742E-01
 1.10000E+01 5.80670E-01 6.48439E-01
 1.20000E+01 1.08277E+00 6.09312E-01
 1.30000E+01 1.75800E+00 5.70863E-01
 1.40000E+01 2.60379E+00 5.36599E-01
 1.50000E+01 3.41822E+00 5.03978E-01
 1.60000E+01 4.28293E+00 4.79343E-01
 1.70000E+01 4.99908E+00 4.52990E-01
 1.80000E+01 5.54385E+00 4.32200E-01
 1.90000E+01 6.30029E+00 4.20873E-01
 2.00000E+01 6.39371E+00 4.08929E-01
 2.10000E+01 5.55432E+00 3.83513E-01
 2.20000E+01 4.61720E+00 3.75449E-01
 2.30000E+01 4.11944E+00 3.69994E-01
 2.40000E+01 3.69816E+00 3.64466E-01
 2.50000E+01 2.95498E+00 3.42461E-01
 2.60000E+01 2.56715E+00 3.36577E-01
 2.70000E+01 2.31965E+00 3.35146E-01
 2.80000E+01 2.11996E+00 3.33373E-01
 2.90000E+01 1.93335E+00 3.31767E-01
 3.00000E+01 1.64455E+00 3.20740E-01
 3.10000E+01 1.42061E+00 3.13640E-01
 3.20000E+01 1.35272E+00 3.18373E-01
 3.30000E+01 1.33127E+00 3.21904E-01
 3.40000E+01 1.37210E+00 3.33832E-01
 3.50000E+01 1.45275E+00 3.38192E-01
 3.60000E+01 1.51926E+00 3.42451E-01
 3.70000E+01 1.52251E+00 3.37165E-01
 3.80000E+01 1.61593E+00 3.40091E-01
 3.90000E+01 1.74214E+00 3.38676E-01
 4.00000E+01 1.84242E+00 3.33193E-01
