# n + 113In: Production of 107Ag - Ground state
# Q-value    =-1.95280E+01 mass= 106.905092
# E-threshold= 1.97025E+01
# # energies =    40
#     E          xs      Branching
 1.00000E+00 0.00000E+00 0.00000E+00
 2.00000E+00 0.00000E+00 0.00000E+00
 3.00000E+00 0.00000E+00 0.00000E+00
 4.00000E+00 0.00000E+00 0.00000E+00
 5.00000E+00 0.00000E+00 0.00000E+00
 6.00000E+00 0.00000E+00 0.00000E+00
 7.00000E+00 0.00000E+00 0.00000E+00
 8.00000E+00 0.00000E+00 0.00000E+00
 9.00000E+00 0.00000E+00 0.00000E+00
 1.00000E+01 0.00000E+00 0.00000E+00
 1.10000E+01 0.00000E+00 0.00000E+00
 1.20000E+01 0.00000E+00 0.00000E+00
 1.30000E+01 0.00000E+00 0.00000E+00
 1.40000E+01 0.00000E+00 0.00000E+00
 1.50000E+01 0.00000E+00 0.00000E+00
 1.60000E+01 0.00000E+00 0.00000E+00
 1.70000E+01 0.00000E+00 0.00000E+00
 1.80000E+01 0.00000E+00 0.00000E+00
 1.90000E+01 0.00000E+00 0.00000E+00
 2.00000E+01 0.00000E+00 0.00000E+00
 2.10000E+01 0.00000E+00 0.00000E+00
 2.20000E+01 0.00000E+00 0.00000E+00
 2.30000E+01 0.00000E+00 0.00000E+00
 2.40000E+01 0.00000E+00 0.00000E+00
 2.50000E+01 0.00000E+00 0.00000E+00
 2.60000E+01 0.00000E+00 0.00000E+00
 2.70000E+01 0.00000E+00 0.00000E+00
 2.80000E+01 1.92033E-04 1.47334E-01
 2.90000E+01 1.08626E-03 1.48699E-01
 3.00000E+01 6.67937E-03 1.73889E-01
 3.10000E+01 3.72937E-02 1.20084E-01
 3.20000E+01 1.18794E-01 1.44761E-01
 3.30000E+01 2.66177E-01 1.42273E-01
 3.40000E+01 5.88654E-01 1.35384E-01
 3.50000E+01 9.28928E-01 1.31462E-01
 3.60000E+01 1.29131E+00 1.30215E-01
 3.70000E+01 1.63865E+00 1.22121E-01
 3.80000E+01 2.09551E+00 1.19400E-01
 3.90000E+01 2.42488E+00 1.11774E-01
 4.00000E+01 2.72824E+00 1.08675E-01
