# n + 113In: Production of 110Ag - Total
# Q-value    = 3.73660E+00 mass= 109.906111
# E-threshold= 0.00000E+00
# # energies =    40
#     E          xs
 1.00000E+00 1.00000E-07
 2.00000E+00 1.00000E-07
 3.00000E+00 1.00000E-07
 4.00000E+00 1.00000E-07
 5.00000E+00 1.25878E-03
 6.00000E+00 5.76999E-03
 7.00000E+00 1.72686E-02
 8.00000E+00 5.00396E-02
 9.00000E+00 1.43600E-01
 1.00000E+01 3.89359E-01
 1.10000E+01 8.95489E-01
 1.20000E+01 1.77704E+00
 1.30000E+01 3.07955E+00
 1.40000E+01 4.85238E+00
 1.50000E+01 6.78248E+00
 1.60000E+01 8.93501E+00
 1.70000E+01 1.10357E+01
 1.80000E+01 1.28270E+01
 1.90000E+01 1.49696E+01
 2.00000E+01 1.56353E+01
 2.10000E+01 1.44827E+01
 2.20000E+01 1.22978E+01
 2.30000E+01 1.11338E+01
 2.40000E+01 1.01468E+01
 2.50000E+01 8.62866E+00
 2.60000E+01 7.62725E+00
 2.70000E+01 6.92133E+00
 2.80000E+01 6.35911E+00
 2.90000E+01 5.82742E+00
 3.00000E+01 5.12736E+00
 3.10000E+01 4.52943E+00
 3.20000E+01 4.24884E+00
 3.30000E+01 4.13562E+00
 3.40000E+01 4.11015E+00
 3.50000E+01 4.29564E+00
 3.60000E+01 4.43643E+00
 3.70000E+01 4.51563E+00
 3.80000E+01 4.75144E+00
 3.90000E+01 5.14396E+00
 4.00000E+01 5.52960E+00
