# n + 113In: Production of 114In - Level  1     0.19027 MeV
# Q-value    = 7.08374E+00 mass= 113.904916
# E-threshold= 0.00000E+00
# # energies =    40
#     E          xs      Branching
 1.00000E+00 1.64275E+02 8.09250E-01
 2.00000E+00 8.31692E+01 8.40713E-01
 3.00000E+00 3.67159E+01 8.17412E-01
 4.00000E+00 1.80911E+01 7.98977E-01
 5.00000E+00 8.56262E+00 7.85730E-01
 6.00000E+00 3.79450E+00 7.74902E-01
 7.00000E+00 1.79724E+00 7.60312E-01
 8.00000E+00 1.12347E+00 7.47284E-01
 9.00000E+00 9.76213E-01 7.37872E-01
 1.00000E+01 9.39254E-01 7.33110E-01
 1.10000E+01 9.64304E-01 7.32868E-01
 1.20000E+01 9.62012E-01 7.31411E-01
 1.30000E+01 9.61408E-01 7.30740E-01
 1.40000E+01 9.18333E-01 7.27602E-01
 1.50000E+01 8.45179E-01 7.23536E-01
 1.60000E+01 7.48810E-01 7.20619E-01
 1.70000E+01 6.14192E-01 7.13998E-01
 1.80000E+01 5.21396E-01 7.08987E-01
 1.90000E+01 4.46916E-01 7.07868E-01
 2.00000E+01 3.89484E-01 7.05671E-01
 2.10000E+01 3.38026E-01 7.03079E-01
 2.20000E+01 3.06612E-01 7.02369E-01
 2.30000E+01 2.80702E-01 7.04315E-01
 2.40000E+01 2.59864E-01 7.04991E-01
 2.50000E+01 2.36429E-01 7.03608E-01
 2.60000E+01 2.21235E-01 7.03491E-01
 2.70000E+01 2.09028E-01 7.04335E-01
 2.80000E+01 1.98289E-01 7.06123E-01
 2.90000E+01 1.89134E-01 7.07313E-01
 3.00000E+01 1.79771E-01 7.07534E-01
 3.10000E+01 1.69379E-01 7.01917E-01
 3.20000E+01 1.63315E-01 7.02031E-01
 3.30000E+01 1.58246E-01 7.02517E-01
 3.40000E+01 1.48690E-01 7.02460E-01
 3.50000E+01 1.43005E-01 7.03000E-01
 3.60000E+01 1.37818E-01 7.03615E-01
 3.70000E+01 1.34790E-01 7.03990E-01
 3.80000E+01 1.27947E-01 7.01435E-01
 3.90000E+01 1.26428E-01 7.01236E-01
 4.00000E+01 1.23886E-01 7.01327E-01
