# n + 115In: Production of 113In - Total
# Q-value    =-1.63119E+01 mass= 112.904060
# E-threshold= 1.64551E+01
# # energies =    40
#     E          xs
 1.00000E+00 0.00000E+00
 2.00000E+00 0.00000E+00
 3.00000E+00 0.00000E+00
 4.00000E+00 0.00000E+00
 5.00000E+00 0.00000E+00
 6.00000E+00 0.00000E+00
 7.00000E+00 0.00000E+00
 8.00000E+00 0.00000E+00
 9.00000E+00 0.00000E+00
 1.00000E+01 0.00000E+00
 1.10000E+01 0.00000E+00
 1.20000E+01 0.00000E+00
 1.30000E+01 0.00000E+00
 1.40000E+01 0.00000E+00
 1.50000E+01 0.00000E+00
 1.60000E+01 0.00000E+00
 1.70000E+01 2.11098E+01
 1.80000E+01 1.11722E+02
 1.90000E+01 3.00529E+02
 2.00000E+01 4.84807E+02
 2.10000E+01 6.55088E+02
 2.20000E+01 8.01990E+02
 2.30000E+01 9.13948E+02
 2.40000E+01 9.81600E+02
 2.50000E+01 1.03173E+03
 2.60000E+01 1.05854E+03
 2.70000E+01 1.05853E+03
 2.80000E+01 1.02860E+03
 2.90000E+01 9.56907E+02
 3.00000E+01 8.65037E+02
 3.10000E+01 7.67260E+02
 3.20000E+01 6.66293E+02
 3.30000E+01 5.75723E+02
 3.40000E+01 5.03620E+02
 3.50000E+01 4.42501E+02
 3.60000E+01 3.89978E+02
 3.70000E+01 3.57611E+02
 3.80000E+01 3.26856E+02
 3.90000E+01 3.04306E+02
 4.00000E+01 2.84749E+02
