# n + 115In: Production of 109Ag - Ground state
# Q-value    =-1.93845E+01 mass= 108.904756
# E-threshold= 1.95546E+01
# # energies =    40
#     E          xs      Branching
 1.00000E+00 0.00000E+00 0.00000E+00
 2.00000E+00 0.00000E+00 0.00000E+00
 3.00000E+00 0.00000E+00 0.00000E+00
 4.00000E+00 0.00000E+00 0.00000E+00
 5.00000E+00 0.00000E+00 0.00000E+00
 6.00000E+00 0.00000E+00 0.00000E+00
 7.00000E+00 0.00000E+00 0.00000E+00
 8.00000E+00 0.00000E+00 0.00000E+00
 9.00000E+00 0.00000E+00 0.00000E+00
 1.00000E+01 0.00000E+00 0.00000E+00
 1.10000E+01 0.00000E+00 0.00000E+00
 1.20000E+01 0.00000E+00 0.00000E+00
 1.30000E+01 0.00000E+00 0.00000E+00
 1.40000E+01 0.00000E+00 0.00000E+00
 1.50000E+01 0.00000E+00 0.00000E+00
 1.60000E+01 0.00000E+00 0.00000E+00
 1.70000E+01 0.00000E+00 0.00000E+00
 1.80000E+01 0.00000E+00 0.00000E+00
 1.90000E+01 0.00000E+00 0.00000E+00
 2.00000E+01 0.00000E+00 0.00000E+00
 2.10000E+01 0.00000E+00 0.00000E+00
 2.20000E+01 0.00000E+00 0.00000E+00
 2.30000E+01 0.00000E+00 0.00000E+00
 2.40000E+01 0.00000E+00 0.00000E+00
 2.50000E+01 0.00000E+00 0.00000E+00
 2.60000E+01 0.00000E+00 0.00000E+00
 2.70000E+01 0.00000E+00 0.00000E+00
 2.80000E+01 0.00000E+00 0.00000E+00
 2.90000E+01 1.00997E-03 1.96637E-01
 3.00000E+01 6.37109E-03 2.49972E-01
 3.10000E+01 2.41743E-02 1.69157E-01
 3.20000E+01 7.55635E-02 2.05344E-01
 3.30000E+01 2.01332E-01 2.22414E-01
 3.40000E+01 5.02833E-01 2.06074E-01
 3.50000E+01 9.09820E-01 2.12999E-01
 3.60000E+01 1.41889E+00 2.22863E-01
 3.70000E+01 2.08228E+00 2.28197E-01
 3.80000E+01 2.91906E+00 2.28000E-01
 3.90000E+01 3.69225E+00 2.25185E-01
 4.00000E+01 4.53356E+00 2.32602E-01
