# n + 115In: Production of 115Cd - Level  1     0.18100 MeV
# Q-value    =-8.50514E-01 mass= 114.905437
# E-threshold= 8.57980E-01
# # energies =    40
#     E          xs      Branching
 1.00000E+00 0.00000E+00 0.00000E+00
 2.00000E+00 0.00000E+00 0.00000E+00
 3.00000E+00 0.00000E+00 0.00000E+00
 4.00000E+00 2.75918E-03 6.25801E-01
 5.00000E+00 2.11528E-02 5.73104E-01
 6.00000E+00 7.43208E-02 5.28437E-01
 7.00000E+00 2.03525E-01 4.95373E-01
 8.00000E+00 4.64088E-01 4.99859E-01
 9.00000E+00 9.14678E-01 5.23561E-01
 1.00000E+01 1.65713E+00 5.54073E-01
 1.10000E+01 2.81707E+00 5.86741E-01
 1.20000E+01 4.46273E+00 6.18700E-01
 1.30000E+01 6.51339E+00 6.47673E-01
 1.40000E+01 8.76428E+00 6.71729E-01
 1.50000E+01 1.09816E+01 6.90747E-01
 1.60000E+01 1.29872E+01 7.06257E-01
 1.70000E+01 1.47248E+01 7.18213E-01
 1.80000E+01 1.62158E+01 7.29767E-01
 1.90000E+01 1.73496E+01 7.37269E-01
 2.00000E+01 1.81778E+01 7.46625E-01
 2.10000E+01 1.91673E+01 7.51507E-01
 2.20000E+01 1.96244E+01 7.59431E-01
 2.30000E+01 1.97530E+01 7.63348E-01
 2.40000E+01 1.95775E+01 7.64095E-01
 2.50000E+01 1.93985E+01 7.69078E-01
 2.60000E+01 1.91061E+01 7.71174E-01
 2.70000E+01 1.85351E+01 7.70753E-01
 2.80000E+01 1.80872E+01 7.70493E-01
 2.90000E+01 1.75623E+01 7.74526E-01
 3.00000E+01 1.69647E+01 7.73829E-01
 3.10000E+01 1.62744E+01 7.72392E-01
 3.20000E+01 1.56949E+01 7.71170E-01
 3.30000E+01 1.51720E+01 7.70903E-01
 3.40000E+01 1.45656E+01 7.74254E-01
 3.50000E+01 1.38883E+01 7.71973E-01
 3.60000E+01 1.32033E+01 7.69988E-01
 3.70000E+01 1.26069E+01 7.68577E-01
 3.80000E+01 1.20663E+01 7.67402E-01
 3.90000E+01 1.15292E+01 7.67134E-01
 4.00000E+01 1.10748E+01 7.68820E-01
