# n + 113In: Production of 108Pd - Total
# Q-value    =-7.33222E+00 mass= 107.903892
# E-threshold= 7.39772E+00
# # energies =    40
#     E          xs
 1.00000E+00 0.00000E+00
 2.00000E+00 0.00000E+00
 3.00000E+00 0.00000E+00
 4.00000E+00 0.00000E+00
 5.00000E+00 0.00000E+00
 6.00000E+00 0.00000E+00
 7.00000E+00 0.00000E+00
 8.00000E+00 0.00000E+00
 9.00000E+00 0.00000E+00
 1.00000E+01 0.00000E+00
 1.10000E+01 0.00000E+00
 1.20000E+01 0.00000E+00
 1.30000E+01 0.00000E+00
 1.40000E+01 0.00000E+00
 1.50000E+01 0.00000E+00
 1.60000E+01 0.00000E+00
 1.70000E+01 0.00000E+00
 1.80000E+01 0.00000E+00
 1.90000E+01 0.00000E+00
 2.00000E+01 0.00000E+00
 2.10000E+01 0.00000E+00
 2.20000E+01 0.00000E+00
 2.30000E+01 0.00000E+00
 2.40000E+01 0.00000E+00
 2.50000E+01 0.00000E+00
 2.60000E+01 0.00000E+00
 2.70000E+01 1.18019E-03
 2.80000E+01 3.55295E-03
 2.90000E+01 8.56969E-03
 3.00000E+01 1.74301E-02
 3.10000E+01 3.23067E-02
 3.20000E+01 5.49967E-02
 3.30000E+01 8.52927E-02
 3.40000E+01 1.23603E-01
 3.50000E+01 1.69146E-01
 3.60000E+01 2.20535E-01
 3.70000E+01 2.75976E-01
 3.80000E+01 3.28830E-01
 3.90000E+01 3.74259E-01
 4.00000E+01 4.10381E-01
