# n + 113In: Production of 109Ag - Level  1     0.08803 MeV
# Q-value    =-3.16064E+00 mass= 108.904756
# E-threshold= 3.18887E+00
# # energies =    40
#     E          xs      Branching
 1.00000E+00 0.00000E+00 0.00000E+00
 2.00000E+00 0.00000E+00 0.00000E+00
 3.00000E+00 0.00000E+00 0.00000E+00
 4.00000E+00 0.00000E+00 0.00000E+00
 5.00000E+00 0.00000E+00 0.00000E+00
 6.00000E+00 0.00000E+00 0.00000E+00
 7.00000E+00 0.00000E+00 0.00000E+00
 8.00000E+00 0.00000E+00 0.00000E+00
 9.00000E+00 0.00000E+00 0.00000E+00
 1.00000E+01 0.00000E+00 0.00000E+00
 1.10000E+01 0.00000E+00 0.00000E+00
 1.20000E+01 3.48294E-03 7.29502E-01
 1.30000E+01 3.03103E-02 8.16360E-01
 1.40000E+01 9.09730E-02 7.53266E-01
 1.50000E+01 4.49100E-01 8.11220E-01
 1.60000E+01 1.06753E+00 7.85024E-01
 1.70000E+01 2.31861E+00 7.72106E-01
 1.80000E+01 4.89773E+00 7.92483E-01
 1.90000E+01 7.72337E+00 7.82335E-01
 2.00000E+01 1.07086E+01 7.75640E-01
 2.10000E+01 1.50696E+01 7.85541E-01
 2.20000E+01 1.74991E+01 7.84171E-01
 2.30000E+01 1.99261E+01 7.81880E-01
 2.40000E+01 2.21307E+01 7.78510E-01
 2.50000E+01 2.45999E+01 7.80940E-01
 2.60000E+01 2.55591E+01 7.81480E-01
 2.70000E+01 2.54868E+01 7.78320E-01
 2.80000E+01 2.48253E+01 7.77067E-01
 2.90000E+01 2.31555E+01 7.75967E-01
 3.00000E+01 2.18475E+01 7.75017E-01
 3.10000E+01 2.06991E+01 7.75348E-01
 3.20000E+01 1.95908E+01 7.76150E-01
 3.30000E+01 1.79826E+01 7.75013E-01
 3.40000E+01 1.66318E+01 7.69649E-01
 3.50000E+01 1.53569E+01 7.68424E-01
 3.60000E+01 1.40727E+01 7.56619E-01
 3.70000E+01 1.30733E+01 7.58013E-01
 3.80000E+01 1.20757E+01 7.57746E-01
 3.90000E+01 1.12272E+01 7.57288E-01
 4.00000E+01 1.05300E+01 7.56773E-01
