# n + 115In: Production of 111Cd - Ground state
# Q-value    =-2.33052E+01 mass= 110.904184
# E-threshold= 2.35098E+01
# # energies =    40
#     E          xs      Branching
 1.00000E+00 0.00000E+00 0.00000E+00
 2.00000E+00 0.00000E+00 0.00000E+00
 3.00000E+00 0.00000E+00 0.00000E+00
 4.00000E+00 0.00000E+00 0.00000E+00
 5.00000E+00 0.00000E+00 0.00000E+00
 6.00000E+00 0.00000E+00 0.00000E+00
 7.00000E+00 0.00000E+00 0.00000E+00
 8.00000E+00 0.00000E+00 0.00000E+00
 9.00000E+00 0.00000E+00 0.00000E+00
 1.00000E+01 0.00000E+00 0.00000E+00
 1.10000E+01 0.00000E+00 0.00000E+00
 1.20000E+01 0.00000E+00 0.00000E+00
 1.30000E+01 0.00000E+00 0.00000E+00
 1.40000E+01 0.00000E+00 0.00000E+00
 1.50000E+01 0.00000E+00 0.00000E+00
 1.60000E+01 0.00000E+00 0.00000E+00
 1.70000E+01 0.00000E+00 0.00000E+00
 1.80000E+01 0.00000E+00 0.00000E+00
 1.90000E+01 0.00000E+00 0.00000E+00
 2.00000E+01 0.00000E+00 0.00000E+00
 2.10000E+01 0.00000E+00 0.00000E+00
 2.20000E+01 0.00000E+00 0.00000E+00
 2.30000E+01 0.00000E+00 0.00000E+00
 2.40000E+01 0.00000E+00 0.00000E+00
 2.50000E+01 0.00000E+00 0.00000E+00
 2.60000E+01 0.00000E+00 0.00000E+00
 2.70000E+01 0.00000E+00 0.00000E+00
 2.80000E+01 0.00000E+00 0.00000E+00
 2.90000E+01 1.49501E-03 4.73939E-01
 3.00000E+01 1.11510E-02 4.57747E-01
 3.10000E+01 4.02275E-02 4.20902E-01
 3.20000E+01 9.65247E-02 4.22323E-01
 3.30000E+01 1.92560E-01 3.91602E-01
 3.40000E+01 3.35975E-01 3.71695E-01
 3.50000E+01 4.99250E-01 3.66867E-01
 3.60000E+01 7.39277E-01 3.48232E-01
 3.70000E+01 1.05171E+00 3.42077E-01
 3.80000E+01 1.61095E+00 3.34621E-01
 3.90000E+01 2.47125E+00 3.36835E-01
 4.00000E+01 3.93844E+00 3.31200E-01
