# n + 113In: Production of 107Pd - Ground state
# Q-value    =-1.02979E+01 mass= 106.905128
# E-threshold= 1.03899E+01
# # energies =    40
#     E          xs      Branching
 1.00000E+00 0.00000E+00 0.00000E+00
 2.00000E+00 0.00000E+00 0.00000E+00
 3.00000E+00 0.00000E+00 0.00000E+00
 4.00000E+00 0.00000E+00 0.00000E+00
 5.00000E+00 0.00000E+00 0.00000E+00
 6.00000E+00 0.00000E+00 0.00000E+00
 7.00000E+00 0.00000E+00 0.00000E+00
 8.00000E+00 0.00000E+00 0.00000E+00
 9.00000E+00 0.00000E+00 0.00000E+00
 1.00000E+01 0.00000E+00 0.00000E+00
 1.10000E+01 0.00000E+00 0.00000E+00
 1.20000E+01 0.00000E+00 0.00000E+00
 1.30000E+01 0.00000E+00 0.00000E+00
 1.40000E+01 0.00000E+00 0.00000E+00
 1.50000E+01 0.00000E+00 0.00000E+00
 1.60000E+01 0.00000E+00 0.00000E+00
 1.70000E+01 0.00000E+00 0.00000E+00
 1.80000E+01 0.00000E+00 0.00000E+00
 1.90000E+01 0.00000E+00 0.00000E+00
 2.00000E+01 0.00000E+00 0.00000E+00
 2.10000E+01 0.00000E+00 0.00000E+00
 2.20000E+01 0.00000E+00 0.00000E+00
 2.30000E+01 0.00000E+00 0.00000E+00
 2.40000E+01 0.00000E+00 0.00000E+00
 2.50000E+01 0.00000E+00 0.00000E+00
 2.60000E+01 0.00000E+00 0.00000E+00
 2.70000E+01 0.00000E+00 0.00000E+00
 2.80000E+01 0.00000E+00 0.00000E+00
 2.90000E+01 0.00000E+00 0.00000E+00
 3.00000E+01 0.00000E+00 0.00000E+00
 3.10000E+01 0.00000E+00 0.00000E+00
 3.20000E+01 0.00000E+00 0.00000E+00
 3.30000E+01 0.00000E+00 0.00000E+00
 3.40000E+01 0.00000E+00 0.00000E+00
 3.50000E+01 1.25600E-03 4.36466E-01
 3.60000E+01 3.13204E-03 4.11710E-01
 3.70000E+01 8.79404E-03 4.36673E-01
 3.80000E+01 1.85308E-02 3.87464E-01
 3.90000E+01 3.58547E-02 3.74989E-01
 4.00000E+01 6.09249E-02 3.62512E-01
