# n + 115In: Production of 112In - Ground state
# Q-value    =-2.57602E+01 mass= 111.905539
# E-threshold= 2.59863E+01
# # energies =    40
#     E          xs      Branching
 1.00000E+00 0.00000E+00 0.00000E+00
 2.00000E+00 0.00000E+00 0.00000E+00
 3.00000E+00 0.00000E+00 0.00000E+00
 4.00000E+00 0.00000E+00 0.00000E+00
 5.00000E+00 0.00000E+00 0.00000E+00
 6.00000E+00 0.00000E+00 0.00000E+00
 7.00000E+00 0.00000E+00 0.00000E+00
 8.00000E+00 0.00000E+00 0.00000E+00
 9.00000E+00 0.00000E+00 0.00000E+00
 1.00000E+01 0.00000E+00 0.00000E+00
 1.10000E+01 0.00000E+00 0.00000E+00
 1.20000E+01 0.00000E+00 0.00000E+00
 1.30000E+01 0.00000E+00 0.00000E+00
 1.40000E+01 0.00000E+00 0.00000E+00
 1.50000E+01 0.00000E+00 0.00000E+00
 1.60000E+01 0.00000E+00 0.00000E+00
 1.70000E+01 0.00000E+00 0.00000E+00
 1.80000E+01 0.00000E+00 0.00000E+00
 1.90000E+01 0.00000E+00 0.00000E+00
 2.00000E+01 0.00000E+00 0.00000E+00
 2.10000E+01 0.00000E+00 0.00000E+00
 2.20000E+01 0.00000E+00 0.00000E+00
 2.30000E+01 0.00000E+00 0.00000E+00
 2.40000E+01 0.00000E+00 0.00000E+00
 2.50000E+01 0.00000E+00 0.00000E+00
 2.60000E+01 0.00000E+00 0.00000E+00
 2.70000E+01 1.58163E+00 1.69741E-01
 2.80000E+01 7.09271E+00 1.64460E-01
 2.90000E+01 1.66078E+01 1.51733E-01
 3.00000E+01 2.83935E+01 1.48025E-01
 3.10000E+01 4.16381E+01 1.46338E-01
 3.20000E+01 5.38116E+01 1.43845E-01
 3.30000E+01 6.49161E+01 1.43164E-01
 3.40000E+01 7.34672E+01 1.42616E-01
 3.50000E+01 7.85151E+01 1.40534E-01
 3.60000E+01 8.12252E+01 1.38218E-01
 3.70000E+01 8.12779E+01 1.36690E-01
 3.80000E+01 7.86525E+01 1.33840E-01
 3.90000E+01 7.42832E+01 1.32323E-01
 4.00000E+01 6.80669E+01 1.29677E-01
