# n + 115In: Production of 111Ag - Total
# Q-value    =-3.74581E+00 mass= 110.905297
# E-threshold= 3.77869E+00
# # energies =    40
#     E          xs
 1.00000E+00 0.00000E+00
 2.00000E+00 0.00000E+00
 3.00000E+00 0.00000E+00
 4.00000E+00 0.00000E+00
 5.00000E+00 0.00000E+00
 6.00000E+00 0.00000E+00
 7.00000E+00 0.00000E+00
 8.00000E+00 0.00000E+00
 9.00000E+00 0.00000E+00
 1.00000E+01 0.00000E+00
 1.10000E+01 0.00000E+00
 1.20000E+01 0.00000E+00
 1.30000E+01 1.95394E-03
 1.40000E+01 1.21406E-02
 1.50000E+01 5.43192E-02
 1.60000E+01 2.43862E-01
 1.70000E+01 7.04498E-01
 1.80000E+01 1.67972E+00
 1.90000E+01 3.60989E+00
 2.00000E+01 6.03913E+00
 2.10000E+01 8.89163E+00
 2.20000E+01 1.21093E+01
 2.30000E+01 1.38100E+01
 2.40000E+01 1.56854E+01
 2.50000E+01 1.78081E+01
 2.60000E+01 1.95327E+01
 2.70000E+01 2.02904E+01
 2.80000E+01 2.07578E+01
 2.90000E+01 2.09871E+01
 3.00000E+01 2.04481E+01
 3.10000E+01 1.95820E+01
 3.20000E+01 1.87607E+01
 3.30000E+01 1.79689E+01
 3.40000E+01 1.67632E+01
 3.50000E+01 1.55207E+01
 3.60000E+01 1.46068E+01
 3.70000E+01 1.36915E+01
 3.80000E+01 1.28185E+01
 3.90000E+01 1.19565E+01
 4.00000E+01 1.09563E+01
