# n + 113In: Production of 113In - Total
# Q-value    =-3.91699E-01 mass= 112.904060
# E-threshold= 3.95198E-01
# # energies =    40
#     E          xs
 1.00000E+00 6.82523E+01
 2.00000E+00 1.44168E+03
 3.00000E+00 1.81837E+03
 4.00000E+00 2.00842E+03
 5.00000E+00 2.13264E+03
 6.00000E+00 2.13102E+03
 7.00000E+00 2.06853E+03
 8.00000E+00 2.00982E+03
 9.00000E+00 1.97672E+03
 1.00000E+01 1.85132E+03
 1.10000E+01 1.29563E+03
 1.20000E+01 8.41805E+02
 1.30000E+01 5.82930E+02
 1.40000E+01 4.44897E+02
 1.50000E+01 3.63853E+02
 1.60000E+01 3.16823E+02
 1.70000E+01 2.86373E+02
 1.80000E+01 2.64758E+02
 1.90000E+01 2.50440E+02
 2.00000E+01 2.39629E+02
 2.10000E+01 2.31240E+02
 2.20000E+01 2.23623E+02
 2.30000E+01 2.10515E+02
 2.40000E+01 2.03378E+02
 2.50000E+01 1.93945E+02
 2.60000E+01 1.86493E+02
 2.70000E+01 1.80907E+02
 2.80000E+01 1.73096E+02
 2.90000E+01 1.67754E+02
 3.00000E+01 1.63012E+02
 3.10000E+01 1.56045E+02
 3.20000E+01 1.49522E+02
 3.30000E+01 1.44299E+02
 3.40000E+01 1.39181E+02
 3.50000E+01 1.32488E+02
 3.60000E+01 1.26482E+02
 3.70000E+01 1.21526E+02
 3.80000E+01 1.17171E+02
 3.90000E+01 1.13173E+02
 4.00000E+01 1.09057E+02
