# n + 113In: Production of 111Ag - Total
# Q-value    =-8.01155E+00 mass= 110.905297
# E-threshold= 8.08312E+00
# # energies =    40
#     E          xs
 1.00000E+00 0.00000E+00
 2.00000E+00 0.00000E+00
 3.00000E+00 0.00000E+00
 4.00000E+00 0.00000E+00
 5.00000E+00 0.00000E+00
 6.00000E+00 0.00000E+00
 7.00000E+00 0.00000E+00
 8.00000E+00 0.00000E+00
 9.00000E+00 0.00000E+00
 1.00000E+01 0.00000E+00
 1.10000E+01 0.00000E+00
 1.20000E+01 0.00000E+00
 1.30000E+01 0.00000E+00
 1.40000E+01 0.00000E+00
 1.50000E+01 0.00000E+00
 1.60000E+01 0.00000E+00
 1.70000E+01 0.00000E+00
 1.80000E+01 0.00000E+00
 1.90000E+01 0.00000E+00
 2.00000E+01 0.00000E+00
 2.10000E+01 1.37554E-03
 2.20000E+01 5.97984E-03
 2.30000E+01 2.05068E-02
 2.40000E+01 5.65850E-02
 2.50000E+01 1.28349E-01
 2.60000E+01 2.47645E-01
 2.70000E+01 4.21328E-01
 2.80000E+01 6.50825E-01
 2.90000E+01 9.27144E-01
 3.00000E+01 1.26317E+00
 3.10000E+01 1.59687E+00
 3.20000E+01 1.87840E+00
 3.30000E+01 2.16528E+00
 3.40000E+01 2.39439E+00
 3.50000E+01 2.50394E+00
 3.60000E+01 2.65248E+00
 3.70000E+01 2.80037E+00
 3.80000E+01 2.86047E+00
 3.90000E+01 2.81875E+00
 4.00000E+01 2.82735E+00
