# n + 115In: Production of 110Ag - Total
# Q-value    =-1.25753E+01 mass= 109.906111
# E-threshold= 1.26857E+01
# # energies =    40
#     E          xs
 1.00000E+00 0.00000E+00
 2.00000E+00 0.00000E+00
 3.00000E+00 0.00000E+00
 4.00000E+00 0.00000E+00
 5.00000E+00 0.00000E+00
 6.00000E+00 0.00000E+00
 7.00000E+00 0.00000E+00
 8.00000E+00 0.00000E+00
 9.00000E+00 0.00000E+00
 1.00000E+01 0.00000E+00
 1.10000E+01 0.00000E+00
 1.20000E+01 0.00000E+00
 1.30000E+01 0.00000E+00
 1.40000E+01 0.00000E+00
 1.50000E+01 0.00000E+00
 1.60000E+01 0.00000E+00
 1.70000E+01 0.00000E+00
 1.80000E+01 0.00000E+00
 1.90000E+01 0.00000E+00
 2.00000E+01 0.00000E+00
 2.10000E+01 0.00000E+00
 2.20000E+01 3.15087E-03
 2.30000E+01 1.30423E-02
 2.40000E+01 1.00868E-01
 2.50000E+01 3.40627E-01
 2.60000E+01 8.57085E-01
 2.70000E+01 2.19142E+00
 2.80000E+01 3.81171E+00
 2.90000E+01 5.75675E+00
 3.00000E+01 8.51767E+00
 3.10000E+01 1.13517E+01
 3.20000E+01 1.39553E+01
 3.30000E+01 1.62376E+01
 3.40000E+01 1.79372E+01
 3.50000E+01 1.94441E+01
 3.60000E+01 2.03058E+01
 3.70000E+01 2.03359E+01
 3.80000E+01 1.92989E+01
 3.90000E+01 1.85040E+01
 4.00000E+01 1.80444E+01
