# n + 113In: Production of 114In - Ground state
# Q-value    = 7.27401E+00 mass= 113.904916
# E-threshold= 0.00000E+00
# # energies =    40
#     E          xs      Branching
 1.00000E+00 3.87216E+01 1.90750E-01
 2.00000E+00 1.57577E+01 1.59287E-01
 3.00000E+00 8.20135E+00 1.82588E-01
 4.00000E+00 4.55173E+00 2.01023E-01
 5.00000E+00 2.33504E+00 2.14270E-01
 6.00000E+00 1.10225E+00 2.25098E-01
 7.00000E+00 5.66580E-01 2.39688E-01
 8.00000E+00 3.79937E-01 2.52716E-01
 9.00000E+00 3.46799E-01 2.62128E-01
 1.00000E+01 3.41938E-01 2.66890E-01
 1.10000E+01 3.51491E-01 2.67132E-01
 1.20000E+01 3.53271E-01 2.68589E-01
 1.30000E+01 3.54255E-01 2.69260E-01
 1.40000E+01 3.43803E-01 2.72398E-01
 1.50000E+01 3.22944E-01 2.76464E-01
 1.60000E+01 2.90310E-01 2.79381E-01
 1.70000E+01 2.46023E-01 2.86002E-01
 1.80000E+01 2.14014E-01 2.91013E-01
 1.90000E+01 1.84439E-01 2.92132E-01
 2.00000E+01 1.62450E-01 2.94329E-01
 2.10000E+01 1.42754E-01 2.96921E-01
 2.20000E+01 1.29928E-01 2.97631E-01
 2.30000E+01 1.17844E-01 2.95685E-01
 2.40000E+01 1.08742E-01 2.95009E-01
 2.50000E+01 9.95946E-02 2.96392E-01
 2.60000E+01 9.32467E-02 2.96509E-01
 2.70000E+01 8.77458E-02 2.95665E-01
 2.80000E+01 8.25246E-02 2.93877E-01
 2.90000E+01 7.82638E-02 2.92687E-01
 3.00000E+01 7.43102E-02 2.92466E-01
 3.10000E+01 7.19304E-02 2.98083E-01
 3.20000E+01 6.93172E-02 2.97969E-01
 3.30000E+01 6.70098E-02 2.97483E-01
 3.40000E+01 6.29802E-02 2.97540E-01
 3.50000E+01 6.04162E-02 2.97000E-01
 3.60000E+01 5.80535E-02 2.96385E-01
 3.70000E+01 5.66760E-02 2.96010E-01
 3.80000E+01 5.44603E-02 2.98565E-01
 3.90000E+01 5.38654E-02 2.98764E-01
 4.00000E+01 5.27591E-02 2.98673E-01
