# n + 115In: Production of 112Cd - Total
# Q-value    =-1.39113E+01 mass= 111.902764
# E-threshold= 1.40334E+01
# # energies =    40
#     E          xs
 1.00000E+00 0.00000E+00
 2.00000E+00 0.00000E+00
 3.00000E+00 0.00000E+00
 4.00000E+00 0.00000E+00
 5.00000E+00 0.00000E+00
 6.00000E+00 0.00000E+00
 7.00000E+00 0.00000E+00
 8.00000E+00 0.00000E+00
 9.00000E+00 0.00000E+00
 1.00000E+01 0.00000E+00
 1.10000E+01 0.00000E+00
 1.20000E+01 0.00000E+00
 1.30000E+01 0.00000E+00
 1.40000E+01 0.00000E+00
 1.50000E+01 0.00000E+00
 1.60000E+01 0.00000E+00
 1.70000E+01 0.00000E+00
 1.80000E+01 0.00000E+00
 1.90000E+01 0.00000E+00
 2.00000E+01 5.69992E-03
 2.10000E+01 3.30517E-02
 2.20000E+01 1.32979E-01
 2.30000E+01 3.49040E-01
 2.40000E+01 7.27958E-01
 2.50000E+01 1.26789E+00
 2.60000E+01 1.96537E+00
 2.70000E+01 2.77506E+00
 2.80000E+01 3.86467E+00
 2.90000E+01 5.31642E+00
 3.00000E+01 7.76227E+00
 3.10000E+01 1.17238E+01
 3.20000E+01 1.72586E+01
 3.30000E+01 2.43112E+01
 3.40000E+01 3.39146E+01
 3.50000E+01 4.46441E+01
 3.60000E+01 5.61568E+01
 3.70000E+01 6.76658E+01
 3.80000E+01 8.01178E+01
 3.90000E+01 9.10745E+01
 4.00000E+01 9.93074E+01
