# n + 115In: Production of 115In - Ground state
# Q-value    = 0.00000E+00 mass= 114.903879
# E-threshold=-0.00000E+00
# # energies =    40
#     E          xs      Branching
 1.00000E+00 1.20740E+02 5.89231E-01
 2.00000E+00 1.13601E+03 8.22306E-01
 3.00000E+00 1.53734E+03 8.63903E-01
 4.00000E+00 1.70739E+03 8.69053E-01
 5.00000E+00 1.82741E+03 8.70565E-01
 6.00000E+00 1.84010E+03 8.70343E-01
 7.00000E+00 1.79386E+03 8.69690E-01
 8.00000E+00 1.74724E+03 8.69797E-01
 9.00000E+00 1.72251E+03 8.70653E-01
 1.00000E+01 1.47533E+03 8.78223E-01
 1.10000E+01 9.66591E+02 8.79570E-01
 1.20000E+01 6.24306E+02 8.75674E-01
 1.30000E+01 4.52489E+02 8.73220E-01
 1.40000E+01 3.54493E+02 8.70082E-01
 1.50000E+01 2.98117E+02 8.68063E-01
 1.60000E+01 2.62316E+02 8.65475E-01
 1.70000E+01 2.39210E+02 8.64727E-01
 1.80000E+01 2.22980E+02 8.64576E-01
 1.90000E+01 2.10035E+02 8.64344E-01
 2.00000E+01 1.99138E+02 8.64472E-01
 2.10000E+01 1.94030E+02 8.64974E-01
 2.20000E+01 1.85109E+02 8.65396E-01
 2.30000E+01 1.77313E+02 8.66075E-01
 2.40000E+01 1.69166E+02 8.66415E-01
 2.50000E+01 1.62017E+02 8.65027E-01
 2.60000E+01 1.55399E+02 8.64742E-01
 2.70000E+01 1.48968E+02 8.64895E-01
 2.80000E+01 1.44432E+02 8.64444E-01
 2.90000E+01 1.39383E+02 8.64049E-01
 3.00000E+01 1.34250E+02 8.63967E-01
 3.10000E+01 1.29599E+02 8.63943E-01
 3.20000E+01 1.24367E+02 8.62947E-01
 3.30000E+01 1.19475E+02 8.62830E-01
 3.40000E+01 1.14048E+02 8.62810E-01
 3.50000E+01 1.09358E+02 8.62116E-01
 3.60000E+01 1.04751E+02 8.60917E-01
 3.70000E+01 1.00239E+02 8.60144E-01
 3.80000E+01 9.65413E+01 8.59954E-01
 3.90000E+01 9.22246E+01 8.59674E-01
 4.00000E+01 8.94600E+01 8.59536E-01
