# n + 113In: Production of 110Cd - Total
# Q-value    =-1.39689E+01 mass= 109.903007
# E-threshold= 1.40937E+01
# # energies =    40
#     E          xs
 1.00000E+00 0.00000E+00
 2.00000E+00 0.00000E+00
 3.00000E+00 0.00000E+00
 4.00000E+00 0.00000E+00
 5.00000E+00 0.00000E+00
 6.00000E+00 0.00000E+00
 7.00000E+00 0.00000E+00
 8.00000E+00 0.00000E+00
 9.00000E+00 0.00000E+00
 1.00000E+01 0.00000E+00
 1.10000E+01 0.00000E+00
 1.20000E+01 0.00000E+00
 1.30000E+01 0.00000E+00
 1.40000E+01 0.00000E+00
 1.50000E+01 0.00000E+00
 1.60000E+01 0.00000E+00
 1.70000E+01 0.00000E+00
 1.80000E+01 0.00000E+00
 1.90000E+01 0.00000E+00
 2.00000E+01 4.77018E-03
 2.10000E+01 3.18800E-02
 2.20000E+01 1.27804E-01
 2.30000E+01 3.39122E-01
 2.40000E+01 7.15760E-01
 2.50000E+01 1.26567E+00
 2.60000E+01 1.99902E+00
 2.70000E+01 2.97139E+00
 2.80000E+01 4.51270E+00
 2.90000E+01 6.60618E+00
 3.00000E+01 1.00534E+01
 3.10000E+01 1.53084E+01
 3.20000E+01 2.26011E+01
 3.30000E+01 3.21104E+01
 3.40000E+01 4.43475E+01
 3.50000E+01 5.79298E+01
 3.60000E+01 7.19539E+01
 3.70000E+01 8.69658E+01
 3.80000E+01 1.02223E+02
 3.90000E+01 1.16159E+02
 4.00000E+01 1.26513E+02
