# n + 115In: Production of 109Ag - Total
# Q-value    =-1.93845E+01 mass= 108.904756
# E-threshold= 1.95546E+01
# # energies =    40
#     E          xs
 1.00000E+00 0.00000E+00
 2.00000E+00 0.00000E+00
 3.00000E+00 0.00000E+00
 4.00000E+00 0.00000E+00
 5.00000E+00 0.00000E+00
 6.00000E+00 0.00000E+00
 7.00000E+00 0.00000E+00
 8.00000E+00 0.00000E+00
 9.00000E+00 0.00000E+00
 1.00000E+01 0.00000E+00
 1.10000E+01 0.00000E+00
 1.20000E+01 0.00000E+00
 1.30000E+01 0.00000E+00
 1.40000E+01 0.00000E+00
 1.50000E+01 0.00000E+00
 1.60000E+01 0.00000E+00
 1.70000E+01 0.00000E+00
 1.80000E+01 0.00000E+00
 1.90000E+01 0.00000E+00
 2.00000E+01 0.00000E+00
 2.10000E+01 0.00000E+00
 2.20000E+01 0.00000E+00
 2.30000E+01 0.00000E+00
 2.40000E+01 0.00000E+00
 2.50000E+01 0.00000E+00
 2.60000E+01 0.00000E+00
 2.70000E+01 0.00000E+00
 2.80000E+01 0.00000E+00
 2.90000E+01 5.13621E-03
 3.00000E+01 2.54872E-02
 3.10000E+01 1.42910E-01
 3.20000E+01 3.67986E-01
 3.30000E+01 9.05211E-01
 3.40000E+01 2.44006E+00
 3.50000E+01 4.27147E+00
 3.60000E+01 6.36663E+00
 3.70000E+01 9.12493E+00
 3.80000E+01 1.28029E+01
 3.90000E+01 1.63965E+01
 4.00000E+01 1.94907E+01
