# n + 113In: Production of 113Cd - Level  1     0.26354 MeV
# Q-value    = 1.94980E-01 mass= 112.904408
# E-threshold= 0.00000E+00
# # energies =    40
#     E          xs      Branching
 1.00000E+00 0.00000E+00 0.00000E+00
 2.00000E+00 4.79899E-04 0.00000E+00
 3.00000E+00 2.01875E-02 5.72125E-01
 4.00000E+00 1.51434E-01 5.48746E-01
 5.00000E+00 4.65240E-01 5.41567E-01
 6.00000E+00 8.70574E-01 5.29758E-01
 7.00000E+00 1.35488E+00 5.24993E-01
 8.00000E+00 2.03157E+00 5.36083E-01
 9.00000E+00 3.07132E+00 5.51509E-01
 1.00000E+01 4.66443E+00 5.72835E-01
 1.10000E+01 6.90754E+00 5.98292E-01
 1.20000E+01 9.61357E+00 6.25193E-01
 1.30000E+01 1.23009E+01 6.48610E-01
 1.40000E+01 1.46027E+01 6.65597E-01
 1.50000E+01 1.65432E+01 6.76237E-01
 1.60000E+01 1.80277E+01 6.84299E-01
 1.70000E+01 1.92057E+01 6.90164E-01
 1.80000E+01 2.02473E+01 6.97803E-01
 1.90000E+01 2.10022E+01 7.03530E-01
 2.00000E+01 2.14942E+01 7.10362E-01
 2.10000E+01 2.23663E+01 7.17120E-01
 2.20000E+01 2.24794E+01 7.20673E-01
 2.30000E+01 2.24849E+01 7.26224E-01
 2.40000E+01 2.22375E+01 7.29023E-01
 2.50000E+01 2.18112E+01 7.29628E-01
 2.60000E+01 2.13965E+01 7.33995E-01
 2.70000E+01 2.09265E+01 7.36045E-01
 2.80000E+01 2.01461E+01 7.35557E-01
 2.90000E+01 1.95435E+01 7.34652E-01
 3.00000E+01 1.89271E+01 7.37906E-01
 3.10000E+01 1.83120E+01 7.38622E-01
 3.20000E+01 1.75308E+01 7.37636E-01
 3.30000E+01 1.68135E+01 7.36252E-01
 3.40000E+01 1.60946E+01 7.33686E-01
 3.50000E+01 1.54940E+01 7.36277E-01
 3.60000E+01 1.48335E+01 7.36785E-01
 3.70000E+01 1.40846E+01 7.34981E-01
 3.80000E+01 1.33511E+01 7.33020E-01
 3.90000E+01 1.26740E+01 7.30898E-01
 4.00000E+01 1.22273E+01 7.28372E-01
