# n + 115In: Production of 114In - Total
# Q-value    =-9.03787E+00 mass= 113.904916
# E-threshold= 9.11720E+00
# # energies =    40
#     E          xs
 1.00000E+00 0.00000E+00
 2.00000E+00 0.00000E+00
 3.00000E+00 0.00000E+00
 4.00000E+00 0.00000E+00
 5.00000E+00 0.00000E+00
 6.00000E+00 0.00000E+00
 7.00000E+00 0.00000E+00
 8.00000E+00 0.00000E+00
 9.00000E+00 0.00000E+00
 1.00000E+01 2.89538E+02
 1.10000E+01 8.70367E+02
 1.20000E+01 1.25498E+03
 1.30000E+01 1.44365E+03
 1.40000E+01 1.54168E+03
 1.50000E+01 1.58541E+03
 1.60000E+01 1.59912E+03
 1.70000E+01 1.57535E+03
 1.80000E+01 1.47477E+03
 1.90000E+01 1.27410E+03
 2.00000E+01 1.07726E+03
 2.10000E+01 8.89892E+02
 2.20000E+01 7.31976E+02
 2.30000E+01 6.08545E+02
 2.40000E+01 5.26227E+02
 2.50000E+01 4.57129E+02
 2.60000E+01 4.08973E+02
 2.70000E+01 3.77464E+02
 2.80000E+01 3.49383E+02
 2.90000E+01 3.31718E+02
 3.00000E+01 3.18944E+02
 3.10000E+01 3.02275E+02
 3.20000E+01 2.92970E+02
 3.30000E+01 2.83394E+02
 3.40000E+01 2.73517E+02
 3.50000E+01 2.67092E+02
 3.60000E+01 2.61069E+02
 3.70000E+01 2.51146E+02
 3.80000E+01 2.43624E+02
 3.90000E+01 2.38324E+02
 4.00000E+01 2.34433E+02
