# n + 115In: Production of 111Ag - Level  1     0.05982 MeV
# Q-value    =-3.80563E+00 mass= 110.905297
# E-threshold= 3.83904E+00
# # energies =    40
#     E          xs      Branching
 1.00000E+00 0.00000E+00 0.00000E+00
 2.00000E+00 0.00000E+00 0.00000E+00
 3.00000E+00 0.00000E+00 0.00000E+00
 4.00000E+00 0.00000E+00 0.00000E+00
 5.00000E+00 0.00000E+00 0.00000E+00
 6.00000E+00 0.00000E+00 0.00000E+00
 7.00000E+00 0.00000E+00 0.00000E+00
 8.00000E+00 0.00000E+00 0.00000E+00
 9.00000E+00 0.00000E+00 0.00000E+00
 1.00000E+01 0.00000E+00 0.00000E+00
 1.10000E+01 0.00000E+00 0.00000E+00
 1.20000E+01 0.00000E+00 0.00000E+00
 1.30000E+01 1.63809E-03 8.38350E-01
 1.40000E+01 1.00989E-02 8.31830E-01
 1.50000E+01 4.52095E-02 8.32292E-01
 1.60000E+01 2.02644E-01 8.30977E-01
 1.70000E+01 5.87978E-01 8.34606E-01
 1.80000E+01 1.37480E+00 8.18467E-01
 1.90000E+01 3.01632E+00 8.35571E-01
 2.00000E+01 5.03208E+00 8.33246E-01
 2.10000E+01 7.39627E+00 8.31824E-01
 2.20000E+01 1.01546E+01 8.38575E-01
 2.30000E+01 1.15955E+01 8.39648E-01
 2.40000E+01 1.31665E+01 8.39413E-01
 2.50000E+01 1.50042E+01 8.42551E-01
 2.60000E+01 1.64534E+01 8.42353E-01
 2.70000E+01 1.71062E+01 8.43069E-01
 2.80000E+01 1.74702E+01 8.41621E-01
 2.90000E+01 1.76662E+01 8.41762E-01
 3.00000E+01 1.72584E+01 8.44013E-01
 3.10000E+01 1.65196E+01 8.43613E-01
 3.20000E+01 1.58238E+01 8.43452E-01
 3.30000E+01 1.51419E+01 8.42674E-01
 3.40000E+01 1.41427E+01 8.43677E-01
 3.50000E+01 1.30865E+01 8.43165E-01
 3.60000E+01 1.23202E+01 8.43452E-01
 3.70000E+01 1.15502E+01 8.43603E-01
 3.80000E+01 1.08165E+01 8.43814E-01
 3.90000E+01 1.00994E+01 8.44679E-01
 4.00000E+01 9.22662E+00 8.42128E-01
