# n + 115In: Production of 115Cd - Ground state
# Q-value    =-6.69514E-01 mass= 114.905437
# E-threshold= 6.75391E-01
# # energies =    40
#     E          xs      Branching
 1.00000E+00 0.00000E+00 0.00000E+00
 2.00000E+00 0.00000E+00 0.00000E+00
 3.00000E+00 0.00000E+00 0.00000E+00
 4.00000E+00 1.64986E-03 3.74199E-01
 5.00000E+00 1.57564E-02 4.26896E-01
 6.00000E+00 6.63220E-02 4.71563E-01
 7.00000E+00 2.07327E-01 5.04627E-01
 8.00000E+00 4.64349E-01 5.00141E-01
 9.00000E+00 8.32355E-01 4.76439E-01
 1.00000E+01 1.33368E+00 4.45927E-01
 1.10000E+01 1.98415E+00 4.13259E-01
 1.20000E+01 2.75035E+00 3.81300E-01
 1.30000E+01 3.54322E+00 3.52327E-01
 1.40000E+01 4.28307E+00 3.28271E-01
 1.50000E+01 4.91654E+00 3.09253E-01
 1.60000E+01 5.40158E+00 2.93743E-01
 1.70000E+01 5.77719E+00 2.81787E-01
 1.80000E+01 6.00471E+00 2.70233E-01
 1.90000E+01 6.18266E+00 2.62731E-01
 2.00000E+01 6.16880E+00 2.53375E-01
 2.10000E+01 6.33786E+00 2.48493E-01
 2.20000E+01 6.21652E+00 2.40569E-01
 2.30000E+01 6.12381E+00 2.36652E-01
 2.40000E+01 6.04429E+00 2.35905E-01
 2.50000E+01 5.82456E+00 2.30922E-01
 2.60000E+01 5.66926E+00 2.28826E-01
 2.70000E+01 5.51294E+00 2.29247E-01
 2.80000E+01 5.38766E+00 2.29507E-01
 2.90000E+01 5.11261E+00 2.25474E-01
 3.00000E+01 4.95836E+00 2.26171E-01
 3.10000E+01 4.79572E+00 2.27608E-01
 3.20000E+01 4.65717E+00 2.28830E-01
 3.30000E+01 4.50882E+00 2.29097E-01
 3.40000E+01 4.24684E+00 2.25746E-01
 3.50000E+01 4.10236E+00 2.28027E-01
 3.60000E+01 3.94412E+00 2.30012E-01
 3.70000E+01 3.79601E+00 2.31423E-01
 3.80000E+01 3.65726E+00 2.32598E-01
 3.90000E+01 3.49972E+00 2.32866E-01
 4.00000E+01 3.33011E+00 2.31180E-01
