# n + 113In: Production of 113In - Level  1     0.39170 MeV
# Q-value    =-3.91699E-01 mass= 112.904060
# E-threshold= 3.95198E-01
# # energies =    40
#     E          xs      Branching
 1.00000E+00 6.38219E+01 9.35087E-01
 2.00000E+00 2.18675E+02 1.51680E-01
 3.00000E+00 2.36728E+02 1.30187E-01
 4.00000E+00 2.48506E+02 1.23732E-01
 5.00000E+00 2.56656E+02 1.20347E-01
 6.00000E+00 2.53885E+02 1.19138E-01
 7.00000E+00 2.45422E+02 1.18646E-01
 8.00000E+00 2.35773E+02 1.17311E-01
 9.00000E+00 2.27461E+02 1.15070E-01
 1.00000E+01 2.01530E+02 1.08857E-01
 1.10000E+01 1.32712E+02 1.02430E-01
 1.20000E+01 8.44722E+01 1.00346E-01
 1.30000E+01 6.05296E+01 1.03837E-01
 1.40000E+01 4.76296E+01 1.07058E-01
 1.50000E+01 4.02688E+01 1.10673E-01
 1.60000E+01 3.59887E+01 1.13592E-01
 1.70000E+01 3.30943E+01 1.15564E-01
 1.80000E+01 3.09162E+01 1.16772E-01
 1.90000E+01 2.90346E+01 1.15934E-01
 2.00000E+01 2.77882E+01 1.15963E-01
 2.10000E+01 2.67000E+01 1.15465E-01
 2.20000E+01 2.55573E+01 1.14287E-01
 2.30000E+01 2.38061E+01 1.13085E-01
 2.40000E+01 2.29198E+01 1.12696E-01
 2.50000E+01 2.17178E+01 1.11980E-01
 2.60000E+01 2.10383E+01 1.12810E-01
 2.70000E+01 2.03292E+01 1.12374E-01
 2.80000E+01 1.94381E+01 1.12296E-01
 2.90000E+01 1.89794E+01 1.13138E-01
 3.00000E+01 1.84608E+01 1.13248E-01
 3.10000E+01 1.76420E+01 1.13057E-01
 3.20000E+01 1.70385E+01 1.13953E-01
 3.30000E+01 1.65848E+01 1.14933E-01
 3.40000E+01 1.59937E+01 1.14913E-01
 3.50000E+01 1.52679E+01 1.15240E-01
 3.60000E+01 1.47023E+01 1.16240E-01
 3.70000E+01 1.42840E+01 1.17539E-01
 3.80000E+01 1.39226E+01 1.18823E-01
 3.90000E+01 1.34603E+01 1.18935E-01
 4.00000E+01 1.30062E+01 1.19261E-01
