# n + 113In: Production of 108Ag - Ground state
# Q-value    =-1.22566E+01 mass= 107.905950
# E-threshold= 1.23661E+01
# # energies =    40
#     E          xs      Branching
 1.00000E+00 0.00000E+00 0.00000E+00
 2.00000E+00 0.00000E+00 0.00000E+00
 3.00000E+00 0.00000E+00 0.00000E+00
 4.00000E+00 0.00000E+00 0.00000E+00
 5.00000E+00 0.00000E+00 0.00000E+00
 6.00000E+00 0.00000E+00 0.00000E+00
 7.00000E+00 0.00000E+00 0.00000E+00
 8.00000E+00 0.00000E+00 0.00000E+00
 9.00000E+00 0.00000E+00 0.00000E+00
 1.00000E+01 0.00000E+00 0.00000E+00
 1.10000E+01 0.00000E+00 0.00000E+00
 1.20000E+01 0.00000E+00 0.00000E+00
 1.30000E+01 0.00000E+00 0.00000E+00
 1.40000E+01 0.00000E+00 0.00000E+00
 1.50000E+01 0.00000E+00 0.00000E+00
 1.60000E+01 0.00000E+00 0.00000E+00
 1.70000E+01 0.00000E+00 0.00000E+00
 1.80000E+01 0.00000E+00 0.00000E+00
 1.90000E+01 0.00000E+00 0.00000E+00
 2.00000E+01 0.00000E+00 0.00000E+00
 2.10000E+01 6.35433E-04 3.01091E-01
 2.20000E+01 5.24943E-03 2.92315E-01
 2.30000E+01 4.64724E-02 2.98021E-01
 2.40000E+01 1.78990E-01 2.98143E-01
 2.50000E+01 4.46997E-01 2.97445E-01
 2.60000E+01 1.10770E+00 2.98750E-01
 2.70000E+01 1.98090E+00 2.91119E-01
 2.80000E+01 3.06833E+00 2.90024E-01
 2.90000E+01 4.46054E+00 2.89178E-01
 3.00000E+01 5.72130E+00 2.89073E-01
 3.10000E+01 6.73705E+00 2.83775E-01
 3.20000E+01 7.67682E+00 2.82386E-01
 3.30000E+01 8.54921E+00 2.79867E-01
 3.40000E+01 8.71884E+00 2.72834E-01
 3.50000E+01 8.83228E+00 2.69245E-01
 3.60000E+01 8.77840E+00 2.67532E-01
 3.70000E+01 8.65818E+00 2.70419E-01
 3.80000E+01 8.11767E+00 2.66052E-01
 3.90000E+01 7.47772E+00 2.63197E-01
 4.00000E+01 7.08186E+00 2.63625E-01
