# n + 113In: Production of 109Ag - Ground state
# Q-value    =-3.07260E+00 mass= 108.904756
# E-threshold= 3.10005E+00
# # energies =    40
#     E          xs      Branching
 1.00000E+00 0.00000E+00 0.00000E+00
 2.00000E+00 0.00000E+00 0.00000E+00
 3.00000E+00 0.00000E+00 0.00000E+00
 4.00000E+00 0.00000E+00 0.00000E+00
 5.00000E+00 0.00000E+00 0.00000E+00
 6.00000E+00 0.00000E+00 0.00000E+00
 7.00000E+00 0.00000E+00 0.00000E+00
 8.00000E+00 0.00000E+00 0.00000E+00
 9.00000E+00 0.00000E+00 0.00000E+00
 1.00000E+01 0.00000E+00 0.00000E+00
 1.10000E+01 0.00000E+00 0.00000E+00
 1.20000E+01 1.29147E-03 2.70498E-01
 1.30000E+01 6.81830E-03 1.83640E-01
 1.40000E+01 2.97984E-02 2.46734E-01
 1.50000E+01 1.04511E-01 1.88780E-01
 1.60000E+01 2.92338E-01 2.14976E-01
 1.70000E+01 6.84358E-01 2.27894E-01
 1.80000E+01 1.28250E+00 2.07517E-01
 1.90000E+01 2.14883E+00 2.17665E-01
 2.00000E+01 3.09756E+00 2.24360E-01
 2.10000E+01 4.11412E+00 2.14459E-01
 2.20000E+01 4.81631E+00 2.15829E-01
 2.30000E+01 5.55875E+00 2.18120E-01
 2.40000E+01 6.29629E+00 2.21490E-01
 2.50000E+01 6.90047E+00 2.19060E-01
 2.60000E+01 7.14691E+00 2.18520E-01
 2.70000E+01 7.25908E+00 2.21680E-01
 2.80000E+01 7.12212E+00 2.22933E-01
 2.90000E+01 6.68532E+00 2.24033E-01
 3.00000E+01 6.34219E+00 2.24983E-01
 3.10000E+01 5.99743E+00 2.24652E-01
 3.20000E+01 5.65021E+00 2.23850E-01
 3.30000E+01 5.22038E+00 2.24987E-01
 3.40000E+01 4.97779E+00 2.30351E-01
 3.50000E+01 4.62805E+00 2.31576E-01
 3.60000E+01 4.52677E+00 2.43381E-01
 3.70000E+01 4.17351E+00 2.41987E-01
 3.80000E+01 3.86065E+00 2.42254E-01
 3.90000E+01 3.59836E+00 2.42712E-01
 4.00000E+01 3.38432E+00 2.43227E-01
