# n + 113In: Production of 111In - Ground state
# Q-value    =-1.71177E+01 mass= 110.905107
# E-threshold= 1.72706E+01
# # energies =    40
#     E          xs      Branching
 1.00000E+00 0.00000E+00 0.00000E+00
 2.00000E+00 0.00000E+00 0.00000E+00
 3.00000E+00 0.00000E+00 0.00000E+00
 4.00000E+00 0.00000E+00 0.00000E+00
 5.00000E+00 0.00000E+00 0.00000E+00
 6.00000E+00 0.00000E+00 0.00000E+00
 7.00000E+00 0.00000E+00 0.00000E+00
 8.00000E+00 0.00000E+00 0.00000E+00
 9.00000E+00 0.00000E+00 0.00000E+00
 1.00000E+01 0.00000E+00 0.00000E+00
 1.10000E+01 0.00000E+00 0.00000E+00
 1.20000E+01 0.00000E+00 0.00000E+00
 1.30000E+01 0.00000E+00 0.00000E+00
 1.40000E+01 0.00000E+00 0.00000E+00
 1.50000E+01 0.00000E+00 0.00000E+00
 1.60000E+01 0.00000E+00 0.00000E+00
 1.70000E+01 0.00000E+00 0.00000E+00
 1.80000E+01 3.23981E+01 9.82004E-01
 1.90000E+01 1.02375E+02 9.30116E-01
 2.00000E+01 2.48730E+02 9.15627E-01
 2.10000E+01 3.91266E+02 9.09666E-01
 2.20000E+01 5.27662E+02 9.09811E-01
 2.30000E+01 6.42729E+02 9.12402E-01
 2.40000E+01 7.28506E+02 9.15909E-01
 2.50000E+01 7.99099E+02 9.19589E-01
 2.60000E+01 8.41675E+02 9.22931E-01
 2.70000E+01 8.63677E+02 9.25272E-01
 2.80000E+01 8.72144E+02 9.27423E-01
 2.90000E+01 8.50603E+02 9.29394E-01
 3.00000E+01 8.04190E+02 9.30811E-01
 3.10000E+01 7.33729E+02 9.31957E-01
 3.20000E+01 6.52782E+02 9.32670E-01
 3.30000E+01 5.74314E+02 9.32862E-01
 3.40000E+01 5.02488E+02 9.32073E-01
 3.50000E+01 4.34802E+02 9.31744E-01
 3.60000E+01 3.81014E+02 9.29514E-01
 3.70000E+01 3.42540E+02 9.27106E-01
 3.80000E+01 3.06704E+02 9.25659E-01
 3.90000E+01 2.81455E+02 9.22766E-01
 4.00000E+01 2.60786E+02 9.20632E-01
