# n + 113In: Production of 106Rh - Level  1     0.13700 MeV
# Q-value    = 8.00091E-02 mass= 105.907286
# E-threshold= 0.00000E+00
# # energies =    40
#     E          xs      Branching
 1.00000E+00 0.00000E+00 0.00000E+00
 2.00000E+00 0.00000E+00 0.00000E+00
 3.00000E+00 0.00000E+00 0.00000E+00
 4.00000E+00 0.00000E+00 0.00000E+00
 5.00000E+00 0.00000E+00 0.00000E+00
 6.00000E+00 0.00000E+00 0.00000E+00
 7.00000E+00 0.00000E+00 0.00000E+00
 8.00000E+00 0.00000E+00 0.00000E+00
 9.00000E+00 0.00000E+00 0.00000E+00
 1.00000E+01 0.00000E+00 0.00000E+00
 1.10000E+01 0.00000E+00 0.00000E+00
 1.20000E+01 0.00000E+00 0.00000E+00
 1.30000E+01 0.00000E+00 0.00000E+00
 1.40000E+01 0.00000E+00 0.00000E+00
 1.50000E+01 2.85856E-13 0.00000E+00
 1.60000E+01 9.66486E-12 0.00000E+00
 1.70000E+01 9.36532E-11 0.00000E+00
 1.80000E+01 5.81456E-10 0.00000E+00
 1.90000E+01 3.25959E-09 0.00000E+00
 2.00000E+01 1.37145E-08 0.00000E+00
 2.10000E+01 4.32846E-08 0.00000E+00
 2.20000E+01 1.08986E-07 0.00000E+00
 2.30000E+01 2.47443E-07 0.00000E+00
 2.40000E+01 4.74783E-07 0.00000E+00
 2.50000E+01 7.50155E-07 0.00000E+00
 2.60000E+01 1.02343E-06 0.00000E+00
 2.70000E+01 1.23121E-06 0.00000E+00
 2.80000E+01 1.33790E-06 0.00000E+00
 2.90000E+01 1.32060E-06 0.00000E+00
 3.00000E+01 1.23208E-06 0.00000E+00
 3.10000E+01 9.10966E-04 7.57040E-01
 3.20000E+01 1.25965E-03 7.77204E-01
 3.30000E+01 1.59706E-03 7.92610E-01
 3.40000E+01 1.86914E-03 8.03678E-01
 3.50000E+01 1.99416E-03 8.19470E-01
 3.60000E+01 2.03479E-03 8.40436E-01
 3.70000E+01 1.98455E-03 8.56835E-01
 3.80000E+01 1.92484E-03 8.65501E-01
 3.90000E+01 1.81883E-03 8.68170E-01
 4.00000E+01 1.71109E-03 8.68424E-01
