# n + 113In: Production of 113Cd - Total
# Q-value    = 4.58520E-01 mass= 112.904408
# E-threshold= 0.00000E+00
# # energies =    40
#     E          xs
 1.00000E+00 1.00000E-07
 2.00000E+00 1.00000E-07
 3.00000E+00 3.52851E-02
 4.00000E+00 2.75963E-01
 5.00000E+00 8.59062E-01
 6.00000E+00 1.64334E+00
 7.00000E+00 2.58077E+00
 8.00000E+00 3.78965E+00
 9.00000E+00 5.56893E+00
 1.00000E+01 8.14272E+00
 1.10000E+01 1.15454E+01
 1.20000E+01 1.53770E+01
 1.30000E+01 1.89650E+01
 1.40000E+01 2.19392E+01
 1.50000E+01 2.44636E+01
 1.60000E+01 2.63448E+01
 1.70000E+01 2.78278E+01
 1.80000E+01 2.90158E+01
 1.90000E+01 2.98526E+01
 2.00000E+01 3.02581E+01
 2.10000E+01 3.11891E+01
 2.20000E+01 3.11923E+01
 2.30000E+01 3.09614E+01
 2.40000E+01 3.05031E+01
 2.50000E+01 2.98936E+01
 2.60000E+01 2.91507E+01
 2.70000E+01 2.84310E+01
 2.80000E+01 2.73889E+01
 2.90000E+01 2.66024E+01
 3.00000E+01 2.56498E+01
 3.10000E+01 2.47921E+01
 3.20000E+01 2.37662E+01
 3.30000E+01 2.28367E+01
 3.40000E+01 2.19367E+01
 3.50000E+01 2.10437E+01
 3.60000E+01 2.01328E+01
 3.70000E+01 1.91632E+01
 3.80000E+01 1.82138E+01
 3.90000E+01 1.73403E+01
 4.00000E+01 1.67871E+01
