# n + 113In: Production of 109Ag - Total
# Q-value    =-3.07260E+00 mass= 108.904756
# E-threshold= 3.10005E+00
# # energies =    40
#     E          xs
 1.00000E+00 0.00000E+00
 2.00000E+00 0.00000E+00
 3.00000E+00 0.00000E+00
 4.00000E+00 0.00000E+00
 5.00000E+00 0.00000E+00
 6.00000E+00 0.00000E+00
 7.00000E+00 0.00000E+00
 8.00000E+00 0.00000E+00
 9.00000E+00 0.00000E+00
 1.00000E+01 0.00000E+00
 1.10000E+01 0.00000E+00
 1.20000E+01 4.77440E-03
 1.30000E+01 3.71286E-02
 1.40000E+01 1.20771E-01
 1.50000E+01 5.53610E-01
 1.60000E+01 1.35986E+00
 1.70000E+01 3.00297E+00
 1.80000E+01 6.18024E+00
 1.90000E+01 9.87220E+00
 2.00000E+01 1.38062E+01
 2.10000E+01 1.91837E+01
 2.20000E+01 2.23154E+01
 2.30000E+01 2.54848E+01
 2.40000E+01 2.84270E+01
 2.50000E+01 3.15004E+01
 2.60000E+01 3.27060E+01
 2.70000E+01 3.27458E+01
 2.80000E+01 3.19474E+01
 2.90000E+01 2.98408E+01
 3.00000E+01 2.81897E+01
 3.10000E+01 2.66966E+01
 3.20000E+01 2.52410E+01
 3.30000E+01 2.32030E+01
 3.40000E+01 2.16095E+01
 3.50000E+01 1.99850E+01
 3.60000E+01 1.85995E+01
 3.70000E+01 1.72468E+01
 3.80000E+01 1.59364E+01
 3.90000E+01 1.48256E+01
 4.00000E+01 1.39143E+01
