# n + 113In Total cross sections
# 
# 
# # energies =    40
#    E      Cross section
 1.00000E+00 6.87150E+03
 2.00000E+00 5.54097E+03
 3.00000E+00 4.45050E+03
 4.00000E+00 3.97543E+03
 5.00000E+00 3.90596E+03
 6.00000E+00 3.95531E+03
 7.00000E+00 4.03662E+03
 8.00000E+00 4.14146E+03
 9.00000E+00 4.26071E+03
 1.00000E+01 4.37518E+03
 1.10000E+01 4.46388E+03
 1.20000E+01 4.51496E+03
 1.30000E+01 4.52719E+03
 1.40000E+01 4.50351E+03
 1.50000E+01 4.44823E+03
 1.60000E+01 4.36813E+03
 1.70000E+01 4.27176E+03
 1.80000E+01 4.16712E+03
 1.90000E+01 4.06043E+03
 2.00000E+01 3.95601E+03
 2.10000E+01 3.85629E+03
 2.20000E+01 3.76198E+03
 2.30000E+01 3.67266E+03
 2.40000E+01 3.58774E+03
 2.50000E+01 3.50731E+03
 2.60000E+01 3.43237E+03
 2.70000E+01 3.36441E+03
 2.80000E+01 3.30486E+03
 2.90000E+01 3.25471E+03
 3.00000E+01 3.21427E+03
 3.10000E+01 3.18323E+03
 3.20000E+01 3.16084E+03
 3.30000E+01 3.14609E+03
 3.40000E+01 3.13791E+03
 3.50000E+01 3.13534E+03
 3.60000E+01 3.13757E+03
 3.70000E+01 3.14395E+03
 3.80000E+01 3.15398E+03
 3.90000E+01 3.16722E+03
 4.00000E+01 3.18324E+03
