# n + 115In Total cross sections
# 
# 
# # energies =    40
#     E      Non-elastic    Elastic     Total     Comp. el.   Shape el.   Reaction   Comp. nonel   Direct    Pre-equil.  Dir. Capt.
 1.00000E+00 4.67396E+02 6.70251E+03 7.16991E+03 1.58921E+03 5.11330E+03 2.05661E+03 4.67396E+02 0.00000E+00 0.00000E+00 0.00000E+00
 2.00000E+00 1.54725E+03 4.01078E+03 5.55802E+03 4.16175E+02 3.59460E+03 1.96343E+03 1.54243E+03 4.81768E+00 7.61009E-03 0.00000E+00
 3.00000E+00 1.85090E+03 2.53864E+03 4.38955E+03 7.47681E+01 2.46387E+03 1.92567E+03 1.82840E+03 8.95453E+00 6.92131E+00 0.00000E+00
 4.00000E+00 1.99820E+03 1.92467E+03 3.92287E+03 1.52155E+01 1.90945E+03 2.01342E+03 1.94948E+03 1.15742E+01 2.34882E+01 0.00000E+00
 5.00000E+00 2.11418E+03 1.78568E+03 3.89986E+03 3.36515E+00 1.78231E+03 2.11755E+03 2.03296E+03 1.34425E+01 4.88956E+01 0.00000E+00
 6.00000E+00 2.12043E+03 1.87944E+03 3.99987E+03 7.03867E-01 1.87874E+03 2.12113E+03 2.00656E+03 1.43935E+01 7.89458E+01 0.00000E+00
 7.00000E+00 2.06498E+03 2.04905E+03 4.11402E+03 1.48618E-01 2.04890E+03 2.06513E+03 1.90273E+03 1.46792E+01 1.09529E+02 0.00000E+00
 8.00000E+00 2.00996E+03 2.22224E+03 4.23220E+03 3.43008E-02 2.22221E+03 2.00999E+03 1.80882E+03 1.46772E+01 1.42903E+02 0.00000E+00
 9.00000E+00 1.97956E+03 2.37090E+03 4.35046E+03 8.80743E-03 2.37089E+03 1.97957E+03 1.74000E+03 1.46170E+01 1.79162E+02 0.00000E+00
 1.00000E+01 1.97144E+03 2.48508E+03 4.45651E+03 1.98533E-03 2.48508E+03 1.97144E+03 1.69233E+03 1.45839E+01 2.18044E+02 0.00000E+00
 1.10000E+01 1.97292E+03 2.56154E+03 4.53446E+03 6.12823E-04 2.56154E+03 1.97292E+03 1.65290E+03 1.46179E+01 2.58448E+02 0.00000E+00
 1.20000E+01 1.97429E+03 2.59983E+03 4.57412E+03 1.99891E-04 2.59983E+03 1.97429E+03 1.61297E+03 1.47555E+01 2.99379E+02 0.00000E+00
 1.30000E+01 1.97209E+03 2.60215E+03 4.57424E+03 6.83094E-05 2.60215E+03 1.97209E+03 1.56995E+03 1.49734E+01 3.40294E+02 0.00000E+00
 1.40000E+01 1.96469E+03 2.57299E+03 4.53769E+03 2.43146E-05 2.57299E+03 1.96469E+03 1.52234E+03 1.51420E+01 3.80724E+02 0.00000E+00
 1.50000E+01 1.95102E+03 2.51794E+03 4.46896E+03 8.99393E-06 2.51794E+03 1.95102E+03 1.46939E+03 1.51787E+01 4.19954E+02 0.00000E+00
 1.60000E+01 1.93256E+03 2.44292E+03 4.37548E+03 3.46773E-06 2.44292E+03 1.93256E+03 1.41293E+03 1.50636E+01 4.57851E+02 0.00000E+00
 1.70000E+01 1.91288E+03 2.35401E+03 4.26688E+03 1.41109E-06 2.35401E+03 1.91288E+03 1.35616E+03 1.49285E+01 4.94896E+02 0.00000E+00
 1.80000E+01 1.89522E+03 2.25700E+03 4.15222E+03 6.24579E-07 2.25700E+03 1.89522E+03 1.30142E+03 1.47566E+01 5.31781E+02 0.00000E+00
 1.90000E+01 1.88129E+03 2.15698E+03 4.03827E+03 3.15412E-07 2.15698E+03 1.88129E+03 1.24968E+03 1.46193E+01 5.69316E+02 0.00000E+00
 2.00000E+01 1.87119E+03 2.05815E+03 3.92934E+03 1.90666E-07 2.05815E+03 1.87119E+03 1.20178E+03 1.44223E+01 6.07072E+02 0.00000E+00
 2.10000E+01 1.86378E+03 1.96369E+03 3.82747E+03 1.38805E-07 1.96369E+03 1.86378E+03 1.14950E+03 1.43491E+01 6.51944E+02 0.00000E+00
 2.20000E+01 1.85713E+03 1.87573E+03 3.73286E+03 1.17069E-07 1.87573E+03 1.85713E+03 1.10765E+03 1.41397E+01 6.87385E+02 0.00000E+00
 2.30000E+01 1.84931E+03 1.79538E+03 3.64469E+03 1.07666E-07 1.79538E+03 1.84931E+03 1.07011E+03 1.39480E+01 7.17387E+02 0.00000E+00
 2.40000E+01 1.83906E+03 1.72304E+03 3.56210E+03 1.03490E-07 1.72304E+03 1.83906E+03 1.03130E+03 1.37408E+01 7.46177E+02 0.00000E+00
 2.50000E+01 1.82625E+03 1.65877E+03 3.48502E+03 1.01610E-07 1.65877E+03 1.82625E+03 9.92331E+02 1.35147E+01 7.72233E+02 0.00000E+00
 2.60000E+01 1.81160E+03 1.60264E+03 3.41425E+03 1.00752E-07 1.60264E+03 1.81160E+03 9.53716E+02 1.32520E+01 7.95974E+02 0.00000E+00
 2.70000E+01 1.79622E+03 1.55487E+03 3.35109E+03 1.00355E-07 1.55487E+03 1.79622E+03 9.16493E+02 1.29949E+01 8.17634E+02 0.00000E+00
 2.80000E+01 1.78108E+03 1.51570E+03 3.29679E+03 1.00170E-07 1.51570E+03 1.78108E+03 8.81481E+02 1.27179E+01 8.37382E+02 0.00000E+00
 2.90000E+01 1.76678E+03 1.48533E+03 3.25210E+03 1.00083E-07 1.48533E+03 1.76678E+03 8.47823E+02 1.24724E+01 8.56553E+02 0.00000E+00
 3.00000E+01 1.75347E+03 1.46371E+03 3.21718E+03 1.00041E-07 1.46371E+03 1.75347E+03 8.16323E+02 1.22096E+01 8.74618E+02 0.00000E+00
 3.10000E+01 1.74100E+03 1.45057E+03 3.19157E+03 1.00020E-07 1.45057E+03 1.74100E+03 7.86793E+02 1.19397E+01 8.91691E+02 0.00000E+00
 3.20000E+01 1.72907E+03 1.44536E+03 3.17442E+03 1.00010E-07 1.44536E+03 1.72907E+03 7.58880E+02 1.16890E+01 9.07811E+02 0.00000E+00
 3.30000E+01 1.71734E+03 1.44733E+03 3.16467E+03 1.00005E-07 1.44733E+03 1.71734E+03 7.32406E+02 1.14426E+01 9.22797E+02 0.00000E+00
 3.40000E+01 1.70559E+03 1.45562E+03 3.16121E+03 1.00003E-07 1.45562E+03 1.70559E+03 7.07116E+02 1.11988E+01 9.36645E+02 0.00000E+00
 3.50000E+01 1.69370E+03 1.46937E+03 3.16307E+03 1.00001E-07 1.46937E+03 1.69370E+03 6.82870E+02 1.09563E+01 9.49345E+02 0.00000E+00
 3.60000E+01 1.68170E+03 1.48773E+03 3.16944E+03 1.00001E-07 1.48773E+03 1.68170E+03 6.59650E+02 1.07152E+01 9.60924E+02 0.00000E+00
 3.70000E+01 1.66967E+03 1.50997E+03 3.17965E+03 1.00000E-07 1.50997E+03 1.66967E+03 6.37446E+02 1.04757E+01 9.71469E+02 0.00000E+00
 3.80000E+01 1.65774E+03 1.53543E+03 3.19317E+03 1.00000E-07 1.53543E+03 1.65774E+03 6.16281E+02 1.02380E+01 9.81091E+02 0.00000E+00
 3.90000E+01 1.64600E+03 1.56355E+03 3.20956E+03 1.00000E-07 1.56355E+03 1.64600E+03 5.95833E+02 1.00120E+01 9.90206E+02 0.00000E+00
 4.00000E+01 1.63454E+03 1.59382E+03 3.22836E+03 1.00000E-07 1.59382E+03 1.63454E+03 5.72728E+02 9.81999E+00 1.00227E+03 0.00000E+00
