# n + 113In Total cross sections
# 
# 
# # energies =    40
#     E      Non-elastic    Elastic     Total     Comp. el.   Shape el.   Reaction   Comp. nonel   Direct    Pre-equil.  Dir. Capt.
 1.00000E+00 2.71249E+02 6.60025E+03 6.87150E+03 1.72247E+03 4.87778E+03 1.99372E+03 2.71249E+02 0.00000E+00 0.00000E+00 0.00000E+00
 2.00000E+00 1.54060E+03 4.00037E+03 5.54097E+03 4.12391E+02 3.58798E+03 1.95299E+03 1.53843E+03 1.61828E+00 4.49554E-01 0.00000E+00
 3.00000E+00 1.86309E+03 2.58741E+03 4.45050E+03 8.37843E+01 2.50363E+03 1.94687E+03 1.83534E+03 2.57953E+00 7.86031E+00 0.00000E+00
 4.00000E+00 2.03087E+03 1.94456E+03 3.97543E+03 1.98816E+01 1.92468E+03 2.05075E+03 1.97851E+03 3.03898E+00 2.30385E+01 0.00000E+00
 5.00000E+00 2.14365E+03 1.76231E+03 3.90596E+03 4.75743E+00 1.75755E+03 2.14841E+03 2.06138E+03 3.35091E+00 4.68929E+01 0.00000E+00
 6.00000E+00 2.13654E+03 1.81878E+03 3.95531E+03 1.02467E+00 1.81776E+03 2.13756E+03 2.02318E+03 3.66766E+00 7.50483E+01 0.00000E+00
 7.00000E+00 2.07206E+03 1.96456E+03 4.03662E+03 2.19656E-01 1.96434E+03 2.07228E+03 1.91194E+03 3.84174E+00 1.04872E+02 0.00000E+00
 8.00000E+00 2.01329E+03 2.12817E+03 4.14146E+03 5.13727E-02 2.12812E+03 2.01334E+03 1.81499E+03 3.85656E+00 1.36442E+02 0.00000E+00
 9.00000E+00 1.98159E+03 2.27911E+03 4.26071E+03 1.33745E-02 2.27910E+03 1.98160E+03 1.74577E+03 3.82522E+00 1.71134E+02 0.00000E+00
 1.00000E+01 1.97135E+03 2.40383E+03 4.37518E+03 3.04709E-03 2.40383E+03 1.97135E+03 1.69676E+03 3.80885E+00 2.08685E+02 0.00000E+00
 1.10000E+01 1.96861E+03 2.49526E+03 4.46388E+03 9.48525E-04 2.49526E+03 1.96861E+03 1.65374E+03 3.89527E+00 2.47970E+02 0.00000E+00
 1.20000E+01 1.96488E+03 2.55008E+03 4.51496E+03 3.11320E-04 2.55008E+03 1.96488E+03 1.60927E+03 4.11232E+00 2.88006E+02 0.00000E+00
 1.30000E+01 1.95837E+03 2.56882E+03 4.52719E+03 1.06916E-04 2.56882E+03 1.95837E+03 1.56223E+03 4.36595E+00 3.28524E+02 0.00000E+00
 1.40000E+01 1.94837E+03 2.55514E+03 4.50351E+03 3.82263E-05 2.55514E+03 1.94837E+03 1.51184E+03 4.56231E+00 3.69163E+02 0.00000E+00
 1.50000E+01 1.93401E+03 2.51421E+03 4.44823E+03 1.41856E-05 2.51421E+03 1.93401E+03 1.45739E+03 4.63423E+00 4.09240E+02 0.00000E+00
 1.60000E+01 1.91634E+03 2.45179E+03 4.36813E+03 5.46085E-06 2.45179E+03 1.91634E+03 1.40018E+03 4.62960E+00 4.48551E+02 0.00000E+00
 1.70000E+01 1.89801E+03 2.37375E+03 4.27176E+03 2.19682E-06 2.37375E+03 1.89801E+03 1.34274E+03 4.58444E+00 4.87495E+02 0.00000E+00
 1.80000E+01 1.88149E+03 2.28563E+03 4.16712E+03 9.41643E-07 2.28563E+03 1.88149E+03 1.28654E+03 4.51298E+00 5.26859E+02 0.00000E+00
 1.90000E+01 1.86812E+03 2.19231E+03 4.06043E+03 4.46075E-07 2.19231E+03 1.86812E+03 1.23315E+03 4.42746E+00 5.66567E+02 0.00000E+00
 2.00000E+01 1.85811E+03 2.09789E+03 3.95601E+03 2.45933E-07 2.09789E+03 1.85811E+03 1.18499E+03 4.33352E+00 6.04629E+02 0.00000E+00
 2.10000E+01 1.85060E+03 2.00569E+03 3.85629E+03 1.62457E-07 2.00569E+03 1.85060E+03 1.13152E+03 4.34628E+00 6.50592E+02 0.00000E+00
 2.20000E+01 1.84392E+03 1.91807E+03 3.76198E+03 1.27555E-07 1.91807E+03 1.84392E+03 1.09219E+03 4.23516E+00 6.83466E+02 0.00000E+00
 2.30000E+01 1.83619E+03 1.83647E+03 3.67266E+03 1.12358E-07 1.83647E+03 1.83619E+03 1.05259E+03 4.12858E+00 7.15596E+02 0.00000E+00
 2.40000E+01 1.82612E+03 1.76161E+03 3.58774E+03 1.05622E-07 1.76161E+03 1.82612E+03 1.01287E+03 4.01612E+00 7.45501E+02 0.00000E+00
 2.50000E+01 1.81348E+03 1.69383E+03 3.50731E+03 1.02590E-07 1.69383E+03 1.81348E+03 9.72956E+02 3.85503E+00 7.72660E+02 0.00000E+00
 2.60000E+01 1.79893E+03 1.63344E+03 3.43237E+03 1.01207E-07 1.63344E+03 1.79893E+03 9.33313E+02 3.71041E+00 7.97515E+02 0.00000E+00
 2.70000E+01 1.78356E+03 1.58085E+03 3.36441E+03 1.00569E-07 1.58085E+03 1.78356E+03 8.94485E+02 3.59235E+00 8.20771E+02 0.00000E+00
 2.80000E+01 1.76839E+03 1.53648E+03 3.30486E+03 1.00272E-07 1.53648E+03 1.76839E+03 8.58109E+02 3.47529E+00 8.41850E+02 0.00000E+00
 2.90000E+01 1.75404E+03 1.50066E+03 3.25471E+03 1.00131E-07 1.50066E+03 1.75404E+03 8.23730E+02 3.36157E+00 8.61721E+02 0.00000E+00
 3.00000E+01 1.74075E+03 1.47351E+03 3.21427E+03 1.00064E-07 1.47351E+03 1.74075E+03 7.91572E+02 3.24812E+00 8.80469E+02 0.00000E+00
 3.10000E+01 1.72837E+03 1.45485E+03 3.18323E+03 1.00032E-07 1.45485E+03 1.72837E+03 7.61406E+02 3.14018E+00 8.98263E+02 0.00000E+00
 3.20000E+01 1.71660E+03 1.44424E+03 3.16084E+03 1.00016E-07 1.44424E+03 1.71660E+03 7.33056E+02 3.03608E+00 9.14998E+02 0.00000E+00
 3.30000E+01 1.70508E+03 1.44101E+03 3.14609E+03 1.00008E-07 1.44101E+03 1.70508E+03 7.06211E+02 2.93630E+00 9.30587E+02 0.00000E+00
 3.40000E+01 1.69355E+03 1.44436E+03 3.13791E+03 1.00004E-07 1.44436E+03 1.69355E+03 6.80597E+02 2.83974E+00 9.45001E+02 0.00000E+00
 3.50000E+01 1.68188E+03 1.45346E+03 3.13534E+03 1.00002E-07 1.45346E+03 1.68188E+03 6.56058E+02 2.74583E+00 9.58235E+02 0.00000E+00
 3.60000E+01 1.67006E+03 1.46750E+03 3.13757E+03 1.00001E-07 1.46750E+03 1.67006E+03 6.32645E+02 2.65467E+00 9.70212E+02 0.00000E+00
 3.70000E+01 1.65818E+03 1.48577E+03 3.14395E+03 1.00001E-07 1.48577E+03 1.65818E+03 6.10215E+02 2.56329E+00 9.81167E+02 0.00000E+00
 3.80000E+01 1.64636E+03 1.50762E+03 3.15398E+03 1.00000E-07 1.50762E+03 1.64636E+03 5.88497E+02 2.48481E+00 9.91484E+02 0.00000E+00
 3.90000E+01 1.63472E+03 1.53250E+03 3.16722E+03 1.00000E-07 1.53250E+03 1.63472E+03 5.68011E+02 2.39670E+00 1.00079E+03 0.00000E+00
 4.00000E+01 1.62334E+03 1.55990E+03 3.18324E+03 1.00000E-07 1.55990E+03 1.62334E+03 5.44442E+02 2.35488E+00 1.01345E+03 0.00000E+00
