# n + 115In Total triton   production
# Q-value    =-7.37153E+00
# 
# # energies =    40
#    E         xs         Yield
 1.00000E+00 0.00000E+00 0.00000E+00
 2.00000E+00 0.00000E+00 0.00000E+00
 3.00000E+00 0.00000E+00 0.00000E+00
 4.00000E+00 0.00000E+00 0.00000E+00
 5.00000E+00 0.00000E+00 0.00000E+00
 6.00000E+00 0.00000E+00 0.00000E+00
 7.00000E+00 0.00000E+00 0.00000E+00
 8.00000E+00 1.27351E-38 6.33667E-42
 9.00000E+00 1.90246E-17 9.61051E-21
 1.00000E+01 2.32956E-11 1.18166E-14
 1.10000E+01 4.39483E-08 2.22758E-11
 1.20000E+01 2.67794E-06 1.35640E-09
 1.30000E+01 9.12974E-05 4.62947E-08
 1.40000E+01 1.85419E-03 9.43758E-07
 1.50000E+01 1.91506E-02 9.81568E-06
 1.60000E+01 1.00582E-01 5.20459E-05
 1.70000E+01 3.09650E-01 1.61876E-04
 1.80000E+01 6.78126E-01 3.57808E-04
 1.90000E+01 1.20377E+00 6.39862E-04
 2.00000E+01 1.86547E+00 9.96942E-04
 2.10000E+01 2.63511E+00 1.41385E-03
 2.20000E+01 3.44295E+00 1.85391E-03
 2.30000E+01 4.34640E+00 2.35028E-03
 2.40000E+01 5.28184E+00 2.87203E-03
 2.50000E+01 6.23081E+00 3.41180E-03
 2.60000E+01 7.17904E+00 3.96282E-03
 2.70000E+01 8.11615E+00 4.51846E-03
 2.80000E+01 9.03363E+00 5.07199E-03
 2.90000E+01 9.96092E+00 5.63790E-03
 3.00000E+01 1.08076E+01 6.16355E-03
 3.10000E+01 1.15490E+01 6.63357E-03
 3.20000E+01 1.23443E+01 7.13929E-03
 3.30000E+01 1.30983E+01 7.62710E-03
 3.40000E+01 1.38138E+01 8.09912E-03
 3.50000E+01 1.44903E+01 8.55540E-03
 3.60000E+01 1.51328E+01 8.99852E-03
 3.70000E+01 1.57419E+01 9.42814E-03
 3.80000E+01 1.63196E+01 9.84451E-03
 3.90000E+01 1.68666E+01 1.02470E-02
 4.00000E+01 1.73768E+01 1.06310E-02
