
                       be used for evaluation purposes
                                                            17-Apr-2019 17:09
                       _________________________________

                       P E A K     F I T     R E P O R T
                       _________________________________

 Spectrum file Analysed: AC060818_Eu152_10cm.Chn          
 Sample Title : Cs137                                            

 Spectrum saved on 21-Aug-2018 at 17:21    Collected on  6-Aug-2018 at 16:53
 Sample  Taken  on  6-Aug-2018 at 16:53    Decayed      0 Days,     0 mins.

            Detector file number used:     4
            Energy     Calibration Performed on 17-Apr-2019 at 17:04
            Peak Shape Calibration Performed on 17-Apr-2019 at 17:06


   Datetime:   6-Aug-2018 16:53
   Live:       908.00 

   Reported Activity values were rounded     
   FitzPeaks Version: 3.71 23rd January 2014           

 Peak   Centre   FW@HM         Goodness   Peak      %      Gammas       %      2 Sigma
Energy  Channel  (KeV)  Signif  of Fit    Area   Uncert.  per sec.   Uncert. Background

   29.8   159.4   1.02!    9.0    1.32      2851   21.7   3.1402e+00   21.7     5597
   31.8   170.0   1.03!   15.0    1.32      5284   12.1   5.8189e+00   12.1     5088
   36.2   193.2   0.90     6.6    2.41      2211   43.5   2.4350e+00   43.5    20759
   39.8   212.6   1.04!   93.6  114.00    186895    1.3   2.0583e+02    1.3    12941
   42.7   228.2   0.90     8.0    1.54      1713   21.5   1.8861e+00   21.5     2131
   45.3   241.8   0.91    62.6    1.54     38305    1.3   4.2186e+01    1.3     2131
   46.5   248.4   0.91    14.7    1.54     10072    4.0   1.1092e+01    4.0     2131
   48.5   259.2   0.91     4.1    1.54       666   50.1   7.3388e-01   50.1     2131
   72.7   388.3   0.95    18.7    0.96      4332    8.0   4.7712e+00    8.0     2383
   74.9   399.9   0.95    27.0    0.96      7595    4.9   8.3642e+00    4.9     2648
   79.7   425.7   0.95     3.8    1.23       315   48.2   3.4694e-01   48.2     2040
   84.8   452.5   1.10!   11.1    1.62      3421   10.9   3.7673e+00   10.9     3790
   87.2   465.8   1.10!    4.8    1.62       830   42.4   9.1361e-01   42.4     3790
  121.8   650.1   1.01   105.7    7.94     88669    0.7   9.7653e+01    0.7     2032
  161.7   863.0   1.05     4.6    1.11       822   15.8   9.0507e-01   15.8     1614
  167.1   892.0   1.05     3.5    1.11       210   51.7   2.3126e-01   51.7     1614
  244.7  1306.4   1.13    42.6    1.44     15288    1.8   1.6837e+01    1.8      985
  284.8  1519.9   1.19     3.7    1.08       243   35.6   2.6763e-01   35.6      773
  296.0  1579.9   1.21     5.3    1.29       712   13.8   7.8405e-01   13.8      723
  325.0  1734.5   1.24     3.4    0.86       149   48.5   1.6389e-01   48.5      664
  329.4  1758.5   1.25     3.5    0.86       174   41.9   1.9211e-01   41.9      664
  344.3  1838.0   1.28    67.9    1.18     42221    0.9   4.6499e+01    0.9      603
  367.8  1963.3   1.46    10.2    1.17      1404    7.8   1.5464e+00    7.8      608
  411.2  2194.7   1.37    18.4    0.89      2969    4.1   3.2702e+00    4.1      480
  444.1  2370.2   1.35    21.5    1.01      3821    3.5   4.2081e+00    3.5      476
  488.8  2609.0   1.43     6.3    0.81       528   15.9   5.8151e-01   15.9      527
  503.5  2687.5   1.45     3.3    1.02       161   49.7   1.7778e-01   49.7      576
  564.0  3010.2   1.52     7.3    1.23       499   19.4   5.5007e-01   19.4      657
  586.2  3129.0   1.55     5.9    1.03       465   19.0   5.1257e-01   19.0      596
  656.4  3503.6   1.63     3.6    0.89       150   53.2   1.6475e-01   53.2      495
  674.5  3600.1   1.65     3.5    1.25       146   52.2   1.6085e-01   52.2      518
  678.5  3621.7   1.66     7.1    1.25       386   22.7   4.2512e-01   22.7      518
  688.7  3675.9   1.67     6.8    1.34       700   13.9   7.7145e-01   13.9      543
  719.3  3839.3   1.71     3.8    1.03       239   36.9   2.6341e-01   36.9      630
  778.9  4157.4   1.75    34.9    1.04     10385    2.0   1.1437e+01    2.0      487
  810.6  4326.5   1.81     4.2    0.93       242   34.1   2.6680e-01   34.1      500
  867.4  4629.6   1.90    18.8    0.99      3068    4.6   3.3794e+00    4.6      534
  919.3  4906.9   1.94     5.0    1.05       282   23.8   3.1068e-01   23.8      385
  926.5  4945.0   1.95     3.6    1.05       167   39.6   1.8337e-01   39.6      385
  964.0  5145.3   1.98    35.0    1.35      9639    2.0   1.0616e+01    2.0      314
 1004.9  5363.4   2.04     6.6    1.08       542   14.4   5.9700e-01   14.4      289
 1085.7  5795.1   2.18    27.2    0.87      6343    2.4   6.9860e+00    2.4      219
 1089.7  5816.1   2.18     8.7    0.87      1109    8.0   1.2212e+00    8.0      219
 1112.0  5935.2   2.15    30.8    1.16      8318    2.2   9.1606e+00    2.2      275
 1212.8  6473.4   2.29     9.8    1.31       830    9.1   9.1453e-01    9.1      185
 1249.7  6670.2   2.33     4.3    0.81       123   40.1   1.3588e-01   40.1      149
 1274.2  6800.9   2.36     3.8    1.11       132   33.6   1.4553e-01   33.6      101
 1299.0  6933.5   2.30    10.2    0.72       785    8.0   8.6458e-01    8.0       91
 1407.8  7514.1   2.52    36.3    1.41     10295    2.1   1.1338e+01    2.1       14
 1447.8  7727.6   2.57     4.6    0.97       112   24.1   1.2373e-01   24.1       22
 1457.4  7778.7   2.58     4.2    0.97       226   13.5   2.4920e-01   13.5       22
 1528.5  8158.1   2.66     3.8    0.86       188   16.3   2.0674e-01   16.3       14

 ! indicates the Iterative Peak Width fitting reached a limiting value.
