
                       be used for evaluation purposes
                                                            17-Apr-2019 17:10
                       _________________________________

                       P E A K     F I T     R E P O R T
                       _________________________________

 Spectrum file Analysed: BC070818_Eu152_05cm.Chn          
 Sample Title : Cs137                                            

 Spectrum saved on 21-Aug-2018 at 17:21    Collected on  7-Aug-2018 at 10:19
 Sample  Taken  on  7-Aug-2018 at 10:19    Decayed      0 Days,     0 mins.

            Detector file number used:     4
            Energy     Calibration Performed on 17-Apr-2019 at 17:04
            Peak Shape Calibration Performed on 17-Apr-2019 at 17:06


   Datetime:   7-Aug-2018 10:19
   Live:       756.00 

   Reported Activity values were rounded     
   FitzPeaks Version: 3.71 23rd January 2014           

 Peak   Centre   FW@HM         Goodness   Peak      %      Gammas       %      2 Sigma
Energy  Channel  (KeV)  Signif  of Fit    Area   Uncert.  per sec.   Uncert. Background

   29.8   159.2   1.02!   13.1    1.51      5395   15.6   7.1362e+00   15.6     9492
   31.9   170.2   0.94    21.8    2.23      9159    7.4   1.2115e+01    7.4    10824
   39.8   212.5   1.04!  135.4  267.13    407478    0.9   5.3899e+02    0.9    25866
   42.7   228.1   0.94     9.2    9.68      2121   36.4   2.8055e+00   36.4     4808
   45.3   241.7   0.94    82.5    9.68     82973    1.1   1.0975e+02    1.1     4327
   46.5   248.2   0.94    18.8    9.68     23130    3.5   3.0595e+01    3.5     4808
   48.5   258.9   0.94     3.9    9.68      1383   52.7   1.8294e+00   52.7     4808
   72.7   388.1   0.98    16.2    0.91      4269    9.6   5.6473e+00    9.6     4294
   74.9   399.8   0.98    25.2    0.91      7936    5.3   1.0497e+01    5.3     4294
   79.7   425.8   0.95     5.7    3.36      2113   12.7   2.7948e+00   12.7     4334
   84.8   452.7   0.96     9.4    3.11      3150   18.6   4.1668e+00   18.6     7142
  121.8   650.0   1.05   146.7   26.56    192251    0.7   2.5430e+02    0.7     4125
  161.7   863.0   1.20!   16.0    1.01      5445    4.4   7.2024e+00    4.4     3822
  167.3   893.0   1.05     5.9    1.00       965   33.0   1.2759e+00   33.0     3077
  244.7  1306.4   1.19    56.5    0.72     31541    1.2   4.1721e+01    1.2     2009
  251.8  1344.0   1.15     3.4    1.38       242   54.2   3.2024e-01   54.2     1834
  271.2  1447.7   1.18     3.4    1.13       298   41.9   3.9471e-01   41.9     1595
  284.6  1519.2   1.19     6.5    1.16      1038   12.5   1.3732e+00   12.5     1554
  296.0  1580.2   1.21    10.0    1.26      1439    9.9   1.9029e+00    9.9     1347
  324.8  1733.5   1.24     3.9    1.07       309   33.9   4.0861e-01   33.9     1250
  329.5  1758.7   1.25     4.4    1.07       444   22.6   5.8757e-01   22.6     1154
  344.3  1838.0   1.33    96.5    2.86     91550    0.6   1.2110e+02    0.6     1395
  366.4  1955.9   1.24     5.5    1.03       698   17.0   9.2289e-01   17.0     1043
  367.9  1963.5   1.24    14.4    1.03      2628    5.5   3.4767e+00    5.5     1130
  411.2  2194.7   1.43    23.5    1.11      6497    2.8   8.5939e+00    2.8     1107
  416.2  2221.4   1.43     3.6    1.11       268   41.4   3.5393e-01   41.4     1107
  444.0  2370.0   1.44    28.3    0.66      7997    2.5   1.0578e+01    2.5     1158
  484.0  2583.6   1.43     3.4    0.96       284   35.7   3.7504e-01   35.7     1153
  488.8  2609.0   1.43     6.7    0.96       919   12.1   1.2157e+00   12.1     1153
  503.4  2687.2   1.45     4.1    1.16       350   31.9   4.6265e-01   31.9     1084
  564.0  3010.5   1.52     6.8    0.79       975   13.9   1.2899e+00   13.9     1483
  586.3  3129.6   1.55     6.6    0.78       886   15.1   1.1719e+00   15.1     1352
  656.4  3503.4   1.63     3.9    0.83       290   40.1   3.8334e-01   40.1     1095
  674.7  3601.3   1.65     4.2    1.12       284   40.5   3.7516e-01   40.5     1146
  678.6  3622.0   1.66     7.8    1.12       882   14.0   1.1671e+00   14.0     1146
  688.7  3676.1   1.70    12.2    0.79      1599    8.7   2.1147e+00    8.7     1130
  719.5  3840.1   1.71     5.7    0.99       572   20.9   7.5623e-01   20.9     1171
  723.4  3860.9   1.71     3.8    0.99       296   40.0   3.9116e-01   40.0     1171
  765.0  4083.1   1.76     3.6    1.16       275   46.0   3.6419e-01   46.0     1286
  778.9  4157.5   1.87    47.6    1.40     22044    1.4   2.9159e+01    1.4     1058
  810.4  4325.5   1.81     4.0    0.98       535   23.2   7.0737e-01   23.2     1121
  867.4  4629.6   1.98    23.6    0.98      6037    3.4   7.9854e+00    3.4     1306
  907.2  4842.2   1.93     3.5    0.84       201   55.7   2.6617e-01   55.7     1006
  919.3  4906.5   1.94     6.6    1.20       555   18.1   7.3445e-01   18.1      884
  926.4  4944.7   1.95     3.5    1.20       276   33.5   3.6552e-01   33.5      884
  930.5  4966.6   1.96     3.7    1.20       152   59.5   2.0043e-01   59.5      884
  964.0  5145.4   2.07    44.9    1.35     19730    1.5   2.6097e+01    1.5      772
 1004.5  5361.6   2.04     8.1    1.44      1421    8.8   1.8800e+00    8.8      705
 1085.8  5795.3   2.22    38.4    1.06     13506    1.8   1.7865e+01    1.8      580
 1089.7  5815.9   2.22    12.8    1.06      2307    5.8   3.0521e+00    5.8      580
 1112.0  5935.3   2.26    41.8    1.59     16849    1.6   2.2287e+01    1.6      687
 1123.3  5995.5   2.28     4.8    1.59       472   22.0   6.2382e-01   22.0      687
 1151.9  6148.1   2.22     5.9    0.85       546   17.7   7.2221e-01   17.7      700
 1157.8  6179.7   2.23     3.4    0.85       175   52.3   2.3104e-01   52.3      700
 1212.9  6473.5   2.54    10.5    0.97      1592    7.2   2.1054e+00    7.2      519
 1233.5  6583.7   2.31     3.8    1.00       224   35.6   2.9572e-01   35.6      423
 1250.1  6672.3   2.33     3.8    0.87       203   36.4   2.6877e-01   36.4      358
 1274.2  6800.8   2.36     4.9    1.13       299   22.8   3.9591e-01   22.8      241
 1299.1  6933.9   2.41    12.6    1.24      1682    5.8   2.2255e+00    5.8      206
 1407.9  7514.6   2.57    48.2    1.63     21151    1.4   2.7978e+01    1.4       47
 1447.5  7726.1   2.57     8.6    1.17       793    8.4   1.0494e+00    8.4      103
 1453.6  7758.5   2.57     5.2    1.17       131   33.7   1.7303e-01   33.7      108
 1457.4  7778.8   2.58     7.4    1.17       478   11.1   6.3291e-01   11.1      103
 1529.1  8161.4   2.66     5.5    1.64       718    8.2   9.4939e-01    8.2       30
 1643.0  8769.3   2.80     3.5    0.58        37   57.8   4.8537e-02   57.8       12

