
                       be used for evaluation purposes
                                                            17-Apr-2019 17:12
                       _________________________________

                       P E A K     F I T     R E P O R T
                       _________________________________

 Spectrum file Analysed: BD070818_Eu152_18cm.Chn          
 Sample Title : Eu152                                            

 Spectrum saved on 21-Aug-2018 at 17:21    Collected on  7-Aug-2018 at 10:33
 Sample  Taken  on  7-Aug-2018 at 10:33    Decayed      0 Days,     0 mins.

            Detector file number used:     4
            Energy     Calibration Performed on 17-Apr-2019 at 17:04
            Peak Shape Calibration Performed on 17-Apr-2019 at 17:06


   Datetime:   7-Aug-2018 10:33
   Live:      7444.00 

   Reported Activity values were rounded     
   FitzPeaks Version: 3.71 23rd January 2014           

 Peak   Centre   FW@HM         Goodness   Peak      %      Gammas       %      2 Sigma
Energy  Channel  (KeV)  Signif  of Fit    Area   Uncert.  per sec.   Uncert. Background

   29.8   159.3   1.02!   13.3    1.82      7363   15.6   9.8912e-01   15.6    20765
   31.9   170.3   0.96    25.2    1.30     14163    6.6   1.9026e+00    6.6    24911
   37.0   197.6   1.03!   10.2   28.88     18041   13.3   2.4235e+00   13.3    81727
   39.8   212.7   1.04!  165.8  312.38    563088    2.9   7.5643e+01    2.9    49990
   42.7   228.1   1.04!   12.2    5.14      9446   13.5   1.2690e+00   13.5    25284
   45.3   241.9   0.89   107.4    1.22    114156    0.8   1.5335e+01    0.8    11753
   46.5   248.4   0.90    23.9    1.22     29510    2.3   3.9643e+00    2.3    11753
   72.8   388.5   0.94    51.5    1.67     27756    3.3   3.7286e+00    3.3    11833
   74.9   400.0   0.94    71.5    1.67     48053    2.1   6.4552e+00    2.1    13147
   84.8   452.5   1.10!   28.6    1.54     20174    4.1   2.7101e+00    4.1    17836
   87.4   466.4   1.10!   14.4    1.54      5963   13.1   8.0109e-01   13.1    17836
  121.8   650.2   1.00   185.0    7.96    272245    0.4   3.6572e+01    0.4     9962
  161.6   862.9   1.05     3.6    0.89       921   34.0   1.2377e-01   34.0     9534
  244.8  1306.6   1.14    75.8    0.94     49406    0.9   6.6371e+00    0.9     5697
  248.0  1324.0   1.15     3.4    0.94       387   58.0   5.1972e-02   58.0     6215
  251.7  1343.5   1.15     3.7    0.94       548   41.0   7.3683e-02   41.0     5697
  296.0  1580.1   1.12    14.4    0.64      2346    7.5   3.1519e-01    7.5     2789
  325.0  1735.0   1.24     3.4    1.12       309   46.3   4.1462e-02   46.3     2485
  329.5  1759.0   1.25     6.7    1.12       638   23.8   8.5665e-02   23.8     2485
  344.4  1838.2   1.26   124.2    2.13    134175    0.6   1.8025e+01    0.6     2147
  367.9  1963.6   1.34    18.8    1.15      4179    4.6   5.6142e-01    4.6     2077
  411.2  2194.9   1.33    33.4    0.92      9507    2.3   1.2771e+00    2.3     1838
  416.1  2221.1   1.34     4.5    0.92       487   27.7   6.5425e-02   27.7     1838
  444.1  2370.3   1.36    37.1    0.96     12759    2.0   1.7140e+00    2.0     1738
  488.8  2608.8   1.40    10.9    1.01      1458   10.5   1.9589e-01   10.5     1826
  503.6  2688.0   1.45     3.8    1.00       556   22.0   7.4736e-02   22.0     1762
  511.0  2727.5   2.92     3.4    1.00      1011   21.3   1.3575e-01   21.3     3398
  564.1  3011.0   1.51    10.1    0.71      1650    9.9   2.2167e-01    9.9     1912
  566.5  3023.5   1.51     3.5    0.71       467   31.2   6.2709e-02   31.2     2049
  586.3  3129.5   1.55    10.8    1.47      1543   10.8   2.0729e-01   10.8     1871
  656.4  3503.7   1.63     3.4    0.96       418   34.4   5.6149e-02   34.4     1775
  674.8  3601.7   1.65     3.4    0.90       492   27.6   6.6105e-02   27.6     1719
  678.6  3622.3   1.66     9.3    0.90      1366   10.7   1.8350e-01   10.7     1719
  688.8  3676.6   1.70    14.5    1.15      2365    7.8   3.1775e-01    7.8     1830
  713.0  3805.5   1.70     3.5    1.27       270   47.1   3.6258e-02   47.1     1810
  719.4  3840.0   1.71     6.3    1.27       883   16.1   1.1865e-01   16.1     1703
  723.4  3860.9   1.71     5.5    1.27       475   27.3   6.3746e-02   27.3     1703
  765.0  4082.9   1.76     6.0    1.04       526   26.9   7.0622e-02   26.9     1682
  768.9  4104.2   1.77     3.6    1.04       284   47.3   3.8106e-02   47.3     1682
  779.0  4157.7   1.76    64.9    1.84     33674    1.2   4.5236e+00    1.2     1550
  810.5  4326.1   1.81     7.0    1.12       873   17.0   1.1725e-01   17.0     1629
  841.5  4491.2   1.85     3.5    1.04       435   33.5   5.8424e-02   33.5     1669
  867.4  4629.9   1.85    33.2    1.01      9951    2.4   1.3367e+00    2.4     1662
  919.4  4907.0   1.94     6.3    1.47       948   13.1   1.2742e-01   13.1     1135
  926.3  4943.8   1.95     7.6    1.47       631   19.6   8.4775e-02   19.6     1198
  964.1  5145.7   1.96    63.8    1.29     31785    1.2   4.2699e+00    1.2      905
 1005.1  5364.6   2.12    11.0    1.02      1664    8.1   2.2356e-01    8.1      847
 1085.8  5795.6   2.10    50.4    1.41     20172    1.5   2.7099e+00    1.5      801
 1089.7  5816.4   2.10    18.8    1.41      3483    4.9   4.6794e-01    4.9      801
 1112.1  5935.6   2.12    58.0    1.46     26715    1.3   3.5888e+00    1.3      843
 1212.9  6473.9   2.27    18.0    1.40      2561    5.4   3.4398e-01    5.4      629
 1250.0  6671.5   2.33     4.8    1.08       413   21.3   5.5438e-02   21.3      490
 1274.4  6802.0   2.36     7.6    0.77       469   16.7   6.2979e-02   16.7      323
 1292.8  6900.3   2.39     3.6    1.04       200   29.6   2.6877e-02   29.6      218
 1299.1  6933.8   2.39    18.1    1.04      2744    4.0   3.6857e-01    4.0      218
 1408.0  7514.9   2.41    66.5    1.97     33719    1.2   4.5297e+00    1.2       14
 1447.4  7725.1   2.57     5.4    1.17       185   18.7   2.4821e-02   18.7       39
 1457.5  7779.4   2.58     9.6    1.17       771    7.1   1.0356e-01    7.1       40
 1528.3  8157.3   2.66     6.5    0.82       474    9.1   6.3676e-02    9.1       15

 ! indicates the Iterative Peak Width fitting reached a limiting value.
