
                       be used for evaluation purposes
                                                            17-Apr-2019 17:13
                       _________________________________

                       P E A K     F I T     R E P O R T
                       _________________________________

 Spectrum file Analysed: BE070818_Eu152_22cm.Chn          
 Sample Title : Eu152                                            

 Spectrum saved on 21-Aug-2018 at 17:21    Collected on  7-Aug-2018 at 12:41
 Sample  Taken  on  7-Aug-2018 at 12:41    Decayed      0 Days,     0 mins.

            Detector file number used:     4
            Energy     Calibration Performed on 17-Apr-2019 at 17:04
            Peak Shape Calibration Performed on 17-Apr-2019 at 17:06


   Datetime:   7-Aug-2018 12:41
   Live:      6995.00 

   Reported Activity values were rounded     
   FitzPeaks Version: 3.71 23rd January 2014           

 Peak   Centre   FW@HM         Goodness   Peak      %      Gammas       %      2 Sigma
Energy  Channel  (KeV)  Signif  of Fit    Area   Uncert.  per sec.   Uncert. Background

   29.8   159.4   0.94     8.9    1.87      4176   19.6   5.9703e-01   19.6    20538
   31.8   170.1   0.94    17.1    1.87      9206    8.8   1.3161e+00    8.8    22820
   37.5   200.1   1.04!   10.8    3.99     11029   24.9   1.5767e+00   24.9    72103
   39.8   212.7   1.04!  133.9  168.12    363971    2.9   5.2033e+01    2.9    56174
   42.9   229.0   0.89     8.7   13.17      7704   13.3   1.1014e+00   13.3    15223
   45.3   241.9   0.90    88.4   13.17     75865    1.2   1.0846e+01    1.2    13701
   46.5   248.3   0.90    19.2   13.17     18837    4.4   2.6930e+00    4.4    13701
   72.8   388.5   0.92    39.9    1.42     17792    4.4   2.5435e+00    4.4     8872
   74.9   400.0   0.93    59.8    1.42     31592    2.5   4.5164e+00    2.5     9858
   84.8   452.6   1.10!   24.5    1.23     13315    5.3   1.9035e+00    5.3    10698
   87.3   466.3   1.10!   10.3    1.23      3714   17.7   5.3090e-01   17.7    10698
  121.8   650.2   0.99   153.4    5.32    181479    0.6   2.5944e+01    0.6     6375
  238.6  1273.5   1.14     3.4    0.92       436   42.1   6.2263e-02   42.1     3691
  244.8  1306.6   1.14    60.8    1.23     33157    1.2   4.7401e+00    1.2     3559
  296.0  1579.8   1.27    11.0    0.89      1864    9.3   2.6653e-01    9.3     2597
  324.9  1734.4   1.24     3.6    0.86       238   52.4   3.3974e-02   52.4     2191
  329.5  1758.8   1.25     3.7    0.86       386   32.9   5.5180e-02   32.9     2023
  344.4  1838.2   1.25   106.6    2.37     90317    0.7   1.2912e+01    0.7     1829
  352.0  1878.9   1.27     3.7    0.73       443   30.2   6.3353e-02   30.2     1755
  367.9  1963.7   1.30    14.1    0.82      2680    6.0   3.8311e-01    6.0     1795
  411.2  2194.9   1.32    23.3    1.07      6429    2.9   9.1909e-01    2.9     1537
  416.0  2220.5   1.32     3.9    1.07       389   32.5   5.5567e-02   32.5     1537
  444.1  2370.2   1.37    30.2    1.39      8446    3.0   1.2074e+00    3.0     1399
  488.8  2608.8   1.43     9.6    1.26      1045   13.9   1.4942e-01   13.9     1435
  503.5  2687.6   1.45     3.5    0.85       371   28.5   5.3061e-02   28.5     1422
  511.1  2727.9   2.92     3.5    0.85      1016   19.0   1.4520e-01   19.0     2845
  564.1  3010.9   1.52     7.3    1.19       951   15.6   1.3599e-01   15.6     1639
  586.3  3129.6   1.55     8.2    1.10      1004   14.2   1.4355e-01   14.2     1472
  609.3  3252.3   1.58     5.3    1.08       489   25.6   6.9950e-02   25.6     1268
  656.6  3504.5   1.63     3.4    0.90       243   49.1   3.4770e-02   49.1     1215
  674.9  3602.1   1.65     5.4    1.39       414   30.1   5.9138e-02   30.1     1201
  678.7  3622.8   1.66     7.9    1.39       966   13.2   1.3815e-01   13.2     1201
  688.7  3676.1   1.57    12.7    0.56      1607    8.0   2.2975e-01    8.0     1130
  712.8  3804.7   1.70     3.9    1.27       191   54.9   2.7268e-02   54.9     1198
  719.4  3839.9   1.71     7.3    1.27       696   16.2   9.9511e-02   16.2     1198
  723.5  3861.8   1.71     3.6    1.27       278   38.9   3.9740e-02   38.9     1198
  765.2  4084.0   1.76     4.0    1.26       309   42.2   4.4113e-02   42.2     1241
  779.0  4157.8   1.76    52.6    1.60     22632    1.5   3.2355e+00    1.5     1079
  810.5  4326.2   1.81     4.1    0.85       495   24.0   7.0812e-02   24.0     1174
  841.7  4492.4   1.85     3.9    1.01       295   42.2   4.2218e-02   42.2     1203
  867.5  4630.0   1.85    27.8    1.17      6682    3.1   9.5526e-01    3.1     1185
  919.2  4906.2   1.94     7.0    0.92       733   13.9   1.0476e-01   13.9      894
  926.3  4944.1   1.95     4.3    0.92       357   27.0   5.1000e-02   27.0      847
  964.1  5145.7   1.96    50.0    1.55     21508    1.5   3.0748e+00    1.5      755
  996.1  5316.6   2.18     3.5    1.02       134   59.1   1.9213e-02   59.1      625
 1005.2  5364.9   2.19    10.1    1.02      1283    8.1   1.8335e-01    8.1      595
 1085.9  5795.7   2.05    44.3    1.38     13760    1.8   1.9671e+00    1.8      533
 1089.8  5816.7   2.06    15.1    1.38      2398    5.5   3.4285e-01    5.5      561
 1112.1  5935.7   2.14    47.5    1.26     18187    1.5   2.6000e+00    1.5      609
 1212.9  6473.8   2.10    14.5    0.61      1638    6.5   2.3414e-01    6.5      457
 1250.0  6671.6   2.33     3.5    0.83       217   32.8   3.1014e-02   32.8      334
 1274.6  6802.8   2.36     4.6    0.72       363   18.6   5.1942e-02   18.6      252
 1299.1  6933.8   2.24    15.5    1.25      1883    5.3   2.6919e-01    5.3      179
 1408.0  7515.0   2.41    56.9    1.24     22518    1.3   3.2191e+00    1.3       31
 1457.7  7780.0   2.53     4.8    1.11       531   10.1   7.5867e-02   10.1       33
 1460.7  7796.1   2.53    10.3    1.11       929    7.2   1.3285e-01    7.2       33
 1528.3  8156.9   2.66     5.6    0.93       281   14.1   4.0129e-02   14.1       21
 1764.6  9418.1   2.94     4.7    0.76        84   32.3   1.2071e-02   32.3       21
 2614.1 13952.5   3.95     4.5    0.58       170   19.6   2.4278e-02   19.6        8

 ! indicates the Iterative Peak Width fitting reached a limiting value.
