
                       be used for evaluation purposes
                                                            17-Apr-2019 17:14
                       _________________________________

                       P E A K     F I T     R E P O R T
                       _________________________________

 Spectrum file Analysed: CI080818_Ba133_05cm.Chn          
 Sample Title : Eu152                                            

 Spectrum saved on 21-Aug-2018 at 17:21    Collected on  8-Aug-2018 at 16:06
 Sample  Taken  on  8-Aug-2018 at 16:06    Decayed      0 Days,     0 mins.

            Detector file number used:     4
            Energy     Calibration Performed on 17-Apr-2019 at 17:04
            Peak Shape Calibration Performed on 17-Apr-2019 at 17:06


   Datetime:   8-Aug-2018 16:06
   Live:       415.00 

   Reported Activity values were rounded     
   FitzPeaks Version: 3.71 23rd January 2014           

 Peak   Centre   FW@HM         Goodness   Peak      %      Gammas       %      2 Sigma
Energy  Channel  (KeV)  Signif  of Fit    Area   Uncert.  per sec.   Uncert. Background

   30.6   163.7   0.97   168.2    4.81    323390    0.5   7.7925e+02    0.5    16725
   34.9   186.4   1.03!   74.0  140.85     71138    3.3   1.7142e+02    3.3     8006
   53.1   283.3   0.91    27.6    1.00      7733    3.1   1.8633e+01    3.1     2242
   61.6   329.2   1.04    12.2    1.97      3890    9.2   9.3745e+00    9.2     6143
   65.8   351.6   1.05     5.4    1.97      1416   25.0   3.4121e+00   25.0     6757
   72.7   388.2   0.80!    6.8    1.17       678   22.8   1.6344e+00   22.8     2605
   74.9   400.0   0.80!   12.7    1.17      1744    9.3   4.2029e+00    9.3     2605
   79.5   424.7   0.94     9.4    0.78      8507    3.2   2.0498e+01    3.2     1843
   80.9   432.2   0.95   117.8    0.78    122138    0.6   2.9431e+02    0.6     2048
   84.7   452.1   0.96     4.4    2.04       816   18.4   1.9668e+00   18.4     1690
   87.4   466.4   0.96     3.4    2.04       226   57.3   5.4373e-01   57.3     1521
  111.7   596.5   1.14!   15.0    2.11      3615    5.0   8.7101e+00    5.0     1941
  115.9   618.8   1.14!    4.9    2.11       761   19.2   1.8336e+00   19.2     1941
  160.6   857.4   1.05     9.9    0.70      2059    8.9   4.9612e+00    8.9     2772
  223.3  1191.8   1.12     9.4    1.26      1027   12.0   2.4758e+00   12.0     1077
  276.4  1475.6   1.22    38.6    1.14     13245    1.6   3.1916e+01    1.6      355
  302.9  1616.8   1.24    61.5    1.70     32074    1.0   7.7287e+01    1.0      291
  307.2  1639.9   1.25     6.9    1.70       707   10.3   1.7028e+00   10.3      291
  311.6  1663.2   1.25     3.4    1.70       172   37.3   4.1347e-01   37.3      291
  323.8  1728.6   1.24     3.3    0.80        91   52.9   2.1945e-01   52.9      228
  333.7  1781.2   1.34    12.3    0.99      1770    5.5   4.2655e+00    5.5      264
  338.0  1803.9   1.34     4.2    0.99       383   15.1   9.2344e-01   15.1      284
  356.1  1900.6   1.30   106.0    2.71     96828    0.7   2.3332e+02    0.7      319
  376.9  2011.7   1.30     3.9    0.78       107   44.4   2.5852e-01   44.4      213
  383.9  2049.1   1.37    41.1    1.39     14138    1.7   3.4067e+01    1.7      205
  386.9  2064.9   1.37    19.6    1.39      4014    3.0   9.6720e+00    3.0      205
  391.1  2087.7   1.38     7.0    1.39       793    8.9   1.9112e+00    8.9      190
  414.7  2213.8   1.35     7.4    1.34       463   12.1   1.1165e+00   12.1      119
  418.8  2235.6   1.35     3.5    1.34       171   25.8   4.1242e-01   25.8      119
  436.9  2332.2   1.35    14.9    1.11      1905    4.4   4.5894e+00    4.4       45

