
                       be used for evaluation purposes
                                                            17-Apr-2019 17:17
                       _________________________________

                       P E A K     F I T     R E P O R T
                       _________________________________

 Spectrum file Analysed: DE090818_Ba133_22cm.Chn          
 Sample Title : Ba133                                            

 Spectrum saved on 21-Aug-2018 at 17:21    Collected on  9-Aug-2018 at 15:06
 Sample  Taken  on  9-Aug-2018 at 15:06    Decayed      0 Days,     0 mins.

            Detector file number used:     4
            Energy     Calibration Performed on 17-Apr-2019 at 17:04
            Peak Shape Calibration Performed on 17-Apr-2019 at 17:06


   Datetime:   9-Aug-2018 15:06
   Live:      2844.00 

   Reported Activity values were rounded     
   FitzPeaks Version: 3.71 23rd January 2014           

 Peak   Centre   FW@HM         Goodness   Peak      %      Gammas       %      2 Sigma
Energy  Channel  (KeV)  Signif  of Fit    Area   Uncert.  per sec.   Uncert. Background

   30.6   163.6   0.97   135.4   34.71    225221    1.3   7.9192e+01    1.3    31932
   33.2   177.6   1.03!    5.7   63.40      3009   25.6   1.0579e+00   25.6    10492
   34.9   186.4   1.03!   62.0   63.40     48792    2.7   1.7156e+01    2.7    10492
   53.1   283.5   0.86    23.0    0.70      5405    4.7   1.9004e+00    4.7     3225
   61.7   329.5   0.93     3.5    0.83       468   51.3   1.6446e-01   51.3     4769
   72.8   388.5   0.93    14.6    0.88      3791   15.1   1.3329e+00   15.1     9198
   74.9   400.1   0.93    22.7    0.88      7439    7.7   2.6157e+00    7.7    10220
   79.6   424.8   0.92     6.9    0.61      6992   11.4   2.4586e+00   11.4     2068
   81.0   432.3   0.93   100.1    0.61     83329    1.1   2.9300e+01    1.1     1861
   84.8   452.5   1.07    12.2    1.04      3142    6.3   1.1048e+00    6.3     2117
   87.4   466.4   1.08     6.7    1.04       957   16.7   3.3649e-01   16.7     2117
  160.6   857.5   1.05     9.0    0.84      1278   13.0   4.4935e-01   13.0     2586
  223.3  1191.9   1.12     6.7    0.86       829   16.5   2.9149e-01   16.5     1861
  276.5  1475.9   1.18    35.6    1.25     10483    2.0   3.6860e+00    2.0      738
  303.0  1617.1   1.18    57.8    1.44     24610    1.2   8.6534e+00    1.2      361
  333.6  1780.8   1.25     3.5    1.26       140   38.2   4.9342e-02   38.2      237
  352.1  1879.5   1.26     3.4    2.43       201   27.5   7.0783e-02   27.5      178
  356.1  1900.9   1.26    97.4    2.43     73019    0.8   2.5675e+01    0.8      164
  384.0  2049.4   1.32    34.9    1.08     10156    1.8   3.5712e+00    1.8       97
  387.0  2065.5   1.32     3.6    1.08       258   18.9   9.0789e-02   18.9       97
  437.1  2332.9   1.37     4.0    0.79       130   23.8   4.5777e-02   23.8       55
  510.9  2726.9   2.92     3.5    1.03       223   20.9   7.8467e-02   20.9       74
  583.3  3113.6   1.55     4.4    0.70        99   25.0   3.4824e-02   25.0       27
  609.4  3252.6   1.58     5.1    1.05       182   18.7   6.4084e-02   18.7       28
  911.4  4864.4   1.93     3.6    1.00        54   41.3   1.9090e-02   41.3       23
  969.0  5172.0   2.00     3.4    0.54        37   55.7   1.2944e-02   55.7       24
 1120.0  5977.8   2.18     3.3    0.78        53   38.4   1.8615e-02   38.4       13
 1460.8  7796.7   2.58     7.8    0.78       417   10.1   1.4669e-01   10.1       12
 2614.3 13953.4   3.95     3.7    0.69        64   42.0   2.2481e-02   42.0        5

 ! indicates the Iterative Peak Width fitting reached a limiting value.
