# n +  90Zr Total alpha    production
# Q-value    = 1.75394E+00
# 
# # energies =    40
#    E         xs         Yield
 1.00000E+00 0.00000E+00 0.00000E+00
 2.00000E+00 0.00000E+00 0.00000E+00
 3.00000E+00 0.00000E+00 0.00000E+00
 4.00000E+00 5.45533E-05 3.42144E-08
 5.00000E+00 1.33431E-03 7.89921E-07
 6.00000E+00 1.48142E-02 8.54445E-06
 7.00000E+00 6.86680E-02 3.89045E-05
 8.00000E+00 1.71714E-01 9.69467E-05
 9.00000E+00 3.06070E-01 1.73581E-04
 1.00000E+01 4.35214E-01 2.48673E-04
 1.10000E+01 6.20493E-01 3.58029E-04
 1.20000E+01 9.87793E-01 5.75997E-04
 1.30000E+01 1.60342E+00 9.43488E-04
 1.40000E+01 2.55696E+00 1.51485E-03
 1.50000E+01 3.80973E+00 2.26795E-03
 1.60000E+01 5.54225E+00 3.30940E-03
 1.70000E+01 7.78547E+00 4.65596E-03
 1.80000E+01 1.06971E+01 6.40323E-03
 1.90000E+01 1.35800E+01 8.14479E-03
 2.00000E+01 1.66154E+01 1.00084E-02
 2.10000E+01 1.87704E+01 1.13860E-02
 2.20000E+01 2.03271E+01 1.24422E-02
 2.30000E+01 2.23538E+01 1.38201E-02
 2.40000E+01 2.42735E+01 1.51564E-02
 2.50000E+01 2.61581E+01 1.64843E-02
 2.60000E+01 2.79802E+01 1.77791E-02
 2.70000E+01 2.97291E+01 1.90322E-02
 2.80000E+01 3.14154E+01 2.02526E-02
 2.90000E+01 3.30285E+01 2.14383E-02
 3.00000E+01 3.45791E+01 2.26010E-02
 3.10000E+01 3.60534E+01 2.37350E-02
 3.20000E+01 3.74531E+01 2.48414E-02
 3.30000E+01 3.87805E+01 2.59202E-02
 3.40000E+01 4.00315E+01 2.69652E-02
 3.50000E+01 4.12162E+01 2.79790E-02
 3.60000E+01 4.23364E+01 2.89597E-02
 3.70000E+01 4.33925E+01 2.99044E-02
 3.80000E+01 4.43877E+01 3.08137E-02
 3.90000E+01 4.53222E+01 3.16867E-02
 4.00000E+01 4.63765E+01 3.26498E-02
