# n +  92Zr Total alpha    production
# Q-value    = 3.39640E+00
# 
# # energies =    40
#    E         xs         Yield
 1.00000E+00 0.00000E+00 0.00000E+00
 2.00000E+00 2.72695E-05 1.75287E-08
 3.00000E+00 1.52869E-03 7.95918E-07
 4.00000E+00 1.75495E-02 9.37498E-06
 5.00000E+00 8.57116E-02 4.72987E-05
 6.00000E+00 2.75706E-01 1.51517E-04
 7.00000E+00 5.44622E-01 2.96472E-04
 8.00000E+00 7.30998E-01 3.98058E-04
 9.00000E+00 9.08747E-01 4.98396E-04
 1.00000E+01 1.30023E+00 7.20315E-04
 1.10000E+01 2.09816E+00 1.17479E-03
 1.20000E+01 3.33603E+00 1.88575E-03
 1.30000E+01 5.01616E+00 2.85695E-03
 1.40000E+01 7.34917E+00 4.20980E-03
 1.50000E+01 1.00025E+01 5.75401E-03
 1.60000E+01 1.34250E+01 7.74483E-03
 1.70000E+01 1.68912E+01 9.76354E-03
 1.80000E+01 2.04701E+01 1.18587E-02
 1.90000E+01 2.29360E+01 1.33385E-02
 2.00000E+01 2.44737E+01 1.43205E-02
 2.10000E+01 2.65390E+01 1.56570E-02
 2.20000E+01 2.85069E+01 1.69771E-02
 2.30000E+01 3.04120E+01 1.82876E-02
 2.40000E+01 3.21868E+01 1.95340E-02
 2.50000E+01 3.38200E+01 2.06991E-02
 2.60000E+01 3.53036E+01 2.17736E-02
 2.70000E+01 3.66331E+01 2.27557E-02
 2.80000E+01 3.77724E+01 2.36277E-02
 2.90000E+01 3.88099E+01 2.44491E-02
 3.00000E+01 3.97239E+01 2.52089E-02
 3.10000E+01 4.05059E+01 2.59020E-02
 3.20000E+01 4.11915E+01 2.65485E-02
 3.30000E+01 4.18071E+01 2.71612E-02
 3.40000E+01 4.23432E+01 2.77301E-02
 3.50000E+01 4.28240E+01 2.82668E-02
 3.60000E+01 4.33402E+01 2.88296E-02
 3.70000E+01 4.37040E+01 2.92920E-02
 3.80000E+01 4.40168E+01 2.97202E-02
 3.90000E+01 4.44587E+01 3.02364E-02
 4.00000E+01 4.47225E+01 3.06329E-02
