# n +  92Zr Total deuteron production
# Q-value    =-7.17213E+00
# 
# # energies =    40
#    E         xs         Yield
 1.00000E+00 0.00000E+00 0.00000E+00
 2.00000E+00 0.00000E+00 0.00000E+00
 3.00000E+00 0.00000E+00 0.00000E+00
 4.00000E+00 0.00000E+00 0.00000E+00
 5.00000E+00 0.00000E+00 0.00000E+00
 6.00000E+00 0.00000E+00 0.00000E+00
 7.00000E+00 0.00000E+00 0.00000E+00
 8.00000E+00 9.35097E-19 5.09198E-22
 9.00000E+00 1.24739E-08 6.84121E-12
 1.00000E+01 1.74285E-05 9.65521E-09
 1.10000E+01 1.34209E-03 7.51458E-07
 1.20000E+01 1.50495E-02 8.50698E-06
 1.30000E+01 1.12600E-01 6.41311E-05
 1.40000E+01 4.98168E-01 2.85364E-04
 1.50000E+01 1.39661E+00 8.03409E-04
 1.60000E+01 2.83010E+00 1.63267E-03
 1.70000E+01 4.65916E+00 2.69311E-03
 1.80000E+01 5.75373E+00 3.33324E-03
 1.90000E+01 7.85092E+00 4.56571E-03
 2.00000E+01 1.00593E+01 5.88607E-03
 2.10000E+01 1.22878E+01 7.24933E-03
 2.20000E+01 1.49801E+01 8.92127E-03
 2.30000E+01 1.72547E+01 1.03758E-02
 2.40000E+01 1.94841E+01 1.18248E-02
 2.50000E+01 2.16591E+01 1.32562E-02
 2.60000E+01 2.37775E+01 1.46648E-02
 2.70000E+01 2.58447E+01 1.60542E-02
 2.80000E+01 2.78505E+01 1.74213E-02
 2.90000E+01 2.96491E+01 1.86780E-02
 3.00000E+01 3.10119E+01 1.96802E-02
 3.10000E+01 3.28651E+01 2.10160E-02
 3.20000E+01 3.46543E+01 2.23351E-02
 3.30000E+01 3.63853E+01 2.36388E-02
 3.40000E+01 3.80549E+01 2.49217E-02
 3.50000E+01 3.96793E+01 2.61911E-02
 3.60000E+01 4.12454E+01 2.74362E-02
 3.70000E+01 4.27738E+01 2.86686E-02
 3.80000E+01 4.42577E+01 2.98829E-02
 3.90000E+01 4.56966E+01 3.10783E-02
 4.00000E+01 4.70937E+01 3.22571E-02
