# n +  94Zr Total deuteron production
# Q-value    =-8.10656E+00
# 
# # energies =    40
#    E         xs         Yield
 1.00000E+00 0.00000E+00 0.00000E+00
 2.00000E+00 0.00000E+00 0.00000E+00
 3.00000E+00 0.00000E+00 0.00000E+00
 4.00000E+00 0.00000E+00 0.00000E+00
 5.00000E+00 0.00000E+00 0.00000E+00
 6.00000E+00 0.00000E+00 0.00000E+00
 7.00000E+00 0.00000E+00 0.00000E+00
 8.00000E+00 0.00000E+00 0.00000E+00
 9.00000E+00 7.51572E-19 4.16178E-22
 1.00000E+01 4.99524E-09 2.80004E-12
 1.10000E+01 1.00872E-05 5.71902E-09
 1.20000E+01 1.04252E-03 5.96129E-07
 1.30000E+01 1.21759E-02 7.00140E-06
 1.40000E+01 9.80503E-02 5.65856E-05
 1.50000E+01 4.24454E-01 2.45524E-04
 1.60000E+01 1.15314E+00 6.67904E-04
 1.70000E+01 2.30273E+00 1.33510E-03
 1.80000E+01 3.89935E+00 2.26540E-03
 1.90000E+01 5.63272E+00 3.28647E-03
 2.00000E+01 7.49318E+00 4.40201E-03
 2.10000E+01 9.38544E+00 5.56223E-03
 2.20000E+01 1.16545E+01 6.97362E-03
 2.30000E+01 1.36083E+01 8.21999E-03
 2.40000E+01 1.55280E+01 9.46120E-03
 2.50000E+01 1.74045E+01 1.06867E-02
 2.60000E+01 1.80238E+01 1.11440E-02
 2.70000E+01 1.98001E+01 1.23223E-02
 2.80000E+01 2.15258E+01 1.34835E-02
 2.90000E+01 2.31906E+01 1.46249E-02
 3.00000E+01 2.46898E+01 1.56819E-02
 3.10000E+01 2.57996E+01 1.65106E-02
 3.20000E+01 2.73055E+01 1.76107E-02
 3.30000E+01 2.87603E+01 1.86957E-02
 3.40000E+01 3.01694E+01 1.97658E-02
 3.50000E+01 3.15359E+01 2.08206E-02
 3.60000E+01 3.28645E+01 2.18611E-02
 3.70000E+01 3.41579E+01 2.28879E-02
 3.80000E+01 3.54200E+01 2.39034E-02
 3.90000E+01 3.66511E+01 2.49077E-02
 4.00000E+01 3.78541E+01 2.59030E-02
