# n +  91Zr Total deuteron production
# Q-value    =-6.46590E+00
# 
# # energies =    40
#    E         xs         Yield
 1.00000E+00 0.00000E+00 0.00000E+00
 2.00000E+00 0.00000E+00 0.00000E+00
 3.00000E+00 0.00000E+00 0.00000E+00
 4.00000E+00 0.00000E+00 0.00000E+00
 5.00000E+00 0.00000E+00 0.00000E+00
 6.00000E+00 0.00000E+00 0.00000E+00
 7.00000E+00 0.00000E+00 0.00000E+00
 8.00000E+00 1.59733E-13 9.07194E-17
 9.00000E+00 2.59391E-06 1.48022E-09
 1.00000E+01 2.81687E-04 1.62124E-07
 1.10000E+01 1.93428E-02 1.12545E-05
 1.20000E+01 1.62980E-01 9.58132E-05
 1.30000E+01 8.02810E-01 4.75574E-04
 1.40000E+01 1.72772E+00 1.02855E-03
 1.50000E+01 3.56553E+00 2.12894E-03
 1.60000E+01 5.77996E+00 3.45592E-03
 1.70000E+01 8.32653E+00 4.97963E-03
 1.80000E+01 1.10247E+01 6.59484E-03
 1.90000E+01 1.37786E+01 8.25813E-03
 2.00000E+01 1.65200E+01 9.94869E-03
 2.10000E+01 1.91966E+01 1.16488E-02
 2.20000E+01 2.21745E+01 1.35836E-02
 2.30000E+01 2.46265E+01 1.52386E-02
 2.40000E+01 2.69837E+01 1.68604E-02
 2.50000E+01 2.92589E+01 1.84441E-02
 2.60000E+01 3.14542E+01 1.99841E-02
 2.70000E+01 3.35671E+01 2.14780E-02
 2.80000E+01 3.51320E+01 2.26299E-02
 2.90000E+01 3.69893E+01 2.39849E-02
 3.00000E+01 3.88830E+01 2.53863E-02
 3.10000E+01 4.06922E+01 2.67594E-02
 3.20000E+01 4.24191E+01 2.81049E-02
 3.30000E+01 4.40692E+01 2.94242E-02
 3.40000E+01 4.56462E+01 3.07150E-02
 3.50000E+01 4.71568E+01 3.19774E-02
 3.60000E+01 4.86061E+01 3.32111E-02
 3.70000E+01 4.99991E+01 3.44164E-02
 3.80000E+01 5.13396E+01 3.55949E-02
 3.90000E+01 5.31763E+01 3.71286E-02
 4.00000E+01 5.44067E+01 3.82502E-02
