# n +  90Zr Total deuteron production
# Q-value    =-6.12858E+00
# 
# # energies =    40
#    E         xs         Yield
 1.00000E+00 0.00000E+00 0.00000E+00
 2.00000E+00 0.00000E+00 0.00000E+00
 3.00000E+00 0.00000E+00 0.00000E+00
 4.00000E+00 0.00000E+00 0.00000E+00
 5.00000E+00 0.00000E+00 0.00000E+00
 6.00000E+00 0.00000E+00 0.00000E+00
 7.00000E+00 3.04144E-18 1.72315E-21
 8.00000E+00 1.13922E-07 6.43183E-11
 9.00000E+00 6.81702E-05 3.86612E-08
 1.00000E+01 2.39909E-03 1.37079E-06
 1.10000E+01 2.19473E-02 1.26637E-05
 1.20000E+01 1.48710E-01 8.67152E-05
 1.30000E+01 5.72202E-01 3.36695E-04
 1.40000E+01 1.52236E+00 9.01909E-04
 1.50000E+01 3.63625E+00 2.16468E-03
 1.60000E+01 5.97683E+00 3.56889E-03
 1.70000E+01 8.54786E+00 5.11190E-03
 1.80000E+01 1.12364E+01 6.72605E-03
 1.90000E+01 1.39610E+01 8.37329E-03
 2.00000E+01 1.42493E+01 8.58313E-03
 2.10000E+01 1.68011E+01 1.01914E-02
 2.20000E+01 2.07362E+01 1.26926E-02
 2.30000E+01 2.32276E+01 1.43604E-02
 2.40000E+01 2.56372E+01 1.60079E-02
 2.50000E+01 2.79699E+01 1.76261E-02
 2.60000E+01 3.02313E+01 1.92095E-02
 2.70000E+01 3.24112E+01 2.07493E-02
 2.80000E+01 3.45345E+01 2.22634E-02
 2.90000E+01 3.63494E+01 2.35939E-02
 3.00000E+01 3.80835E+01 2.48915E-02
 3.10000E+01 3.99889E+01 2.63258E-02
 3.20000E+01 4.18314E+01 2.77454E-02
 3.30000E+01 4.36006E+01 2.91418E-02
 3.40000E+01 4.53040E+01 3.05168E-02
 3.50000E+01 4.69452E+01 3.18681E-02
 3.60000E+01 4.85319E+01 3.31976E-02
 3.70000E+01 5.00458E+01 3.44896E-02
 3.80000E+01 5.15275E+01 3.57700E-02
 3.90000E+01 5.29667E+01 3.70314E-02
 4.00000E+01 5.43523E+01 3.82649E-02
