# n +  92Zr Elastic cross sections
# 
# 
# # energies =    40
#    E      Cross section
 1.00000E+00 6.42130E+03
 2.00000E+00 3.22131E+03
 3.00000E+00 2.11887E+03
 4.00000E+00 1.84529E+03
 5.00000E+00 1.89446E+03
 6.00000E+00 2.04523E+03
 7.00000E+00 2.20910E+03
 8.00000E+00 2.33910E+03
 9.00000E+00 2.41695E+03
 1.00000E+01 2.44322E+03
 1.10000E+01 2.42572E+03
 1.20000E+01 2.37492E+03
 1.30000E+01 2.30079E+03
 1.40000E+01 2.21152E+03
 1.50000E+01 2.11353E+03
 1.60000E+01 2.01206E+03
 1.70000E+01 1.91147E+03
 1.80000E+01 1.81500E+03
 1.90000E+01 1.72461E+03
 2.00000E+01 1.64133E+03
 2.10000E+01 1.56580E+03
 2.20000E+01 1.49864E+03
 2.30000E+01 1.44048E+03
 2.40000E+01 1.39185E+03
 2.50000E+01 1.35304E+03
 2.60000E+01 1.32401E+03
 2.70000E+01 1.30433E+03
 2.80000E+01 1.29330E+03
 2.90000E+01 1.29001E+03
 3.00000E+01 1.29344E+03
 3.10000E+01 1.30264E+03
 3.20000E+01 1.31672E+03
 3.30000E+01 1.33491E+03
 3.40000E+01 1.35658E+03
 3.50000E+01 1.38115E+03
 3.60000E+01 1.40812E+03
 3.70000E+01 1.43702E+03
 3.80000E+01 1.46739E+03
 3.90000E+01 1.49879E+03
 4.00000E+01 1.53079E+03
