# n +  91Zr Elastic cross sections
# 
# 
# # energies =    40
#    E      Cross section
 1.00000E+00 7.01659E+03
 2.00000E+00 4.07280E+03
 3.00000E+00 2.33297E+03
 4.00000E+00 1.90440E+03
 5.00000E+00 1.92787E+03
 6.00000E+00 2.08150E+03
 7.00000E+00 2.25798E+03
 8.00000E+00 2.40104E+03
 9.00000E+00 2.48870E+03
 1.00000E+01 2.51983E+03
 1.10000E+01 2.50305E+03
 1.20000E+01 2.44990E+03
 1.30000E+01 2.37165E+03
 1.40000E+01 2.27750E+03
 1.50000E+01 2.17432E+03
 1.60000E+01 2.06756E+03
 1.70000E+01 1.96180E+03
 1.80000E+01 1.86054E+03
 1.90000E+01 1.76585E+03
 2.00000E+01 1.67859E+03
 2.10000E+01 1.59916E+03
 2.20000E+01 1.52808E+03
 2.30000E+01 1.46606E+03
 2.40000E+01 1.41377E+03
 2.50000E+01 1.37166E+03
 2.60000E+01 1.33984E+03
 2.70000E+01 1.31795E+03
 2.80000E+01 1.30530E+03
 2.90000E+01 1.30093E+03
 3.00000E+01 1.30373E+03
 3.10000E+01 1.31260E+03
 3.20000E+01 1.32656E+03
 3.30000E+01 1.34475E+03
 3.40000E+01 1.36646E+03
 3.50000E+01 1.39110E+03
 3.60000E+01 1.41813E+03
 3.70000E+01 1.44709E+03
 3.80000E+01 1.47753E+03
 3.90000E+01 1.50901E+03
 4.00000E+01 1.54111E+03
