# n +  96Zr Total gamma    production
# Q-value    = 5.57514E+00
# 
# # energies =    40
#    E         xs         Yield
 1.00000E+00 8.10610E+01 2.60264E+00
 2.00000E+00 9.94186E+01 9.09411E-02
 3.00000E+00 7.78395E+01 4.35061E-02
 4.00000E+00 4.56532E+02 2.42293E-01
 5.00000E+00 1.49096E+03 7.95307E-01
 6.00000E+00 2.23784E+03 1.18547E+00
 7.00000E+00 2.90467E+03 1.53355E+00
 8.00000E+00 3.43298E+03 1.82517E+00
 9.00000E+00 2.30063E+03 1.23887E+00
 1.00000E+01 1.62918E+03 8.89868E-01
 1.10000E+01 1.42794E+03 7.90195E-01
 1.20000E+01 1.72045E+03 9.61936E-01
 1.30000E+01 2.21599E+03 1.24841E+00
 1.40000E+01 2.78938E+03 1.58019E+00
 1.50000E+01 3.33753E+03 1.89826E+00
 1.60000E+01 3.72849E+03 2.12627E+00
 1.70000E+01 3.78931E+03 2.16573E+00
 1.80000E+01 3.54520E+03 2.03288E+00
 1.90000E+01 3.25716E+03 1.87829E+00
 2.00000E+01 3.06866E+03 1.78422E+00
 2.10000E+01 3.02477E+03 1.77649E+00
 2.20000E+01 3.11913E+03 1.85167E+00
 2.30000E+01 3.30257E+03 1.98100E+00
 2.40000E+01 3.49726E+03 2.11770E+00
 2.50000E+01 3.62978E+03 2.21652E+00
 2.60000E+01 3.65793E+03 2.25080E+00
 2.70000E+01 3.59186E+03 2.22619E+00
 2.80000E+01 3.51844E+03 2.19654E+00
 2.90000E+01 3.46491E+03 2.17948E+00
 3.00000E+01 3.44967E+03 2.18717E+00
 3.10000E+01 3.47456E+03 2.22127E+00
 3.20000E+01 3.52460E+03 2.27247E+00
 3.30000E+01 3.58647E+03 2.33218E+00
 3.40000E+01 3.63411E+03 2.38318E+00
 3.50000E+01 3.63299E+03 2.40220E+00
 3.60000E+01 3.62581E+03 2.41677E+00
 3.70000E+01 3.59075E+03 2.41217E+00
 3.80000E+01 3.55482E+03 2.40630E+00
 3.90000E+01 3.52694E+03 2.40533E+00
 4.00000E+01 3.51896E+03 2.41760E+00
