# n +  94Zr Total gamma    production
# Q-value    = 6.46194E+00
# 
# # energies =    40
#    E         xs         Yield
 1.00000E+00 1.95314E+01 4.18875E-02
 2.00000E+00 1.40405E+01 8.66835E-03
 3.00000E+00 1.00772E+01 5.33646E-03
 4.00000E+00 6.14712E+02 3.38296E-01
 5.00000E+00 1.37947E+03 7.73604E-01
 6.00000E+00 1.96917E+03 1.09084E+00
 7.00000E+00 2.52278E+03 1.38200E+00
 8.00000E+00 3.03525E+03 1.66507E+00
 9.00000E+00 2.37015E+03 1.31246E+00
 1.00000E+01 1.47038E+03 8.24210E-01
 1.10000E+01 1.19689E+03 6.78589E-01
 1.20000E+01 1.43759E+03 8.22042E-01
 1.30000E+01 1.86967E+03 1.07511E+00
 1.40000E+01 2.37732E+03 1.37197E+00
 1.50000E+01 2.88153E+03 1.66681E+00
 1.60000E+01 3.30586E+03 1.91478E+00
 1.70000E+01 3.48609E+03 2.02120E+00
 1.80000E+01 3.28917E+03 1.91091E+00
 1.90000E+01 2.93241E+03 1.71095E+00
 2.00000E+01 2.66085E+03 1.56317E+00
 2.10000E+01 2.53125E+03 1.50013E+00
 2.20000E+01 2.57020E+03 1.53792E+00
 2.30000E+01 2.70409E+03 1.63339E+00
 2.40000E+01 2.89922E+03 1.76649E+00
 2.50000E+01 3.08837E+03 1.89631E+00
 2.60000E+01 3.20621E+03 1.98237E+00
 2.70000E+01 3.23997E+03 2.01635E+00
 2.80000E+01 3.17198E+03 1.98689E+00
 2.90000E+01 3.06354E+03 1.93198E+00
 3.00000E+01 2.96652E+03 1.88421E+00
 3.10000E+01 2.91846E+03 1.86768E+00
 3.20000E+01 2.87832E+03 1.85637E+00
 3.30000E+01 2.87312E+03 1.86767E+00
 3.40000E+01 2.89591E+03 1.89729E+00
 3.50000E+01 2.90948E+03 1.92089E+00
 3.60000E+01 2.93302E+03 1.95102E+00
 3.70000E+01 2.92510E+03 1.96000E+00
 3.80000E+01 2.88203E+03 1.94495E+00
 3.90000E+01 2.83434E+03 1.92619E+00
 4.00000E+01 2.78205E+03 1.90372E+00
