# n +  90Zr Total gamma    production
# Q-value    = 7.19435E+00
# 
# # energies =    40
#    E         xs         Yield
 1.00000E+00 3.24005E+01 2.29420E+00
 2.00000E+00 7.25071E+01 2.60980E-01
 3.00000E+00 3.62810E+01 2.75008E-02
 4.00000E+00 3.32437E+01 2.08496E-02
 5.00000E+00 2.26567E+02 1.34129E-01
 6.00000E+00 1.01780E+03 5.87039E-01
 7.00000E+00 1.58650E+03 8.98844E-01
 8.00000E+00 2.04009E+03 1.15180E+00
 9.00000E+00 2.43535E+03 1.38116E+00
 1.00000E+01 2.79972E+03 1.59970E+00
 1.10000E+01 3.13107E+03 1.80665E+00
 1.20000E+01 3.38670E+03 1.97484E+00
 1.30000E+01 2.82468E+03 1.66210E+00
 1.40000E+01 2.08185E+03 1.23338E+00
 1.50000E+01 1.61251E+03 9.59936E-01
 1.60000E+01 1.55976E+03 9.31368E-01
 1.70000E+01 1.69672E+03 1.01469E+00
 1.80000E+01 1.96082E+03 1.17373E+00
 1.90000E+01 2.25757E+03 1.35401E+00
 2.00000E+01 2.55194E+03 1.53717E+00
 2.10000E+01 2.83096E+03 1.71723E+00
 2.20000E+01 3.07192E+03 1.88032E+00
 2.30000E+01 3.27694E+03 2.02595E+00
 2.40000E+01 3.38303E+03 2.11237E+00
 2.50000E+01 3.37820E+03 2.12887E+00
 2.60000E+01 3.25505E+03 2.06832E+00
 2.70000E+01 3.11319E+03 1.99303E+00
 2.80000E+01 2.99917E+03 1.93348E+00
 2.90000E+01 2.96053E+03 1.92164E+00
 3.00000E+01 2.96860E+03 1.94029E+00
 3.10000E+01 3.02067E+03 1.98859E+00
 3.20000E+01 3.10624E+03 2.06027E+00
 3.30000E+01 3.19187E+03 2.13339E+00
 3.40000E+01 3.28773E+03 2.21462E+00
 3.50000E+01 3.37991E+03 2.29440E+00
 3.60000E+01 3.41396E+03 2.33527E+00
 3.70000E+01 3.41404E+03 2.35282E+00
 3.80000E+01 3.38691E+03 2.35117E+00
 3.90000E+01 3.31838E+03 2.32002E+00
 4.00000E+01 3.25199E+03 2.28945E+00
