# n +  91Zr Total gamma    production
# Q-value    = 8.63478E+00
# 
# # energies =    40
#    E         xs         Yield
 1.00000E+00 3.05391E+01 2.56144E+00
 2.00000E+00 4.51488E+01 5.59047E-02
 3.00000E+00 2.15692E+01 1.24973E-02
 4.00000E+00 9.08912E+02 5.12831E-01
 5.00000E+00 1.43789E+03 8.38462E-01
 6.00000E+00 1.95771E+03 1.13196E+00
 7.00000E+00 2.44813E+03 1.39455E+00
 8.00000E+00 2.62079E+03 1.48846E+00
 9.00000E+00 2.48230E+03 1.41652E+00
 1.00000E+01 2.14339E+03 1.23362E+00
 1.10000E+01 1.53592E+03 8.93667E-01
 1.20000E+01 1.12411E+03 6.60845E-01
 1.30000E+01 1.15646E+03 6.85072E-01
 1.40000E+01 1.40672E+03 8.37449E-01
 1.50000E+01 1.74201E+03 1.04014E+00
 1.60000E+01 2.07177E+03 1.23874E+00
 1.70000E+01 2.38048E+03 1.42363E+00
 1.80000E+01 2.67062E+03 1.59753E+00
 1.90000E+01 2.92800E+03 1.75488E+00
 2.00000E+01 3.08917E+03 1.86036E+00
 2.10000E+01 3.05465E+03 1.85361E+00
 2.20000E+01 2.85542E+03 1.74917E+00
 2.30000E+01 2.65482E+03 1.64278E+00
 2.40000E+01 2.48345E+03 1.55175E+00
 2.50000E+01 2.41772E+03 1.52408E+00
 2.60000E+01 2.41096E+03 1.53178E+00
 2.70000E+01 2.46712E+03 1.57859E+00
 2.80000E+01 2.55852E+03 1.64804E+00
 2.90000E+01 2.68138E+03 1.73868E+00
 3.00000E+01 2.79921E+03 1.82758E+00
 3.10000E+01 2.91516E+03 1.91702E+00
 3.20000E+01 3.00963E+03 1.99404E+00
 3.30000E+01 3.05176E+03 2.03760E+00
 3.40000E+01 3.07241E+03 2.06740E+00
 3.50000E+01 3.04556E+03 2.06522E+00
 3.60000E+01 3.01374E+03 2.05920E+00
 3.70000E+01 2.96517E+03 2.04105E+00
 3.80000E+01 2.94165E+03 2.03951E+00
 3.90000E+01 2.93856E+03 2.05175E+00
 4.00000E+01 2.93632E+03 2.06436E+00
