# n +  90Zr Total helium-3 production
# Q-value    =-7.71080E+00
# 
# # energies =    40
#    E         xs         Yield
 1.00000E+00 0.00000E+00 0.00000E+00
 2.00000E+00 0.00000E+00 0.00000E+00
 3.00000E+00 0.00000E+00 0.00000E+00
 4.00000E+00 0.00000E+00 0.00000E+00
 5.00000E+00 0.00000E+00 0.00000E+00
 6.00000E+00 0.00000E+00 0.00000E+00
 7.00000E+00 0.00000E+00 0.00000E+00
 8.00000E+00 0.00000E+00 0.00000E+00
 9.00000E+00 2.13393E-35 1.21021E-38
 1.00000E+01 1.47873E-22 8.44914E-26
 1.10000E+01 4.53587E-16 2.61723E-19
 1.20000E+01 2.11245E-12 1.23180E-15
 1.30000E+01 1.36259E-09 8.01778E-13
 1.40000E+01 4.04407E-08 2.39588E-11
 1.50000E+01 6.01997E-07 3.58372E-10
 1.60000E+01 5.41319E-06 3.23234E-09
 1.70000E+01 3.30586E-05 1.97701E-08
 1.80000E+01 1.54461E-04 9.24594E-08
 1.90000E+01 6.30851E-04 3.78362E-07
 2.00000E+01 2.48417E-03 1.49635E-06
 2.10000E+01 9.31414E-03 5.64986E-06
 2.20000E+01 3.03011E-02 1.85473E-05
 2.30000E+01 8.07201E-02 4.99049E-05
 2.40000E+01 1.77526E-01 1.10848E-04
 2.50000E+01 3.35002E-01 2.11111E-04
 2.60000E+01 5.60953E-01 3.56439E-04
 2.70000E+01 8.56764E-01 5.48491E-04
 2.80000E+01 1.21917E+00 7.85962E-04
 2.90000E+01 1.64280E+00 1.06632E-03
 3.00000E+01 2.12173E+00 1.38677E-03
 3.10000E+01 2.64661E+00 1.74234E-03
 3.20000E+01 3.22116E+00 2.13648E-03
 3.30000E+01 3.81797E+00 2.55186E-03
 3.40000E+01 4.46577E+00 3.00814E-03
 3.50000E+01 5.14467E+00 3.49239E-03
 3.60000E+01 5.85129E+00 4.00250E-03
 3.70000E+01 6.58101E+00 4.53537E-03
 3.80000E+01 7.33179E+00 5.08968E-03
 3.90000E+01 8.10193E+00 5.66442E-03
 4.00000E+01 8.88898E+00 6.25799E-03
