# n +  94Zr Total helium-3 production
# Q-value    =-1.12618E+01
# 
# # energies =    40
#    E         xs         Yield
 1.00000E+00 0.00000E+00 0.00000E+00
 2.00000E+00 0.00000E+00 0.00000E+00
 3.00000E+00 0.00000E+00 0.00000E+00
 4.00000E+00 0.00000E+00 0.00000E+00
 5.00000E+00 0.00000E+00 0.00000E+00
 6.00000E+00 0.00000E+00 0.00000E+00
 7.00000E+00 0.00000E+00 0.00000E+00
 8.00000E+00 0.00000E+00 0.00000E+00
 9.00000E+00 0.00000E+00 0.00000E+00
 1.00000E+01 0.00000E+00 0.00000E+00
 1.10000E+01 0.00000E+00 0.00000E+00
 1.20000E+01 0.00000E+00 0.00000E+00
 1.30000E+01 4.24883E-29 2.44318E-32
 1.40000E+01 2.88614E-20 1.66561E-23
 1.50000E+01 3.64593E-15 2.10898E-18
 1.60000E+01 8.44173E-12 4.88950E-15
 1.70000E+01 9.94739E-10 5.76741E-13
 1.80000E+01 3.37518E-08 1.96088E-11
 1.90000E+01 5.06372E-07 2.95448E-10
 2.00000E+01 4.26396E-06 2.50494E-09
 2.10000E+01 2.48084E-05 1.47026E-08
 2.20000E+01 1.15390E-04 6.90455E-08
 2.30000E+01 4.68650E-04 2.83085E-07
 2.40000E+01 1.97536E-03 1.20358E-06
 2.50000E+01 7.20981E-03 4.42695E-06
 2.60000E+01 2.14723E-02 1.32761E-05
 2.70000E+01 5.20030E-02 3.23633E-05
 2.80000E+01 1.06196E-01 6.65203E-05
 2.90000E+01 1.89514E-01 1.19514E-04
 3.00000E+01 3.04464E-01 1.93383E-04
 3.10000E+01 4.51213E-01 2.88756E-04
 3.20000E+01 6.28598E-01 4.05413E-04
 3.30000E+01 8.06118E-01 5.24018E-04
 3.40000E+01 1.03843E+00 6.80341E-04
 3.50000E+01 1.30915E+00 8.64328E-04
 3.60000E+01 1.60281E+00 1.06618E-03
 3.70000E+01 1.90200E+00 1.27446E-03
 3.80000E+01 2.22003E+00 1.49820E-03
 3.90000E+01 2.55526E+00 1.73652E-03
 4.00000E+01 2.90617E+00 1.98865E-03
