# n +  96Zr Total neutron  production
# Q-value    = 0.00000E+00
# 
# # energies =    40
#    E         xs         Yield
 1.00000E+00 9.94700E-01 3.19369E-02
 2.00000E+00 1.06156E+03 9.71040E-01
 3.00000E+00 1.76787E+03 9.88101E-01
 4.00000E+00 1.87081E+03 9.92886E-01
 5.00000E+00 1.86621E+03 9.95471E-01
 6.00000E+00 1.88283E+03 9.97407E-01
 7.00000E+00 1.89135E+03 9.98558E-01
 8.00000E+00 1.90833E+03 1.01458E+00
 9.00000E+00 2.55631E+03 1.37655E+00
 1.00000E+01 2.89065E+03 1.57889E+00
 1.10000E+01 3.08416E+03 1.70671E+00
 1.20000E+01 3.17765E+03 1.77668E+00
 1.30000E+01 3.22542E+03 1.81709E+00
 1.40000E+01 3.24218E+03 1.83670E+00
 1.50000E+01 3.25436E+03 1.85095E+00
 1.60000E+01 3.31498E+03 1.89046E+00
 1.70000E+01 3.45866E+03 1.97675E+00
 1.80000E+01 3.65107E+03 2.09359E+00
 1.90000E+01 3.82838E+03 2.20769E+00
 2.00000E+01 3.95602E+03 2.30016E+00
 2.10000E+01 4.03655E+03 2.37073E+00
 2.20000E+01 4.06292E+03 2.41194E+00
 2.30000E+01 4.07065E+03 2.44173E+00
 2.40000E+01 4.08040E+03 2.47081E+00
 2.50000E+01 4.10429E+03 2.50628E+00
 2.60000E+01 4.15657E+03 2.55762E+00
 2.70000E+01 4.23348E+03 2.62385E+00
 2.80000E+01 4.29885E+03 2.68375E+00
 2.90000E+01 4.36173E+03 2.74359E+00
 3.00000E+01 4.41104E+03 2.79670E+00
 3.10000E+01 4.44632E+03 2.84251E+00
 3.20000E+01 4.47090E+03 2.88259E+00
 3.30000E+01 4.48883E+03 2.91896E+00
 3.40000E+01 4.50796E+03 2.95623E+00
 3.50000E+01 4.53812E+03 3.00069E+00
 3.60000E+01 4.56695E+03 3.04408E+00
 3.70000E+01 4.60351E+03 3.09251E+00
 3.80000E+01 4.63793E+03 3.13946E+00
 3.90000E+01 4.66993E+03 3.18484E+00
 4.00000E+01 4.69754E+03 3.22730E+00
