# n +  91Zr Total neutron  production
# Q-value    = 0.00000E+00
# 
# # energies =    40
#    E         xs         Yield
 1.00000E+00 2.83205E-01 2.37536E-02
 2.00000E+00 7.93047E+02 9.81975E-01
 3.00000E+00 1.72135E+03 9.97363E-01
 4.00000E+00 1.76989E+03 9.98615E-01
 5.00000E+00 1.71270E+03 9.98707E-01
 6.00000E+00 1.72686E+03 9.98477E-01
 7.00000E+00 1.75179E+03 9.97890E-01
 8.00000E+00 1.88340E+03 1.06967E+00
 9.00000E+00 2.10248E+03 1.19978E+00
 1.00000E+01 2.32962E+03 1.34080E+00
 1.10000E+01 2.58704E+03 1.50525E+00
 1.20000E+01 2.76442E+03 1.62515E+00
 1.30000E+01 2.84079E+03 1.68285E+00
 1.40000E+01 2.87039E+03 1.70880E+00
 1.50000E+01 2.87295E+03 1.71541E+00
 1.60000E+01 2.86994E+03 1.71598E+00
 1.70000E+01 2.86792E+03 1.71514E+00
 1.80000E+01 2.86282E+03 1.71250E+00
 1.90000E+01 2.85209E+03 1.70939E+00
 2.00000E+01 2.84804E+03 1.71515E+00
 2.10000E+01 2.88528E+03 1.75083E+00
 2.20000E+01 2.94964E+03 1.80689E+00
 2.30000E+01 3.01937E+03 1.86835E+00
 2.40000E+01 3.09038E+03 1.93098E+00
 2.50000E+01 3.13477E+03 1.97609E+00
 2.60000E+01 3.17023E+03 2.01418E+00
 2.70000E+01 3.18948E+03 2.04080E+00
 2.80000E+01 3.20051E+03 2.06157E+00
 2.90000E+01 3.19941E+03 2.07459E+00
 3.00000E+01 3.19679E+03 2.08715E+00
 3.10000E+01 3.19279E+03 2.09960E+00
 3.20000E+01 3.18830E+03 2.11243E+00
 3.30000E+01 3.19771E+03 2.13505E+00
 3.40000E+01 3.20803E+03 2.15866E+00
 3.50000E+01 3.23329E+03 2.19252E+00
 3.60000E+01 3.25843E+03 2.22639E+00
 3.70000E+01 3.28998E+03 2.26462E+00
 3.80000E+01 3.31437E+03 2.29793E+00
 3.90000E+01 3.32927E+03 2.32455E+00
 4.00000E+01 3.34674E+03 2.35290E+00
