# n +  92Zr Total neutron  production
# Q-value    = 0.00000E+00
# 
# # energies =    40
#    E         xs         Yield
 1.00000E+00 3.12209E+02 9.66006E-01
 2.00000E+00 1.54899E+03 9.95681E-01
 3.00000E+00 1.91659E+03 9.97880E-01
 4.00000E+00 1.86901E+03 9.98428E-01
 5.00000E+00 1.80957E+03 9.98583E-01
 6.00000E+00 1.81725E+03 9.98694E-01
 7.00000E+00 1.83467E+03 9.98725E-01
 8.00000E+00 1.83389E+03 9.98626E-01
 9.00000E+00 1.95210E+03 1.07062E+00
 1.00000E+01 2.47197E+03 1.36945E+00
 1.10000E+01 2.81237E+03 1.57469E+00
 1.20000E+01 2.99942E+03 1.69547E+00
 1.30000E+01 3.09211E+03 1.76110E+00
 1.40000E+01 3.12959E+03 1.79271E+00
 1.50000E+01 3.13393E+03 1.80281E+00
 1.60000E+01 3.12542E+03 1.80304E+00
 1.70000E+01 3.13624E+03 1.81282E+00
 1.80000E+01 3.19277E+03 1.84963E+00
 1.90000E+01 3.28075E+03 1.90792E+00
 2.00000E+01 3.40363E+03 1.99159E+00
 2.10000E+01 3.53261E+03 2.08410E+00
 2.20000E+01 3.62749E+03 2.16033E+00
 2.30000E+01 3.68172E+03 2.21393E+00
 2.40000E+01 3.70770E+03 2.25018E+00
 2.50000E+01 3.71673E+03 2.27477E+00
 2.60000E+01 3.71617E+03 2.29195E+00
 2.70000E+01 3.70725E+03 2.30287E+00
 2.80000E+01 3.68807E+03 2.30699E+00
 2.90000E+01 3.67286E+03 2.31379E+00
 3.00000E+01 3.67275E+03 2.33073E+00
 3.10000E+01 3.67215E+03 2.34821E+00
 3.20000E+01 3.70384E+03 2.38717E+00
 3.30000E+01 3.73188E+03 2.42453E+00
 3.40000E+01 3.76327E+03 2.46452E+00
 3.50000E+01 3.79508E+03 2.50502E+00
 3.60000E+01 3.82037E+03 2.54129E+00
 3.70000E+01 3.84636E+03 2.57797E+00
 3.80000E+01 3.85893E+03 2.60556E+00
 3.90000E+01 3.86349E+03 2.62756E+00
 4.00000E+01 3.87508E+03 2.65425E+00
