# n +  90Zr Total neutron  production
# Q-value    = 0.00000E+00
# 
# # energies =    40
#    E         xs         Yield
 1.00000E+00 1.86183E-01 1.31832E-02
 2.00000E+00 2.50702E+02 9.02371E-01
 3.00000E+00 1.30703E+03 9.90718E-01
 4.00000E+00 1.58451E+03 9.93767E-01
 5.00000E+00 1.68136E+03 9.95372E-01
 6.00000E+00 1.72648E+03 9.95789E-01
 7.00000E+00 1.75755E+03 9.95758E-01
 8.00000E+00 1.76299E+03 9.95354E-01
 9.00000E+00 1.75364E+03 9.94540E-01
 1.00000E+01 1.73821E+03 9.93178E-01
 1.10000E+01 1.71775E+03 9.91154E-01
 1.20000E+01 1.69513E+03 9.88459E-01
 1.30000E+01 1.94506E+03 1.14451E+00
 1.40000E+01 2.25676E+03 1.33700E+00
 1.50000E+01 2.46724E+03 1.46876E+00
 1.60000E+01 2.58851E+03 1.54566E+00
 1.70000E+01 2.66043E+03 1.59102E+00
 1.80000E+01 2.68756E+03 1.60876E+00
 1.90000E+01 2.69375E+03 1.61561E+00
 2.00000E+01 2.69203E+03 1.62156E+00
 2.10000E+01 2.67645E+03 1.62351E+00
 2.20000E+01 2.64716E+03 1.62032E+00
 2.30000E+01 2.62680E+03 1.62401E+00
 2.40000E+01 2.63108E+03 1.64285E+00
 2.50000E+01 2.65961E+03 1.67603E+00
 2.60000E+01 2.72608E+03 1.73219E+00
 2.70000E+01 2.80202E+03 1.79382E+00
 2.80000E+01 2.87421E+03 1.85292E+00
 2.90000E+01 2.92358E+03 1.89765E+00
 3.00000E+01 2.95860E+03 1.93375E+00
 3.10000E+01 2.97456E+03 1.95823E+00
 3.20000E+01 2.97608E+03 1.97393E+00
 3.30000E+01 2.97417E+03 1.98788E+00
 3.40000E+01 2.96579E+03 1.99776E+00
 3.50000E+01 2.95290E+03 2.00453E+00
 3.60000E+01 2.95255E+03 2.01965E+00
 3.70000E+01 2.95840E+03 2.03882E+00
 3.80000E+01 2.96940E+03 2.06134E+00
 3.90000E+01 2.99138E+03 2.09140E+00
 4.00000E+01 3.01271E+03 2.12100E+00
