# n +  94Zr Total proton   production
# Q-value    =-4.13551E+00
# 
# # energies =    40
#    E         xs         Yield
 1.00000E+00 0.00000E+00 0.00000E+00
 2.00000E+00 0.00000E+00 0.00000E+00
 3.00000E+00 0.00000E+00 0.00000E+00
 4.00000E+00 0.00000E+00 0.00000E+00
 5.00000E+00 0.00000E+00 0.00000E+00
 6.00000E+00 1.05770E-05 5.85924E-09
 7.00000E+00 6.08300E-04 3.33232E-07
 8.00000E+00 5.02036E-03 2.75406E-06
 9.00000E+00 3.91914E-02 2.17020E-05
 1.00000E+01 2.02020E-01 1.13240E-04
 1.10000E+01 7.38691E-01 4.18807E-04
 1.20000E+01 1.87405E+00 1.07162E-03
 1.30000E+01 3.69876E+00 2.12687E-03
 1.40000E+01 6.39774E+00 3.69218E-03
 1.50000E+01 9.67016E+00 5.59366E-03
 1.60000E+01 1.36062E+01 7.88082E-03
 1.70000E+01 1.82244E+01 1.05663E-02
 1.80000E+01 2.34016E+01 1.35956E-02
 1.90000E+01 2.88671E+01 1.68429E-02
 2.00000E+01 3.44923E+01 2.02631E-02
 2.10000E+01 4.05357E+01 2.40233E-02
 2.20000E+01 4.77456E+01 2.85693E-02
 2.30000E+01 5.43161E+01 3.28093E-02
 2.40000E+01 6.11115E+01 3.72352E-02
 2.50000E+01 6.80967E+01 4.18125E-02
 2.60000E+01 7.55025E+01 4.66826E-02
 2.70000E+01 8.26672E+01 5.14467E-02
 2.80000E+01 8.99939E+01 5.63712E-02
 2.90000E+01 9.73149E+01 6.13703E-02
 3.00000E+01 1.04661E+02 6.64761E-02
 3.10000E+01 1.12016E+02 7.16854E-02
 3.20000E+01 1.19563E+02 7.71120E-02
 3.30000E+01 1.26780E+02 8.24133E-02
 3.40000E+01 1.33999E+02 8.77908E-02
 3.50000E+01 1.41108E+02 9.31621E-02
 3.60000E+01 1.48368E+02 9.86932E-02
 3.70000E+01 1.55469E+02 1.04174E-01
 3.80000E+01 1.62526E+02 1.09681E-01
 3.90000E+01 1.69606E+02 1.15262E-01
 4.00000E+01 1.76634E+02 1.20868E-01
