# n +  92Zr Total proton   production
# Q-value    =-2.86018E+00
# 
# # energies =    40
#    E         xs         Yield
 1.00000E+00 0.00000E+00 0.00000E+00
 2.00000E+00 0.00000E+00 0.00000E+00
 3.00000E+00 0.00000E+00 0.00000E+00
 4.00000E+00 6.37017E-20 3.40296E-23
 5.00000E+00 6.85659E-04 3.78371E-07
 6.00000E+00 2.19012E-02 1.20361E-05
 7.00000E+00 1.27973E-01 6.96635E-05
 8.00000E+00 4.34914E-01 2.36828E-04
 9.00000E+00 1.25917E+00 6.90584E-04
 1.00000E+01 3.01059E+00 1.66783E-03
 1.10000E+01 5.74744E+00 3.21808E-03
 1.20000E+01 9.37330E+00 5.29842E-03
 1.30000E+01 1.39315E+01 7.93469E-03
 1.40000E+01 1.95076E+01 1.11745E-02
 1.50000E+01 2.60646E+01 1.49938E-02
 1.60000E+01 3.34564E+01 1.93008E-02
 1.70000E+01 4.16586E+01 2.40797E-02
 1.80000E+01 5.02543E+01 2.91132E-02
 1.90000E+01 5.92890E+01 3.44796E-02
 2.00000E+01 6.87409E+01 4.02229E-02
 2.10000E+01 7.81850E+01 4.61260E-02
 2.20000E+01 8.87743E+01 5.28689E-02
 2.30000E+01 9.86972E+01 5.93496E-02
 2.40000E+01 1.09152E+02 6.62436E-02
 2.50000E+01 1.19485E+02 7.31292E-02
 2.60000E+01 1.29627E+02 7.99476E-02
 2.70000E+01 1.39806E+02 8.68446E-02
 2.80000E+01 1.50310E+02 9.40231E-02
 2.90000E+01 1.61261E+02 1.01589E-01
 3.00000E+01 1.72893E+02 1.09718E-01
 3.10000E+01 1.84890E+02 1.18231E-01
 3.20000E+01 1.96190E+02 1.26447E-01
 3.30000E+01 2.07216E+02 1.34624E-01
 3.40000E+01 2.17950E+02 1.42733E-01
 3.50000E+01 2.28254E+02 1.50663E-01
 3.60000E+01 2.38158E+02 1.58421E-01
 3.70000E+01 2.47612E+02 1.65959E-01
 3.80000E+01 2.56938E+02 1.73485E-01
 3.90000E+01 2.65576E+02 1.80619E-01
 4.00000E+01 2.73172E+02 1.87110E-01
