# n +  94Zr Reaction cross sections
# 
# 
# # energies =    40
#    E      Cross section
 1.00000E+00 2.63742E+03
 2.00000E+00 2.28472E+03
 3.00000E+00 2.10042E+03
 4.00000E+00 1.87672E+03
 5.00000E+00 1.79786E+03
 6.00000E+00 1.80892E+03
 7.00000E+00 1.82641E+03
 8.00000E+00 1.82314E+03
 9.00000E+00 1.80592E+03
 1.00000E+01 1.78400E+03
 1.10000E+01 1.76380E+03
 1.20000E+01 1.74881E+03
 1.30000E+01 1.73906E+03
 1.40000E+01 1.73278E+03
 1.50000E+01 1.72877E+03
 1.60000E+01 1.72650E+03
 1.70000E+01 1.72476E+03
 1.80000E+01 1.72126E+03
 1.90000E+01 1.71391E+03
 2.00000E+01 1.70222E+03
 2.10000E+01 1.68735E+03
 2.20000E+01 1.67122E+03
 2.30000E+01 1.65551E+03
 2.40000E+01 1.64123E+03
 2.50000E+01 1.62862E+03
 2.60000E+01 1.61736E+03
 2.70000E+01 1.60685E+03
 2.80000E+01 1.59645E+03
 2.90000E+01 1.58570E+03
 3.00000E+01 1.57441E+03
 3.10000E+01 1.56261E+03
 3.20000E+01 1.55051E+03
 3.30000E+01 1.53834E+03
 3.40000E+01 1.52634E+03
 3.50000E+01 1.51465E+03
 3.60000E+01 1.50333E+03
 3.70000E+01 1.49240E+03
 3.80000E+01 1.48180E+03
 3.90000E+01 1.47148E+03
 4.00000E+01 1.46138E+03
