# n +  96Zr Reaction cross sections
# 
# 
# # energies =    40
#    E      Cross section
 1.00000E+00 2.69526E+03
 2.00000E+00 2.36250E+03
 3.00000E+00 2.18578E+03
 4.00000E+00 1.97600E+03
 5.00000E+00 1.89392E+03
 6.00000E+00 1.89179E+03
 7.00000E+00 1.89497E+03
 8.00000E+00 1.88101E+03
 9.00000E+00 1.85706E+03
 1.00000E+01 1.83082E+03
 1.10000E+01 1.80708E+03
 1.20000E+01 1.78853E+03
 1.30000E+01 1.77505E+03
 1.40000E+01 1.76522E+03
 1.50000E+01 1.75821E+03
 1.60000E+01 1.75353E+03
 1.70000E+01 1.74967E+03
 1.80000E+01 1.74393E+03
 1.90000E+01 1.73411E+03
 2.00000E+01 1.71989E+03
 2.10000E+01 1.70266E+03
 2.20000E+01 1.68450E+03
 2.30000E+01 1.66712E+03
 2.40000E+01 1.65144E+03
 2.50000E+01 1.63760E+03
 2.60000E+01 1.62517E+03
 2.70000E+01 1.61346E+03
 2.80000E+01 1.60181E+03
 2.90000E+01 1.58979E+03
 3.00000E+01 1.57723E+03
 3.10000E+01 1.56422E+03
 3.20000E+01 1.55100E+03
 3.30000E+01 1.53782E+03
 3.40000E+01 1.52490E+03
 3.50000E+01 1.51236E+03
 3.60000E+01 1.50027E+03
 3.70000E+01 1.48860E+03
 3.80000E+01 1.47730E+03
 3.90000E+01 1.46630E+03
 4.00000E+01 1.45556E+03
