# n +  92Zr: Production of  85Kr - Ground state
# Q-value    =-3.75720E+00 mass=  84.912527
# E-threshold= 3.79843E+00
# # energies =    40
#     E          xs      Branching
 1.00000E+00 0.00000E+00 0.00000E+00
 2.00000E+00 0.00000E+00 0.00000E+00
 3.00000E+00 0.00000E+00 0.00000E+00
 4.00000E+00 0.00000E+00 0.00000E+00
 5.00000E+00 0.00000E+00 0.00000E+00
 6.00000E+00 0.00000E+00 0.00000E+00
 7.00000E+00 0.00000E+00 0.00000E+00
 8.00000E+00 0.00000E+00 0.00000E+00
 9.00000E+00 0.00000E+00 0.00000E+00
 1.00000E+01 0.00000E+00 0.00000E+00
 1.10000E+01 0.00000E+00 0.00000E+00
 1.20000E+01 0.00000E+00 0.00000E+00
 1.30000E+01 0.00000E+00 0.00000E+00
 1.40000E+01 0.00000E+00 0.00000E+00
 1.50000E+01 0.00000E+00 0.00000E+00
 1.60000E+01 0.00000E+00 0.00000E+00
 1.70000E+01 0.00000E+00 0.00000E+00
 1.80000E+01 0.00000E+00 0.00000E+00
 1.90000E+01 0.00000E+00 0.00000E+00
 2.00000E+01 0.00000E+00 0.00000E+00
 2.10000E+01 0.00000E+00 0.00000E+00
 2.20000E+01 0.00000E+00 0.00000E+00
 2.30000E+01 0.00000E+00 0.00000E+00
 2.40000E+01 0.00000E+00 0.00000E+00
 2.50000E+01 0.00000E+00 0.00000E+00
 2.60000E+01 0.00000E+00 0.00000E+00
 2.70000E+01 0.00000E+00 0.00000E+00
 2.80000E+01 0.00000E+00 0.00000E+00
 2.90000E+01 0.00000E+00 0.00000E+00
 3.00000E+01 7.97018E-04 7.76577E-01
 3.10000E+01 1.39327E-03 7.89328E-01
 3.20000E+01 2.31982E-03 8.05611E-01
 3.30000E+01 3.62680E-03 8.19259E-01
 3.40000E+01 5.25074E-03 8.32484E-01
 3.50000E+01 7.16261E-03 8.43875E-01
 3.60000E+01 9.19390E-03 8.51666E-01
 3.70000E+01 1.11817E-02 8.57463E-01
 3.80000E+01 1.25324E-02 8.57632E-01
 3.90000E+01 1.35246E-02 8.56975E-01
 4.00000E+01 1.43691E-02 8.62132E-01
