# n +  90Zr: Production of  85Sr - Level  2     0.23866 MeV
# Q-value    =-1.84041E+01 mass=  84.912932
# E-threshold= 1.86106E+01
# # energies =    40
#     E          xs      Branching
 1.00000E+00 0.00000E+00 0.00000E+00
 2.00000E+00 0.00000E+00 0.00000E+00
 3.00000E+00 0.00000E+00 0.00000E+00
 4.00000E+00 0.00000E+00 0.00000E+00
 5.00000E+00 0.00000E+00 0.00000E+00
 6.00000E+00 0.00000E+00 0.00000E+00
 7.00000E+00 0.00000E+00 0.00000E+00
 8.00000E+00 0.00000E+00 0.00000E+00
 9.00000E+00 0.00000E+00 0.00000E+00
 1.00000E+01 0.00000E+00 0.00000E+00
 1.10000E+01 0.00000E+00 0.00000E+00
 1.20000E+01 0.00000E+00 0.00000E+00
 1.30000E+01 0.00000E+00 0.00000E+00
 1.40000E+01 0.00000E+00 0.00000E+00
 1.50000E+01 0.00000E+00 0.00000E+00
 1.60000E+01 0.00000E+00 0.00000E+00
 1.70000E+01 0.00000E+00 0.00000E+00
 1.80000E+01 0.00000E+00 0.00000E+00
 1.90000E+01 0.00000E+00 0.00000E+00
 2.00000E+01 0.00000E+00 0.00000E+00
 2.10000E+01 0.00000E+00 0.00000E+00
 2.20000E+01 0.00000E+00 0.00000E+00
 2.30000E+01 0.00000E+00 0.00000E+00
 2.40000E+01 0.00000E+00 0.00000E+00
 2.50000E+01 0.00000E+00 0.00000E+00
 2.60000E+01 4.62643E-05 4.15254E-02
 2.70000E+01 1.00486E-03 1.12635E-01
 2.80000E+01 6.94769E-03 1.06262E-01
 2.90000E+01 3.02694E-02 1.28838E-01
 3.00000E+01 1.08387E-01 1.35390E-01
 3.10000E+01 2.33504E-01 1.45798E-01
 3.20000E+01 4.49721E-01 1.40036E-01
 3.30000E+01 7.18355E-01 1.46690E-01
 3.40000E+01 9.59872E-01 1.36101E-01
 3.50000E+01 1.30024E+00 1.38748E-01
 3.60000E+01 1.56051E+00 1.35271E-01
 3.70000E+01 1.80311E+00 1.27949E-01
 3.80000E+01 2.09091E+00 1.26538E-01
 3.90000E+01 2.29075E+00 1.22579E-01
 4.00000E+01 2.40124E+00 1.16116E-01
