# n +  91Zr: Production of  86Rb - Level  2     0.55605 MeV
# Q-value    =-1.31939E+01 mass=  85.911167
# E-threshold= 1.33403E+01
# # energies =    40
#     E          xs      Branching
 1.00000E+00 0.00000E+00 0.00000E+00
 2.00000E+00 0.00000E+00 0.00000E+00
 3.00000E+00 0.00000E+00 0.00000E+00
 4.00000E+00 0.00000E+00 0.00000E+00
 5.00000E+00 0.00000E+00 0.00000E+00
 6.00000E+00 0.00000E+00 0.00000E+00
 7.00000E+00 0.00000E+00 0.00000E+00
 8.00000E+00 0.00000E+00 0.00000E+00
 9.00000E+00 0.00000E+00 0.00000E+00
 1.00000E+01 0.00000E+00 0.00000E+00
 1.10000E+01 0.00000E+00 0.00000E+00
 1.20000E+01 0.00000E+00 0.00000E+00
 1.30000E+01 0.00000E+00 0.00000E+00
 1.40000E+01 0.00000E+00 0.00000E+00
 1.50000E+01 0.00000E+00 0.00000E+00
 1.60000E+01 0.00000E+00 0.00000E+00
 1.70000E+01 0.00000E+00 0.00000E+00
 1.80000E+01 0.00000E+00 0.00000E+00
 1.90000E+01 0.00000E+00 0.00000E+00
 2.00000E+01 0.00000E+00 0.00000E+00
 2.10000E+01 0.00000E+00 0.00000E+00
 2.20000E+01 0.00000E+00 0.00000E+00
 2.30000E+01 0.00000E+00 0.00000E+00
 2.40000E+01 0.00000E+00 0.00000E+00
 2.50000E+01 0.00000E+00 0.00000E+00
 2.60000E+01 0.00000E+00 0.00000E+00
 2.70000E+01 0.00000E+00 0.00000E+00
 2.80000E+01 0.00000E+00 0.00000E+00
 2.90000E+01 1.07233E-03 4.14925E-01
 3.00000E+01 5.30147E-03 5.30003E-01
 3.10000E+01 1.59840E-02 4.90093E-01
 3.20000E+01 3.44515E-02 4.92327E-01
 3.30000E+01 8.02413E-02 5.46591E-01
 3.40000E+01 1.44206E-01 5.36076E-01
 3.50000E+01 2.20498E-01 5.37741E-01
 3.60000E+01 3.15596E-01 5.41453E-01
 3.70000E+01 4.65074E-01 5.64964E-01
 3.80000E+01 6.18069E-01 5.66814E-01
 3.90000E+01 7.78069E-01 5.74484E-01
 4.00000E+01 9.55764E-01 5.83044E-01
