# n +  96Zr: Production of  92Sr - Total
# Q-value    =-4.99640E+00 mass=  91.911038
# E-threshold= 5.04894E+00
# # energies =    40
#     E          xs
 1.00000E+00 0.00000E+00
 2.00000E+00 0.00000E+00
 3.00000E+00 0.00000E+00
 4.00000E+00 0.00000E+00
 5.00000E+00 0.00000E+00
 6.00000E+00 0.00000E+00
 7.00000E+00 0.00000E+00
 8.00000E+00 0.00000E+00
 9.00000E+00 0.00000E+00
 1.00000E+01 0.00000E+00
 1.10000E+01 0.00000E+00
 1.20000E+01 0.00000E+00
 1.30000E+01 0.00000E+00
 1.40000E+01 4.42013E-03
 1.50000E+01 2.72952E-02
 1.60000E+01 1.14923E-01
 1.70000E+01 3.50835E-01
 1.80000E+01 8.74156E-01
 1.90000E+01 1.81951E+00
 2.00000E+01 2.99443E+00
 2.10000E+01 4.46184E+00
 2.20000E+01 5.59281E+00
 2.30000E+01 6.34975E+00
 2.40000E+01 7.26155E+00
 2.50000E+01 7.89476E+00
 2.60000E+01 8.36734E+00
 2.70000E+01 8.51972E+00
 2.80000E+01 8.60207E+00
 2.90000E+01 8.48191E+00
 3.00000E+01 8.14529E+00
 3.10000E+01 7.72696E+00
 3.20000E+01 7.36661E+00
 3.30000E+01 7.00258E+00
 3.40000E+01 6.43138E+00
 3.50000E+01 6.01524E+00
 3.60000E+01 5.63658E+00
 3.70000E+01 5.21859E+00
 3.80000E+01 4.82236E+00
 3.90000E+01 4.46935E+00
 4.00000E+01 4.15685E+00
