# n +  91Zr: Production of  91Y  - Level  1     0.55558 MeV
# Q-value    =-1.31750E+00 mass=  90.907298
# E-threshold= 1.33212E+00
# # energies =    40
#     E          xs      Branching
 1.00000E+00 0.00000E+00 0.00000E+00
 2.00000E+00 0.00000E+00 0.00000E+00
 3.00000E+00 1.85962E-04 6.34689E-02
 4.00000E+00 1.34631E-02 2.52299E-01
 5.00000E+00 1.14393E-01 3.73540E-01
 6.00000E+00 3.97884E-01 4.30674E-01
 7.00000E+00 8.99859E-01 4.51490E-01
 8.00000E+00 1.61096E+00 4.68254E-01
 9.00000E+00 2.66831E+00 4.94237E-01
 1.00000E+01 4.23562E+00 5.27553E-01
 1.10000E+01 6.48377E+00 5.61210E-01
 1.20000E+01 9.42837E+00 5.91351E-01
 1.30000E+01 1.27625E+01 6.18567E-01
 1.40000E+01 1.59837E+01 6.40279E-01
 1.50000E+01 1.83473E+01 6.56771E-01
 1.60000E+01 1.98470E+01 6.68491E-01
 1.70000E+01 2.06516E+01 6.77784E-01
 1.80000E+01 2.12354E+01 6.79101E-01
 1.90000E+01 2.13692E+01 6.86639E-01
 2.00000E+01 2.20004E+01 6.96023E-01
 2.10000E+01 2.15133E+01 6.96749E-01
 2.20000E+01 2.22778E+01 7.05544E-01
 2.30000E+01 2.12906E+01 7.05751E-01
 2.40000E+01 2.14494E+01 7.08212E-01
 2.50000E+01 2.07012E+01 7.15193E-01
 2.60000E+01 1.99458E+01 7.14684E-01
 2.70000E+01 1.98057E+01 7.16186E-01
 2.80000E+01 1.86907E+01 7.20577E-01
 2.90000E+01 1.79685E+01 7.20871E-01
 3.00000E+01 1.76883E+01 7.21753E-01
 3.10000E+01 1.72579E+01 7.28336E-01
 3.20000E+01 1.60138E+01 7.23738E-01
 3.30000E+01 1.53688E+01 7.24877E-01
 3.40000E+01 1.49663E+01 7.24927E-01
 3.50000E+01 1.45642E+01 7.24449E-01
 3.60000E+01 1.34045E+01 7.26445E-01
 3.70000E+01 1.27743E+01 7.23714E-01
 3.80000E+01 1.21405E+01 7.23728E-01
 3.90000E+01 1.17095E+01 7.22587E-01
 4.00000E+01 1.13062E+01 7.21432E-01
