# n +  90Zr: Production of  90Y  - Level  2     0.68167 MeV
# Q-value    =-2.17779E+00 mass=  89.907145
# E-threshold= 2.20222E+00
# # energies =    40
#     E          xs      Branching
 1.00000E+00 0.00000E+00 0.00000E+00
 2.00000E+00 0.00000E+00 0.00000E+00
 3.00000E+00 0.00000E+00 0.00000E+00
 4.00000E+00 3.39105E-05 3.33039E-04
 5.00000E+00 8.19405E-03 9.08629E-03
 6.00000E+00 1.17949E-01 4.69377E-02
 7.00000E+00 4.66606E-01 1.09574E-01
 8.00000E+00 1.02025E+00 1.73289E-01
 9.00000E+00 1.73500E+00 2.26001E-01
 1.00000E+01 2.62905E+00 2.61955E-01
 1.10000E+01 3.77951E+00 2.85193E-01
 1.20000E+01 5.22777E+00 3.03046E-01
 1.30000E+01 6.90021E+00 3.18231E-01
 1.40000E+01 8.62988E+00 3.35932E-01
 1.50000E+01 1.01835E+01 3.53141E-01
 1.60000E+01 1.14661E+01 3.69228E-01
 1.70000E+01 1.24434E+01 3.83227E-01
 1.80000E+01 1.32136E+01 3.95818E-01
 1.90000E+01 1.40841E+01 4.06119E-01
 2.00000E+01 1.43265E+01 4.15424E-01
 2.10000E+01 1.48753E+01 4.23197E-01
 2.20000E+01 1.49599E+01 4.29757E-01
 2.30000E+01 1.55060E+01 4.38097E-01
 2.40000E+01 1.49762E+01 4.44186E-01
 2.50000E+01 1.50098E+01 4.49925E-01
 2.60000E+01 1.49149E+01 4.54256E-01
 2.70000E+01 1.42821E+01 4.57966E-01
 2.80000E+01 1.41865E+01 4.62508E-01
 2.90000E+01 1.39772E+01 4.65288E-01
 3.00000E+01 1.32095E+01 4.65860E-01
 3.10000E+01 1.29699E+01 4.71558E-01
 3.20000E+01 1.26678E+01 4.72892E-01
 3.30000E+01 1.23036E+01 4.73395E-01
 3.40000E+01 1.15119E+01 4.72931E-01
 3.50000E+01 1.12369E+01 4.73934E-01
 3.60000E+01 1.08575E+01 4.74115E-01
 3.70000E+01 1.04036E+01 4.72971E-01
 3.80000E+01 1.00250E+01 4.73043E-01
 3.90000E+01 9.28668E+00 4.71778E-01
 4.00000E+01 8.89913E+00 4.71260E-01
