# n +  90Zr: Production of  88Y  - Total
# Q-value    =-1.13520E+01 mass=  87.909501
# E-threshold= 1.14794E+01
# # energies =    40
#     E          xs
 1.00000E+00 0.00000E+00
 2.00000E+00 0.00000E+00
 3.00000E+00 0.00000E+00
 4.00000E+00 0.00000E+00
 5.00000E+00 0.00000E+00
 6.00000E+00 0.00000E+00
 7.00000E+00 0.00000E+00
 8.00000E+00 0.00000E+00
 9.00000E+00 0.00000E+00
 1.00000E+01 0.00000E+00
 1.10000E+01 0.00000E+00
 1.20000E+01 0.00000E+00
 1.30000E+01 0.00000E+00
 1.40000E+01 0.00000E+00
 1.50000E+01 0.00000E+00
 1.60000E+01 0.00000E+00
 1.70000E+01 1.40031E-02
 1.80000E+01 8.85504E-02
 1.90000E+01 2.80566E-01
 2.00000E+01 6.05526E-01
 2.10000E+01 1.05903E+00
 2.20000E+01 1.63884E+00
 2.30000E+01 2.59093E+00
 2.40000E+01 5.93094E+00
 2.50000E+01 1.39809E+01
 2.60000E+01 2.59889E+01
 2.70000E+01 4.05044E+01
 2.80000E+01 5.93831E+01
 2.90000E+01 7.99063E+01
 3.00000E+01 9.94696E+01
 3.10000E+01 1.20127E+02
 3.20000E+01 1.37216E+02
 3.30000E+01 1.54258E+02
 3.40000E+01 1.68134E+02
 3.50000E+01 1.78465E+02
 3.60000E+01 1.88216E+02
 3.70000E+01 1.93383E+02
 3.80000E+01 1.95119E+02
 3.90000E+01 1.94513E+02
 4.00000E+01 1.91088E+02
