# n +  91Zr: Production of  88Sr - Total
# Q-value    = 5.67246E+00 mass=  87.905612
# E-threshold= 0.00000E+00
# # energies =    40
#     E          xs
 1.00000E+00 1.27608E-02
 2.00000E+00 1.23025E-01
 3.00000E+00 1.92753E-01
 4.00000E+00 3.71691E-01
 5.00000E+00 5.32844E-01
 6.00000E+00 5.96865E-01
 7.00000E+00 6.80082E-01
 8.00000E+00 9.49245E-01
 9.00000E+00 1.63324E+00
 1.00000E+01 2.84385E+00
 1.10000E+01 4.60401E+00
 1.20000E+01 6.92499E+00
 1.30000E+01 9.87563E+00
 1.40000E+01 1.36886E+01
 1.50000E+01 1.75131E+01
 1.60000E+01 2.10199E+01
 1.70000E+01 2.20964E+01
 1.80000E+01 2.26403E+01
 1.90000E+01 2.22593E+01
 2.00000E+01 2.18923E+01
 2.10000E+01 2.02537E+01
 2.20000E+01 1.93270E+01
 2.30000E+01 1.80294E+01
 2.40000E+01 1.62949E+01
 2.50000E+01 1.52048E+01
 2.60000E+01 1.39121E+01
 2.70000E+01 1.24160E+01
 2.80000E+01 1.15549E+01
 2.90000E+01 1.07268E+01
 3.00000E+01 9.68055E+00
 3.10000E+01 9.17933E+00
 3.20000E+01 8.95690E+00
 3.30000E+01 8.88222E+00
 3.40000E+01 9.00525E+00
 3.50000E+01 9.11953E+00
 3.60000E+01 9.50930E+00
 3.70000E+01 9.97322E+00
 3.80000E+01 1.05604E+01
 3.90000E+01 1.12598E+01
 4.00000E+01 1.19681E+01
