# n +  90Zr: Production of  88Sr - Total
# Q-value    =-7.71080E+00 mass=  87.905612
# E-threshold= 7.79731E+00
# # energies =    40
#     E          xs
 1.00000E+00 0.00000E+00
 2.00000E+00 0.00000E+00
 3.00000E+00 0.00000E+00
 4.00000E+00 0.00000E+00
 5.00000E+00 0.00000E+00
 6.00000E+00 0.00000E+00
 7.00000E+00 0.00000E+00
 8.00000E+00 0.00000E+00
 9.00000E+00 0.00000E+00
 1.00000E+01 0.00000E+00
 1.10000E+01 0.00000E+00
 1.20000E+01 0.00000E+00
 1.30000E+01 0.00000E+00
 1.40000E+01 0.00000E+00
 1.50000E+01 0.00000E+00
 1.60000E+01 0.00000E+00
 1.70000E+01 0.00000E+00
 1.80000E+01 0.00000E+00
 1.90000E+01 0.00000E+00
 2.00000E+01 2.84013E-03
 2.10000E+01 1.30719E-02
 2.20000E+01 5.40926E-02
 2.30000E+01 1.78493E-01
 2.40000E+01 4.54155E-01
 2.50000E+01 8.95222E-01
 2.60000E+01 1.41118E+00
 2.70000E+01 1.95875E+00
 2.80000E+01 2.47631E+00
 2.90000E+01 2.87882E+00
 3.00000E+01 3.34827E+00
 3.10000E+01 3.72830E+00
 3.20000E+01 4.15986E+00
 3.30000E+01 4.41959E+00
 3.40000E+01 4.77747E+00
 3.50000E+01 5.02802E+00
 3.60000E+01 5.15509E+00
 3.70000E+01 5.39238E+00
 3.80000E+01 5.43442E+00
 3.90000E+01 5.54085E+00
 4.00000E+01 5.68876E+00
