# n +  96Zr: Production of  93Y  - Total
# Q-value    =-1.61615E+01 mass=  92.909578
# E-threshold= 1.63315E+01
# # energies =    40
#     E          xs
 1.00000E+00 0.00000E+00
 2.00000E+00 0.00000E+00
 3.00000E+00 0.00000E+00
 4.00000E+00 0.00000E+00
 5.00000E+00 0.00000E+00
 6.00000E+00 0.00000E+00
 7.00000E+00 0.00000E+00
 8.00000E+00 0.00000E+00
 9.00000E+00 0.00000E+00
 1.00000E+01 0.00000E+00
 1.10000E+01 0.00000E+00
 1.20000E+01 0.00000E+00
 1.30000E+01 0.00000E+00
 1.40000E+01 0.00000E+00
 1.50000E+01 0.00000E+00
 1.60000E+01 0.00000E+00
 1.70000E+01 0.00000E+00
 1.80000E+01 0.00000E+00
 1.90000E+01 0.00000E+00
 2.00000E+01 0.00000E+00
 2.10000E+01 2.62432E-03
 2.20000E+01 3.42476E-02
 2.30000E+01 1.58013E-01
 2.40000E+01 4.13790E-01
 2.50000E+01 8.47909E-01
 2.60000E+01 1.43404E+00
 2.70000E+01 2.09572E+00
 2.80000E+01 2.82267E+00
 2.90000E+01 3.65726E+00
 3.00000E+01 4.58002E+00
 3.10000E+01 5.73894E+00
 3.20000E+01 7.28439E+00
 3.30000E+01 9.17216E+00
 3.40000E+01 1.19593E+01
 3.50000E+01 1.52651E+01
 3.60000E+01 1.90713E+01
 3.70000E+01 2.37278E+01
 3.80000E+01 2.85141E+01
 3.90000E+01 3.34208E+01
 4.00000E+01 3.79637E+01
