# n +  96Zr: Production of  90Sr - Total
# Q-value    =-1.80583E+01 mass=  89.907731
# E-threshold= 1.82482E+01
# # energies =    40
#     E          xs
 1.00000E+00 0.00000E+00
 2.00000E+00 0.00000E+00
 3.00000E+00 0.00000E+00
 4.00000E+00 0.00000E+00
 5.00000E+00 0.00000E+00
 6.00000E+00 0.00000E+00
 7.00000E+00 0.00000E+00
 8.00000E+00 0.00000E+00
 9.00000E+00 0.00000E+00
 1.00000E+01 0.00000E+00
 1.10000E+01 0.00000E+00
 1.20000E+01 0.00000E+00
 1.30000E+01 0.00000E+00
 1.40000E+01 0.00000E+00
 1.50000E+01 0.00000E+00
 1.60000E+01 0.00000E+00
 1.70000E+01 0.00000E+00
 1.80000E+01 0.00000E+00
 1.90000E+01 0.00000E+00
 2.00000E+01 0.00000E+00
 2.10000E+01 0.00000E+00
 2.20000E+01 0.00000E+00
 2.30000E+01 0.00000E+00
 2.40000E+01 0.00000E+00
 2.50000E+01 0.00000E+00
 2.60000E+01 0.00000E+00
 2.70000E+01 0.00000E+00
 2.80000E+01 5.19070E-03
 2.90000E+01 2.57115E-02
 3.00000E+01 9.63668E-02
 3.10000E+01 2.66289E-01
 3.20000E+01 6.03816E-01
 3.30000E+01 1.16065E+00
 3.40000E+01 1.93588E+00
 3.50000E+01 2.93575E+00
 3.60000E+01 4.12971E+00
 3.70000E+01 5.45204E+00
 3.80000E+01 6.85182E+00
 3.90000E+01 8.20375E+00
 4.00000E+01 9.35325E+00
