# n +  91Zr: Production of  87Sr - Ground state
# Q-value    =-5.44041E+00 mass=  86.908877
# E-threshold= 5.50078E+00
# # energies =    40
#     E          xs      Branching
 1.00000E+00 0.00000E+00 0.00000E+00
 2.00000E+00 0.00000E+00 0.00000E+00
 3.00000E+00 0.00000E+00 0.00000E+00
 4.00000E+00 0.00000E+00 0.00000E+00
 5.00000E+00 0.00000E+00 0.00000E+00
 6.00000E+00 0.00000E+00 0.00000E+00
 7.00000E+00 0.00000E+00 0.00000E+00
 8.00000E+00 0.00000E+00 0.00000E+00
 9.00000E+00 0.00000E+00 0.00000E+00
 1.00000E+01 0.00000E+00 0.00000E+00
 1.10000E+01 0.00000E+00 0.00000E+00
 1.20000E+01 0.00000E+00 0.00000E+00
 1.30000E+01 6.39920E-03 9.39413E-01
 1.40000E+01 5.22110E-02 9.09877E-01
 1.50000E+01 2.08528E-01 8.97431E-01
 1.60000E+01 8.95179E-01 8.87454E-01
 1.70000E+01 2.43698E+00 8.59559E-01
 1.80000E+01 4.17975E+00 8.44807E-01
 1.90000E+01 7.08537E+00 8.27092E-01
 2.00000E+01 9.58064E+00 8.18086E-01
 2.10000E+01 1.30448E+01 8.19358E-01
 2.20000E+01 1.58013E+01 8.23460E-01
 2.30000E+01 1.85350E+01 8.19946E-01
 2.40000E+01 2.18055E+01 8.31845E-01
 2.50000E+01 2.41129E+01 8.34809E-01
 2.60000E+01 2.63804E+01 8.40507E-01
 2.70000E+01 2.86003E+01 8.50998E-01
 2.80000E+01 2.96812E+01 8.56439E-01
 2.90000E+01 3.02680E+01 8.61301E-01
 3.00000E+01 3.05802E+01 8.68434E-01
 3.10000E+01 3.03428E+01 8.74312E-01
 3.20000E+01 2.92567E+01 8.77221E-01
 3.30000E+01 2.82270E+01 8.79809E-01
 3.40000E+01 2.72346E+01 8.84268E-01
 3.50000E+01 2.58111E+01 8.88590E-01
 3.60000E+01 2.44064E+01 8.90971E-01
 3.70000E+01 2.32082E+01 8.94039E-01
 3.80000E+01 2.18885E+01 8.95885E-01
 3.90000E+01 2.01937E+01 8.96741E-01
 4.00000E+01 1.90379E+01 8.99344E-01
