# n +  90Zr: Production of  87Y  - Ground state
# Q-value    =-2.07040E+01 mass=  86.910876
# E-threshold= 2.09362E+01
# # energies =    40
#     E          xs      Branching
 1.00000E+00 0.00000E+00 0.00000E+00
 2.00000E+00 0.00000E+00 0.00000E+00
 3.00000E+00 0.00000E+00 0.00000E+00
 4.00000E+00 0.00000E+00 0.00000E+00
 5.00000E+00 0.00000E+00 0.00000E+00
 6.00000E+00 0.00000E+00 0.00000E+00
 7.00000E+00 0.00000E+00 0.00000E+00
 8.00000E+00 0.00000E+00 0.00000E+00
 9.00000E+00 0.00000E+00 0.00000E+00
 1.00000E+01 0.00000E+00 0.00000E+00
 1.10000E+01 0.00000E+00 0.00000E+00
 1.20000E+01 0.00000E+00 0.00000E+00
 1.30000E+01 0.00000E+00 0.00000E+00
 1.40000E+01 0.00000E+00 0.00000E+00
 1.50000E+01 0.00000E+00 0.00000E+00
 1.60000E+01 0.00000E+00 0.00000E+00
 1.70000E+01 0.00000E+00 0.00000E+00
 1.80000E+01 0.00000E+00 0.00000E+00
 1.90000E+01 0.00000E+00 0.00000E+00
 2.00000E+01 0.00000E+00 0.00000E+00
 2.10000E+01 0.00000E+00 0.00000E+00
 2.20000E+01 0.00000E+00 0.00000E+00
 2.30000E+01 0.00000E+00 0.00000E+00
 2.40000E+01 0.00000E+00 0.00000E+00
 2.50000E+01 0.00000E+00 0.00000E+00
 2.60000E+01 4.73056E-03 4.01602E-01
 2.70000E+01 2.96593E-02 4.21393E-01
 2.80000E+01 7.36179E-02 2.89563E-01
 2.90000E+01 1.79640E-01 3.09585E-01
 3.00000E+01 3.18424E-01 3.01668E-01
 3.10000E+01 4.67466E-01 2.80695E-01
 3.20000E+01 6.63909E-01 2.81307E-01
 3.30000E+01 9.28222E-01 2.79234E-01
 3.40000E+01 1.58183E+00 2.83640E-01
 3.50000E+01 3.29056E+00 3.16612E-01
 3.60000E+01 5.62425E+00 2.89895E-01
 3.70000E+01 9.05613E+00 2.83915E-01
 3.80000E+01 1.36289E+01 2.85210E-01
 3.90000E+01 1.78534E+01 2.60863E-01
 4.00000E+01 2.23353E+01 2.48393E-01
