# n +  94Zr: Production of  91Sr - Total
# Q-value    = 2.02902E+00 mass=  90.910196
# E-threshold= 0.00000E+00
# # energies =    40
#     E          xs
 1.00000E+00 1.00000E-07
 2.00000E+00 1.00000E-07
 3.00000E+00 1.00000E-07
 4.00000E+00 1.00000E-07
 5.00000E+00 1.90983E-03
 6.00000E+00 9.63269E-03
 7.00000E+00 2.96422E-02
 8.00000E+00 5.83479E-02
 9.00000E+00 8.81135E-02
 1.00000E+01 1.49970E-01
 1.10000E+01 2.90457E-01
 1.20000E+01 6.05867E-01
 1.30000E+01 1.13004E+00
 1.40000E+01 1.85645E+00
 1.50000E+01 2.72263E+00
 1.60000E+01 3.62830E+00
 1.70000E+01 4.59610E+00
 1.80000E+01 5.31699E+00
 1.90000E+01 5.72770E+00
 2.00000E+01 5.71170E+00
 2.10000E+01 5.23416E+00
 2.20000E+01 4.85371E+00
 2.30000E+01 4.44819E+00
 2.40000E+01 4.10736E+00
 2.50000E+01 3.77424E+00
 2.60000E+01 3.45135E+00
 2.70000E+01 3.16300E+00
 2.80000E+01 2.87029E+00
 2.90000E+01 2.62610E+00
 3.00000E+01 2.39882E+00
 3.10000E+01 2.20888E+00
 3.20000E+01 2.06920E+00
 3.30000E+01 2.03916E+00
 3.40000E+01 2.02303E+00
 3.50000E+01 2.10074E+00
 3.60000E+01 2.18810E+00
 3.70000E+01 2.30899E+00
 3.80000E+01 2.48037E+00
 3.90000E+01 2.63366E+00
 4.00000E+01 2.77470E+00
