# n +  90Zr: Production of  86Sr - Total
# Q-value    =-6.67436E+00 mass=  85.909261
# E-threshold= 6.74924E+00
# # energies =    40
#     E          xs
 1.00000E+00 0.00000E+00
 2.00000E+00 0.00000E+00
 3.00000E+00 0.00000E+00
 4.00000E+00 0.00000E+00
 5.00000E+00 0.00000E+00
 6.00000E+00 0.00000E+00
 7.00000E+00 0.00000E+00
 8.00000E+00 0.00000E+00
 9.00000E+00 0.00000E+00
 1.00000E+01 0.00000E+00
 1.10000E+01 0.00000E+00
 1.20000E+01 0.00000E+00
 1.30000E+01 0.00000E+00
 1.40000E+01 0.00000E+00
 1.50000E+01 6.67126E-03
 1.60000E+01 3.40965E-02
 1.70000E+01 1.52982E-01
 1.80000E+01 5.02511E-01
 1.90000E+01 1.22314E+00
 2.00000E+01 2.59957E+00
 2.10000E+01 4.30724E+00
 2.20000E+01 6.55536E+00
 2.30000E+01 8.85366E+00
 2.40000E+01 1.15422E+01
 2.50000E+01 1.41782E+01
 2.60000E+01 1.67402E+01
 2.70000E+01 1.94261E+01
 2.80000E+01 2.17723E+01
 2.90000E+01 2.39791E+01
 3.00000E+01 2.58521E+01
 3.10000E+01 2.71524E+01
 3.20000E+01 2.74958E+01
 3.30000E+01 2.78533E+01
 3.40000E+01 2.75668E+01
 3.50000E+01 2.68701E+01
 3.60000E+01 2.61802E+01
 3.70000E+01 2.51032E+01
 3.80000E+01 2.40907E+01
 3.90000E+01 2.31233E+01
 4.00000E+01 2.21466E+01
