# n +  91Zr: Production of  86Rb - Ground state
# Q-value    =-1.26379E+01 mass=  85.911167
# E-threshold= 1.27781E+01
# # energies =    40
#     E          xs      Branching
 1.00000E+00 0.00000E+00 0.00000E+00
 2.00000E+00 0.00000E+00 0.00000E+00
 3.00000E+00 0.00000E+00 0.00000E+00
 4.00000E+00 0.00000E+00 0.00000E+00
 5.00000E+00 0.00000E+00 0.00000E+00
 6.00000E+00 0.00000E+00 0.00000E+00
 7.00000E+00 0.00000E+00 0.00000E+00
 8.00000E+00 0.00000E+00 0.00000E+00
 9.00000E+00 0.00000E+00 0.00000E+00
 1.00000E+01 0.00000E+00 0.00000E+00
 1.10000E+01 0.00000E+00 0.00000E+00
 1.20000E+01 0.00000E+00 0.00000E+00
 1.30000E+01 0.00000E+00 0.00000E+00
 1.40000E+01 0.00000E+00 0.00000E+00
 1.50000E+01 0.00000E+00 0.00000E+00
 1.60000E+01 0.00000E+00 0.00000E+00
 1.70000E+01 0.00000E+00 0.00000E+00
 1.80000E+01 0.00000E+00 0.00000E+00
 1.90000E+01 0.00000E+00 0.00000E+00
 2.00000E+01 0.00000E+00 0.00000E+00
 2.10000E+01 0.00000E+00 0.00000E+00
 2.20000E+01 0.00000E+00 0.00000E+00
 2.30000E+01 0.00000E+00 0.00000E+00
 2.40000E+01 0.00000E+00 0.00000E+00
 2.50000E+01 0.00000E+00 0.00000E+00
 2.60000E+01 0.00000E+00 0.00000E+00
 2.70000E+01 0.00000E+00 0.00000E+00
 2.80000E+01 0.00000E+00 0.00000E+00
 2.90000E+01 1.51207E-03 5.85075E-01
 3.00000E+01 4.70124E-03 4.69997E-01
 3.10000E+01 1.66302E-02 5.09907E-01
 3.20000E+01 3.55253E-02 5.07673E-01
 3.30000E+01 6.65620E-02 4.53409E-01
 3.40000E+01 1.24797E-01 4.63924E-01
 3.50000E+01 1.89547E-01 4.62259E-01
 3.60000E+01 2.67273E-01 4.58547E-01
 3.70000E+01 3.58119E-01 4.35036E-01
 3.80000E+01 4.72357E-01 4.33186E-01
 3.90000E+01 5.76311E-01 4.25516E-01
 4.00000E+01 6.83502E-01 4.16956E-01
