# n +  92Zr: Production of  89Y  - Total
# Q-value    =-1.57005E+01 mass=  88.905841
# E-threshold= 1.58728E+01
# # energies =    40
#     E          xs
 1.00000E+00 0.00000E+00
 2.00000E+00 0.00000E+00
 3.00000E+00 0.00000E+00
 4.00000E+00 0.00000E+00
 5.00000E+00 0.00000E+00
 6.00000E+00 0.00000E+00
 7.00000E+00 0.00000E+00
 8.00000E+00 0.00000E+00
 9.00000E+00 0.00000E+00
 1.00000E+01 0.00000E+00
 1.10000E+01 0.00000E+00
 1.20000E+01 0.00000E+00
 1.30000E+01 0.00000E+00
 1.40000E+01 0.00000E+00
 1.50000E+01 0.00000E+00
 1.60000E+01 0.00000E+00
 1.70000E+01 0.00000E+00
 1.80000E+01 0.00000E+00
 1.90000E+01 0.00000E+00
 2.00000E+01 0.00000E+00
 2.10000E+01 2.07682E-02
 2.20000E+01 1.27238E-01
 2.30000E+01 3.58171E-01
 2.40000E+01 8.65056E-01
 2.50000E+01 1.59040E+00
 2.60000E+01 2.44730E+00
 2.70000E+01 3.34319E+00
 2.80000E+01 4.71973E+00
 2.90000E+01 7.19336E+00
 3.00000E+01 1.14040E+01
 3.10000E+01 1.74476E+01
 3.20000E+01 2.45134E+01
 3.30000E+01 3.53044E+01
 3.40000E+01 4.69916E+01
 3.50000E+01 5.97057E+01
 3.60000E+01 7.55969E+01
 3.70000E+01 8.96104E+01
 3.80000E+01 1.02986E+02
 3.90000E+01 1.16667E+02
 4.00000E+01 1.28616E+02
