# n +  96Zr: Production of  96Y  - Ground state
# Q-value    =-6.32060E+00 mass=  95.915903
# E-threshold= 6.38707E+00
# # energies =    40
#     E          xs      Branching
 1.00000E+00 0.00000E+00 0.00000E+00
 2.00000E+00 0.00000E+00 0.00000E+00
 3.00000E+00 0.00000E+00 0.00000E+00
 4.00000E+00 0.00000E+00 0.00000E+00
 5.00000E+00 0.00000E+00 0.00000E+00
 6.00000E+00 0.00000E+00 0.00000E+00
 7.00000E+00 0.00000E+00 0.00000E+00
 8.00000E+00 0.00000E+00 0.00000E+00
 9.00000E+00 0.00000E+00 0.00000E+00
 1.00000E+01 0.00000E+00 0.00000E+00
 1.10000E+01 7.71062E-03 8.64334E-01
 1.20000E+01 6.58547E-02 8.59907E-01
 1.30000E+01 3.01790E-01 8.64537E-01
 1.40000E+01 9.35355E-01 8.68513E-01
 1.50000E+01 2.04487E+00 8.63698E-01
 1.60000E+01 3.58560E+00 8.51046E-01
 1.70000E+01 5.40577E+00 8.33470E-01
 1.80000E+01 7.18947E+00 8.12429E-01
 1.90000E+01 8.77781E+00 7.93976E-01
 2.00000E+01 9.99693E+00 7.78602E-01
 2.10000E+01 1.07845E+01 7.64968E-01
 2.20000E+01 1.15611E+01 7.52657E-01
 2.30000E+01 1.19380E+01 7.42049E-01
 2.40000E+01 1.21437E+01 7.33657E-01
 2.50000E+01 1.20948E+01 7.24584E-01
 2.60000E+01 1.20588E+01 7.17169E-01
 2.70000E+01 1.17577E+01 7.10174E-01
 2.80000E+01 1.22128E+01 7.17104E-01
 2.90000E+01 1.20172E+01 7.12927E-01
 3.00000E+01 1.14945E+01 7.11331E-01
 3.10000E+01 1.12395E+01 7.08209E-01
 3.20000E+01 1.09813E+01 7.06898E-01
 3.30000E+01 1.03281E+01 7.05409E-01
 3.40000E+01 9.98945E+00 7.05014E-01
 3.50000E+01 9.69892E+00 7.03204E-01
 3.60000E+01 9.37422E+00 7.05943E-01
 3.70000E+01 8.86197E+00 7.08012E-01
 3.80000E+01 8.38312E+00 7.06696E-01
 3.90000E+01 8.05437E+00 7.05971E-01
 4.00000E+01 7.74595E+00 7.05623E-01
