# n +  90Zr: Production of  90Y  - Ground state
# Q-value    =-1.49612E+00 mass=  89.907145
# E-threshold= 1.51290E+00
# # energies =    40
#     E          xs      Branching
 1.00000E+00 0.00000E+00 0.00000E+00
 2.00000E+00 0.00000E+00 0.00000E+00
 3.00000E+00 0.00000E+00 0.00000E+00
 4.00000E+00 1.01788E-01 9.99667E-01
 5.00000E+00 8.93609E-01 9.90914E-01
 6.00000E+00 2.39493E+00 9.53062E-01
 7.00000E+00 3.79176E+00 8.90426E-01
 8.00000E+00 4.86728E+00 8.26711E-01
 9.00000E+00 5.94194E+00 7.73999E-01
 1.00000E+01 7.40724E+00 7.38045E-01
 1.10000E+01 9.47294E+00 7.14807E-01
 1.20000E+01 1.20230E+01 6.96954E-01
 1.30000E+01 1.47828E+01 6.81769E-01
 1.40000E+01 1.70595E+01 6.64068E-01
 1.50000E+01 1.86534E+01 6.46859E-01
 1.60000E+01 1.95882E+01 6.30772E-01
 1.70000E+01 2.00267E+01 6.16772E-01
 1.80000E+01 2.01693E+01 6.04182E-01
 1.90000E+01 2.05957E+01 5.93881E-01
 2.00000E+01 2.01599E+01 5.84576E-01
 2.10000E+01 2.02746E+01 5.76803E-01
 2.20000E+01 1.98502E+01 5.70243E-01
 2.30000E+01 1.98880E+01 5.61903E-01
 2.40000E+01 1.87399E+01 5.55814E-01
 2.50000E+01 1.83509E+01 5.50075E-01
 2.60000E+01 1.79187E+01 5.45744E-01
 2.70000E+01 1.69039E+01 5.42034E-01
 2.80000E+01 1.64866E+01 5.37492E-01
 2.90000E+01 1.60627E+01 5.34712E-01
 3.00000E+01 1.51456E+01 5.34140E-01
 3.10000E+01 1.45345E+01 5.28442E-01
 3.20000E+01 1.41201E+01 5.27108E-01
 3.30000E+01 1.36866E+01 5.26605E-01
 3.40000E+01 1.28296E+01 5.27069E-01
 3.50000E+01 1.24729E+01 5.26066E-01
 3.60000E+01 1.20430E+01 5.25885E-01
 3.70000E+01 1.15927E+01 5.27029E-01
 3.80000E+01 1.11676E+01 5.26957E-01
 3.90000E+01 1.03978E+01 5.28222E-01
 4.00000E+01 9.98455E+00 5.28740E-01
