# n +  96Zr: Production of  96Y  - Level  5     1.14000 MeV
# Q-value    =-7.46060E+00 mass=  95.915903
# E-threshold= 7.53906E+00
# # energies =    40
#     E          xs      Branching
 1.00000E+00 0.00000E+00 0.00000E+00
 2.00000E+00 0.00000E+00 0.00000E+00
 3.00000E+00 0.00000E+00 0.00000E+00
 4.00000E+00 0.00000E+00 0.00000E+00
 5.00000E+00 0.00000E+00 0.00000E+00
 6.00000E+00 0.00000E+00 0.00000E+00
 7.00000E+00 0.00000E+00 0.00000E+00
 8.00000E+00 0.00000E+00 0.00000E+00
 9.00000E+00 0.00000E+00 0.00000E+00
 1.00000E+01 0.00000E+00 0.00000E+00
 1.10000E+01 1.21026E-03 1.35666E-01
 1.20000E+01 1.07288E-02 1.40093E-01
 1.30000E+01 4.72870E-02 1.35463E-01
 1.40000E+01 1.41607E-01 1.31487E-01
 1.50000E+01 3.22704E-01 1.36302E-01
 1.60000E+01 6.27567E-01 1.48954E-01
 1.70000E+01 1.08009E+00 1.66530E-01
 1.80000E+01 1.65988E+00 1.87571E-01
 1.90000E+01 2.27770E+00 2.06024E-01
 2.00000E+01 2.84266E+00 2.21398E-01
 2.10000E+01 3.31349E+00 2.35032E-01
 2.20000E+01 3.79929E+00 2.47343E-01
 2.30000E+01 4.14991E+00 2.57951E-01
 2.40000E+01 4.40858E+00 2.66343E-01
 2.50000E+01 4.59728E+00 2.75416E-01
 2.60000E+01 4.75566E+00 2.82831E-01
 2.70000E+01 4.79838E+00 2.89826E-01
 2.80000E+01 4.81794E+00 2.82896E-01
 2.90000E+01 4.83895E+00 2.87073E-01
 3.00000E+01 4.66465E+00 2.88669E-01
 3.10000E+01 4.63084E+00 2.91791E-01
 3.20000E+01 4.55318E+00 2.93102E-01
 3.30000E+01 4.31318E+00 2.94591E-01
 3.40000E+01 4.17970E+00 2.94986E-01
 3.50000E+01 4.09354E+00 2.96796E-01
 3.60000E+01 3.90479E+00 2.94057E-01
 3.70000E+01 3.65474E+00 2.91989E-01
 3.80000E+01 3.47929E+00 2.93304E-01
 3.90000E+01 3.35456E+00 2.94029E-01
 4.00000E+01 3.23151E+00 2.94377E-01
