# n +  92Zr: Production of  89Y  - Ground state
# Q-value    =-1.57005E+01 mass=  88.905841
# E-threshold= 1.58728E+01
# # energies =    40
#     E          xs      Branching
 1.00000E+00 0.00000E+00 0.00000E+00
 2.00000E+00 0.00000E+00 0.00000E+00
 3.00000E+00 0.00000E+00 0.00000E+00
 4.00000E+00 0.00000E+00 0.00000E+00
 5.00000E+00 0.00000E+00 0.00000E+00
 6.00000E+00 0.00000E+00 0.00000E+00
 7.00000E+00 0.00000E+00 0.00000E+00
 8.00000E+00 0.00000E+00 0.00000E+00
 9.00000E+00 0.00000E+00 0.00000E+00
 1.00000E+01 0.00000E+00 0.00000E+00
 1.10000E+01 0.00000E+00 0.00000E+00
 1.20000E+01 0.00000E+00 0.00000E+00
 1.30000E+01 0.00000E+00 0.00000E+00
 1.40000E+01 0.00000E+00 0.00000E+00
 1.50000E+01 0.00000E+00 0.00000E+00
 1.60000E+01 0.00000E+00 0.00000E+00
 1.70000E+01 0.00000E+00 0.00000E+00
 1.80000E+01 0.00000E+00 0.00000E+00
 1.90000E+01 0.00000E+00 0.00000E+00
 2.00000E+01 0.00000E+00 0.00000E+00
 2.10000E+01 1.67286E-02 8.05491E-01
 2.20000E+01 7.92177E-02 6.22597E-01
 2.30000E+01 1.94545E-01 5.43163E-01
 2.40000E+01 3.77950E-01 4.36908E-01
 2.50000E+01 5.87765E-01 3.69571E-01
 2.60000E+01 7.96688E-01 3.25538E-01
 2.70000E+01 1.06209E+00 3.17686E-01
 2.80000E+01 1.53738E+00 3.25734E-01
 2.90000E+01 2.96084E+00 4.11608E-01
 3.00000E+01 5.13013E+00 4.49854E-01
 3.10000E+01 7.85735E+00 4.50340E-01
 3.20000E+01 1.06889E+01 4.36045E-01
 3.30000E+01 1.29942E+01 3.68061E-01
 3.40000E+01 1.59112E+01 3.38596E-01
 3.50000E+01 1.86872E+01 3.12989E-01
 3.60000E+01 2.05090E+01 2.71294E-01
 3.70000E+01 2.29090E+01 2.55651E-01
 3.80000E+01 2.51598E+01 2.44304E-01
 3.90000E+01 2.70205E+01 2.31603E-01
 4.00000E+01 2.79444E+01 2.17270E-01
