# n +  91Zr: Production of  87Sr - Level  1     0.38853 MeV
# Q-value    =-5.82894E+00 mass=  86.908877
# E-threshold= 5.89362E+00
# # energies =    40
#     E          xs      Branching
 1.00000E+00 0.00000E+00 0.00000E+00
 2.00000E+00 0.00000E+00 0.00000E+00
 3.00000E+00 0.00000E+00 0.00000E+00
 4.00000E+00 0.00000E+00 0.00000E+00
 5.00000E+00 0.00000E+00 0.00000E+00
 6.00000E+00 0.00000E+00 0.00000E+00
 7.00000E+00 0.00000E+00 0.00000E+00
 8.00000E+00 0.00000E+00 0.00000E+00
 9.00000E+00 0.00000E+00 0.00000E+00
 1.00000E+01 0.00000E+00 0.00000E+00
 1.10000E+01 0.00000E+00 0.00000E+00
 1.20000E+01 0.00000E+00 0.00000E+00
 1.30000E+01 4.12712E-04 6.05868E-02
 1.40000E+01 5.17151E-03 9.01234E-02
 1.50000E+01 2.38330E-02 1.02569E-01
 1.60000E+01 1.13526E-01 1.12546E-01
 1.70000E+01 3.98171E-01 1.40441E-01
 1.80000E+01 7.67831E-01 1.55193E-01
 1.90000E+01 1.48124E+00 1.72908E-01
 2.00000E+01 2.13041E+00 1.81914E-01
 2.10000E+01 2.87596E+00 1.80642E-01
 2.20000E+01 3.38761E+00 1.76540E-01
 2.30000E+01 4.07015E+00 1.80054E-01
 2.40000E+01 4.40792E+00 1.68155E-01
 2.50000E+01 4.77143E+00 1.65191E-01
 2.60000E+01 5.00590E+00 1.59493E-01
 2.70000E+01 5.00764E+00 1.49002E-01
 2.80000E+01 4.97533E+00 1.43561E-01
 2.90000E+01 4.87417E+00 1.38699E-01
 3.00000E+01 4.63285E+00 1.31566E-01
 3.10000E+01 4.36198E+00 1.25688E-01
 3.20000E+01 4.09488E+00 1.22779E-01
 3.30000E+01 3.85608E+00 1.20191E-01
 3.40000E+01 3.56443E+00 1.15732E-01
 3.50000E+01 3.23615E+00 1.11410E-01
 3.60000E+01 2.98665E+00 1.09029E-01
 3.70000E+01 2.75063E+00 1.05961E-01
 3.80000E+01 2.54376E+00 1.04115E-01
 3.90000E+01 2.32527E+00 1.03259E-01
 4.00000E+01 2.13075E+00 1.00656E-01
