# n +  91Zr: Production of  89Sr - Total
# Q-value    =-8.54643E+00 mass=  88.907451
# E-threshold= 8.64126E+00
# # energies =    40
#     E          xs
 1.00000E+00 0.00000E+00
 2.00000E+00 0.00000E+00
 3.00000E+00 0.00000E+00
 4.00000E+00 0.00000E+00
 5.00000E+00 0.00000E+00
 6.00000E+00 0.00000E+00
 7.00000E+00 0.00000E+00
 8.00000E+00 0.00000E+00
 9.00000E+00 0.00000E+00
 1.00000E+01 0.00000E+00
 1.10000E+01 0.00000E+00
 1.20000E+01 0.00000E+00
 1.30000E+01 0.00000E+00
 1.40000E+01 0.00000E+00
 1.50000E+01 0.00000E+00
 1.60000E+01 0.00000E+00
 1.70000E+01 0.00000E+00
 1.80000E+01 0.00000E+00
 1.90000E+01 0.00000E+00
 2.00000E+01 5.31932E-03
 2.10000E+01 2.10223E-02
 2.20000E+01 6.14841E-02
 2.30000E+01 1.34978E-01
 2.40000E+01 2.64770E-01
 2.50000E+01 4.53349E-01
 2.60000E+01 7.01338E-01
 2.70000E+01 9.26775E-01
 2.80000E+01 1.25654E+00
 2.90000E+01 1.60741E+00
 3.00000E+01 1.96879E+00
 3.10000E+01 2.39648E+00
 3.20000E+01 2.74707E+00
 3.30000E+01 3.07939E+00
 3.40000E+01 3.38846E+00
 3.50000E+01 3.67080E+00
 3.60000E+01 3.95928E+00
 3.70000E+01 4.17175E+00
 3.80000E+01 4.38727E+00
 3.90000E+01 4.57565E+00
 4.00000E+01 4.64202E+00
