# n +  92Zr: Production of  88Rb - Total
# Q-value    =-7.49259E+00 mass=  87.911316
# E-threshold= 7.57482E+00
# # energies =    40
#     E          xs
 1.00000E+00 0.00000E+00
 2.00000E+00 0.00000E+00
 3.00000E+00 0.00000E+00
 4.00000E+00 0.00000E+00
 5.00000E+00 0.00000E+00
 6.00000E+00 0.00000E+00
 7.00000E+00 0.00000E+00
 8.00000E+00 0.00000E+00
 9.00000E+00 0.00000E+00
 1.00000E+01 0.00000E+00
 1.10000E+01 0.00000E+00
 1.20000E+01 0.00000E+00
 1.30000E+01 0.00000E+00
 1.40000E+01 0.00000E+00
 1.50000E+01 0.00000E+00
 1.60000E+01 0.00000E+00
 1.70000E+01 0.00000E+00
 1.80000E+01 0.00000E+00
 1.90000E+01 0.00000E+00
 2.00000E+01 0.00000E+00
 2.10000E+01 0.00000E+00
 2.20000E+01 0.00000E+00
 2.30000E+01 0.00000E+00
 2.40000E+01 1.17466E-03
 2.50000E+01 2.07615E-03
 2.60000E+01 3.34211E-03
 2.70000E+01 4.99998E-03
 2.80000E+01 7.06810E-03
 2.90000E+01 9.49217E-03
 3.00000E+01 1.21308E-02
 3.10000E+01 1.47504E-02
 3.20000E+01 1.70523E-02
 3.30000E+01 1.86212E-02
 3.40000E+01 1.98563E-02
 3.50000E+01 2.07049E-02
 3.60000E+01 2.11421E-02
 3.70000E+01 2.09278E-02
 3.80000E+01 2.07008E-02
 3.90000E+01 2.04791E-02
 4.00000E+01 2.01116E-02
