# n +  96Zr: Production of  93Sr - Total
# Q-value    = 2.93403E-01 mass=  92.914024
# E-threshold= 0.00000E+00
# # energies =    40
#     E          xs
 1.00000E+00 1.00000E-07
 2.00000E+00 1.00000E-07
 3.00000E+00 1.00000E-07
 4.00000E+00 1.00000E-07
 5.00000E+00 1.00000E-07
 6.00000E+00 1.00000E-07
 7.00000E+00 1.00000E-07
 8.00000E+00 1.00000E-07
 9.00000E+00 2.86465E-03
 1.00000E+01 6.62860E-03
 1.10000E+01 1.64639E-02
 1.20000E+01 5.05126E-02
 1.30000E+01 1.46152E-01
 1.40000E+01 3.37481E-01
 1.50000E+01 6.49068E-01
 1.60000E+01 1.03912E+00
 1.70000E+01 1.52936E+00
 1.80000E+01 2.07260E+00
 1.90000E+01 2.66159E+00
 2.00000E+01 2.98128E+00
 2.10000E+01 3.17352E+00
 2.20000E+01 3.05476E+00
 2.30000E+01 2.73049E+00
 2.40000E+01 2.49389E+00
 2.50000E+01 2.30596E+00
 2.60000E+01 2.10240E+00
 2.70000E+01 1.93227E+00
 2.80000E+01 1.79541E+00
 2.90000E+01 1.62848E+00
 3.00000E+01 1.46676E+00
 3.10000E+01 1.33677E+00
 3.20000E+01 1.23614E+00
 3.30000E+01 1.14613E+00
 3.40000E+01 1.09432E+00
 3.50000E+01 1.08266E+00
 3.60000E+01 1.12042E+00
 3.70000E+01 1.18598E+00
 3.80000E+01 1.26226E+00
 3.90000E+01 1.36512E+00
 4.00000E+01 1.46429E+00
