# n +  91Zr: Production of  87Sr - Total
# Q-value    =-5.44041E+00 mass=  86.908877
# E-threshold= 5.50078E+00
# # energies =    40
#     E          xs
 1.00000E+00 0.00000E+00
 2.00000E+00 0.00000E+00
 3.00000E+00 0.00000E+00
 4.00000E+00 0.00000E+00
 5.00000E+00 0.00000E+00
 6.00000E+00 0.00000E+00
 7.00000E+00 0.00000E+00
 8.00000E+00 0.00000E+00
 9.00000E+00 0.00000E+00
 1.00000E+01 0.00000E+00
 1.10000E+01 0.00000E+00
 1.20000E+01 0.00000E+00
 1.30000E+01 6.81191E-03
 1.40000E+01 5.73826E-02
 1.50000E+01 2.32361E-01
 1.60000E+01 1.00871E+00
 1.70000E+01 2.83515E+00
 1.80000E+01 4.94758E+00
 1.90000E+01 8.56661E+00
 2.00000E+01 1.17110E+01
 2.10000E+01 1.59207E+01
 2.20000E+01 1.91889E+01
 2.30000E+01 2.26052E+01
 2.40000E+01 2.62134E+01
 2.50000E+01 2.88843E+01
 2.60000E+01 3.13863E+01
 2.70000E+01 3.36079E+01
 2.80000E+01 3.46565E+01
 2.90000E+01 3.51422E+01
 3.00000E+01 3.52131E+01
 3.10000E+01 3.47048E+01
 3.20000E+01 3.33515E+01
 3.30000E+01 3.20831E+01
 3.40000E+01 3.07990E+01
 3.50000E+01 2.90473E+01
 3.60000E+01 2.73931E+01
 3.70000E+01 2.59589E+01
 3.80000E+01 2.44323E+01
 3.90000E+01 2.25189E+01
 4.00000E+01 2.11687E+01
