# n +  91Zr: Production of  91Y  - Total
# Q-value    =-7.61918E-01 mass=  90.907298
# E-threshold= 7.70372E-01
# # energies =    40
#     E          xs
 1.00000E+00 0.00000E+00
 2.00000E+00 0.00000E+00
 3.00000E+00 2.92997E-03
 4.00000E+00 5.33615E-02
 5.00000E+00 3.06242E-01
 6.00000E+00 9.23862E-01
 7.00000E+00 1.99309E+00
 8.00000E+00 3.44035E+00
 9.00000E+00 5.39885E+00
 1.00000E+01 8.02880E+00
 1.10000E+01 1.15532E+01
 1.20000E+01 1.59438E+01
 1.30000E+01 2.06324E+01
 1.40000E+01 2.49637E+01
 1.50000E+01 2.79356E+01
 1.60000E+01 2.96893E+01
 1.70000E+01 3.04692E+01
 1.80000E+01 3.12700E+01
 1.90000E+01 3.11215E+01
 2.00000E+01 3.16088E+01
 2.10000E+01 3.08767E+01
 2.20000E+01 3.15754E+01
 2.30000E+01 3.01673E+01
 2.40000E+01 3.02867E+01
 2.50000E+01 2.89450E+01
 2.60000E+01 2.79085E+01
 2.70000E+01 2.76544E+01
 2.80000E+01 2.59385E+01
 2.90000E+01 2.49261E+01
 3.00000E+01 2.45074E+01
 3.10000E+01 2.36950E+01
 3.20000E+01 2.21266E+01
 3.30000E+01 2.12019E+01
 3.40000E+01 2.06452E+01
 3.50000E+01 2.01038E+01
 3.60000E+01 1.84522E+01
 3.70000E+01 1.76511E+01
 3.80000E+01 1.67749E+01
 3.90000E+01 1.62050E+01
 4.00000E+01 1.56719E+01
