# n +  92Zr: Production of  87Rb - Total
# Q-value    =-1.13505E+01 mass=  86.909181
# E-threshold= 1.14751E+01
# # energies =    40
#     E          xs
 1.00000E+00 0.00000E+00
 2.00000E+00 0.00000E+00
 3.00000E+00 0.00000E+00
 4.00000E+00 0.00000E+00
 5.00000E+00 0.00000E+00
 6.00000E+00 0.00000E+00
 7.00000E+00 0.00000E+00
 8.00000E+00 0.00000E+00
 9.00000E+00 0.00000E+00
 1.00000E+01 0.00000E+00
 1.10000E+01 0.00000E+00
 1.20000E+01 0.00000E+00
 1.30000E+01 0.00000E+00
 1.40000E+01 0.00000E+00
 1.50000E+01 0.00000E+00
 1.60000E+01 0.00000E+00
 1.70000E+01 0.00000E+00
 1.80000E+01 0.00000E+00
 1.90000E+01 0.00000E+00
 2.00000E+01 0.00000E+00
 2.10000E+01 0.00000E+00
 2.20000E+01 0.00000E+00
 2.30000E+01 0.00000E+00
 2.40000E+01 0.00000E+00
 2.50000E+01 0.00000E+00
 2.60000E+01 0.00000E+00
 2.70000E+01 0.00000E+00
 2.80000E+01 0.00000E+00
 2.90000E+01 2.05977E-03
 3.00000E+01 4.85274E-03
 3.10000E+01 9.83408E-03
 3.20000E+01 1.78946E-02
 3.30000E+01 3.02078E-02
 3.40000E+01 4.74183E-02
 3.50000E+01 7.14325E-02
 3.60000E+01 1.04265E-01
 3.70000E+01 1.47887E-01
 3.80000E+01 2.02905E-01
 3.90000E+01 2.66051E-01
 4.00000E+01 3.39528E-01
