# n +  92Zr: Production of  85Kr - Total
# Q-value    =-3.75720E+00 mass=  84.912527
# E-threshold= 3.79843E+00
# # energies =    40
#     E          xs
 1.00000E+00 0.00000E+00
 2.00000E+00 0.00000E+00
 3.00000E+00 0.00000E+00
 4.00000E+00 0.00000E+00
 5.00000E+00 0.00000E+00
 6.00000E+00 0.00000E+00
 7.00000E+00 0.00000E+00
 8.00000E+00 0.00000E+00
 9.00000E+00 0.00000E+00
 1.00000E+01 0.00000E+00
 1.10000E+01 0.00000E+00
 1.20000E+01 0.00000E+00
 1.30000E+01 0.00000E+00
 1.40000E+01 0.00000E+00
 1.50000E+01 0.00000E+00
 1.60000E+01 0.00000E+00
 1.70000E+01 0.00000E+00
 1.80000E+01 0.00000E+00
 1.90000E+01 0.00000E+00
 2.00000E+01 0.00000E+00
 2.10000E+01 0.00000E+00
 2.20000E+01 0.00000E+00
 2.30000E+01 0.00000E+00
 2.40000E+01 0.00000E+00
 2.50000E+01 0.00000E+00
 2.60000E+01 0.00000E+00
 2.70000E+01 0.00000E+00
 2.80000E+01 0.00000E+00
 2.90000E+01 0.00000E+00
 3.00000E+01 1.02632E-03
 3.10000E+01 1.76513E-03
 3.20000E+01 2.87957E-03
 3.30000E+01 4.42693E-03
 3.40000E+01 6.30732E-03
 3.50000E+01 8.48776E-03
 3.60000E+01 1.07952E-02
 3.70000E+01 1.30404E-02
 3.80000E+01 1.46127E-02
 3.90000E+01 1.57817E-02
 4.00000E+01 1.66669E-02
