# n +  90Zr: Production of  87Sr - Total
# Q-value    = 1.75394E+00 mass=  86.908877
# E-threshold= 0.00000E+00
# # energies =    40
#     E          xs
 1.00000E+00 1.00000E-07
 2.00000E+00 1.00000E-07
 3.00000E+00 1.00000E-07
 4.00000E+00 1.00000E-07
 5.00000E+00 1.33431E-03
 6.00000E+00 1.48142E-02
 7.00000E+00 6.86644E-02
 8.00000E+00 1.71712E-01
 9.00000E+00 3.06088E-01
 1.00000E+01 4.35376E-01
 1.10000E+01 6.21393E-01
 1.20000E+01 9.90998E-01
 1.30000E+01 1.61124E+00
 1.40000E+01 2.57204E+00
 1.50000E+01 3.83083E+00
 1.60000E+01 5.54563E+00
 1.70000E+01 7.68869E+00
 1.80000E+01 1.02695E+01
 1.90000E+01 1.24494E+01
 2.00000E+01 1.41243E+01
 2.10000E+01 1.45843E+01
 2.20000E+01 1.39016E+01
 2.30000E+01 1.36307E+01
 2.40000E+01 1.28740E+01
 2.50000E+01 1.21174E+01
 2.60000E+01 1.13866E+01
 2.70000E+01 1.04378E+01
 2.80000E+01 9.72691E+00
 2.90000E+01 8.97324E+00
 3.00000E+01 8.13325E+00
 3.10000E+01 7.61945E+00
 3.20000E+01 7.24353E+00
 3.30000E+01 6.86348E+00
 3.40000E+01 6.62894E+00
 3.50000E+01 6.69243E+00
 3.60000E+01 7.00897E+00
 3.70000E+01 7.26648E+00
 3.80000E+01 7.71296E+00
 3.90000E+01 8.24128E+00
 4.00000E+01 8.88011E+00
