# n +  91Zr: Production of  90Y  - Level  2     0.68167 MeV
# Q-value    =-7.14757E+00 mass=  89.907145
# E-threshold= 7.22688E+00
# # energies =    40
#     E          xs      Branching
 1.00000E+00 0.00000E+00 0.00000E+00
 2.00000E+00 0.00000E+00 0.00000E+00
 3.00000E+00 0.00000E+00 0.00000E+00
 4.00000E+00 0.00000E+00 0.00000E+00
 5.00000E+00 0.00000E+00 0.00000E+00
 6.00000E+00 0.00000E+00 0.00000E+00
 7.00000E+00 0.00000E+00 0.00000E+00
 8.00000E+00 0.00000E+00 0.00000E+00
 9.00000E+00 0.00000E+00 0.00000E+00
 1.00000E+01 0.00000E+00 0.00000E+00
 1.10000E+01 4.35693E-03 1.90471E-01
 1.20000E+01 4.62736E-02 1.71178E-01
 1.30000E+01 3.67858E-01 2.04430E-01
 1.40000E+01 1.46563E+00 2.81601E-01
 1.50000E+01 3.79753E+00 3.22261E-01
 1.60000E+01 7.45279E+00 3.63432E-01
 1.70000E+01 1.21764E+01 3.94440E-01
 1.80000E+01 1.77529E+01 4.26913E-01
 1.90000E+01 2.37477E+01 4.45858E-01
 2.00000E+01 2.95106E+01 4.58427E-01
 2.10000E+01 3.59557E+01 4.78758E-01
 2.20000E+01 4.09920E+01 4.89157E-01
 2.30000E+01 4.61594E+01 5.06236E-01
 2.40000E+01 4.84281E+01 5.16934E-01
 2.50000E+01 5.10072E+01 5.23129E-01
 2.60000E+01 5.18868E+01 5.30610E-01
 2.70000E+01 5.25710E+01 5.32887E-01
 2.80000E+01 5.28018E+01 5.36641E-01
 2.90000E+01 5.33117E+01 5.38215E-01
 3.00000E+01 5.25898E+01 5.38904E-01
 3.10000E+01 5.26800E+01 5.39007E-01
 3.20000E+01 5.33430E+01 5.41829E-01
 3.30000E+01 5.24797E+01 5.41078E-01
 3.40000E+01 5.22063E+01 5.40893E-01
 3.50000E+01 5.15831E+01 5.41262E-01
 3.60000E+01 5.17365E+01 5.40560E-01
 3.70000E+01 5.06769E+01 5.42590E-01
 3.80000E+01 5.02347E+01 5.40226E-01
 3.90000E+01 4.93368E+01 5.35856E-01
 4.00000E+01 4.86106E+01 5.34804E-01
