# n +  90Zr: Production of  86Rb - Level  2     0.55605 MeV
# Q-value    =-8.22415E+00 mass=  85.911167
# E-threshold= 8.31642E+00
# # energies =    40
#     E          xs      Branching
 1.00000E+00 0.00000E+00 0.00000E+00
 2.00000E+00 0.00000E+00 0.00000E+00
 3.00000E+00 0.00000E+00 0.00000E+00
 4.00000E+00 0.00000E+00 0.00000E+00
 5.00000E+00 0.00000E+00 0.00000E+00
 6.00000E+00 0.00000E+00 0.00000E+00
 7.00000E+00 0.00000E+00 0.00000E+00
 8.00000E+00 0.00000E+00 0.00000E+00
 9.00000E+00 0.00000E+00 0.00000E+00
 1.00000E+01 0.00000E+00 0.00000E+00
 1.10000E+01 0.00000E+00 0.00000E+00
 1.20000E+01 0.00000E+00 0.00000E+00
 1.30000E+01 0.00000E+00 0.00000E+00
 1.40000E+01 0.00000E+00 0.00000E+00
 1.50000E+01 0.00000E+00 0.00000E+00
 1.60000E+01 0.00000E+00 0.00000E+00
 1.70000E+01 0.00000E+00 0.00000E+00
 1.80000E+01 0.00000E+00 0.00000E+00
 1.90000E+01 0.00000E+00 0.00000E+00
 2.00000E+01 0.00000E+00 0.00000E+00
 2.10000E+01 0.00000E+00 0.00000E+00
 2.20000E+01 0.00000E+00 0.00000E+00
 2.30000E+01 6.98657E-04 3.78341E-01
 2.40000E+01 1.67301E-03 3.79985E-01
 2.50000E+01 3.27427E-03 3.81540E-01
 2.60000E+01 5.49542E-03 3.85331E-01
 2.70000E+01 8.26040E-03 3.92482E-01
 2.80000E+01 1.15029E-02 4.02980E-01
 2.90000E+01 1.50022E-02 4.15403E-01
 3.00000E+01 1.89945E-02 4.30897E-01
 3.10000E+01 2.33387E-02 4.47267E-01
 3.20000E+01 2.74403E-02 4.62859E-01
 3.30000E+01 3.16703E-02 4.81575E-01
 3.40000E+01 3.59902E-02 4.98355E-01
 3.50000E+01 3.95323E-02 5.14153E-01
 3.60000E+01 4.22202E-02 5.29501E-01
 3.70000E+01 4.45268E-02 5.46315E-01
 3.80000E+01 4.67452E-02 5.60373E-01
 3.90000E+01 4.75421E-02 5.72853E-01
 4.00000E+01 4.74797E-02 5.81330E-01
