# n +  96Zr: Production of  94Y  - Total
# Q-value    =-9.96585E+00 mass=  93.911592
# E-threshold= 1.00707E+01
# # energies =    40
#     E          xs
 1.00000E+00 0.00000E+00
 2.00000E+00 0.00000E+00
 3.00000E+00 0.00000E+00
 4.00000E+00 0.00000E+00
 5.00000E+00 0.00000E+00
 6.00000E+00 0.00000E+00
 7.00000E+00 0.00000E+00
 8.00000E+00 0.00000E+00
 9.00000E+00 0.00000E+00
 1.00000E+01 0.00000E+00
 1.10000E+01 0.00000E+00
 1.20000E+01 0.00000E+00
 1.30000E+01 0.00000E+00
 1.40000E+01 0.00000E+00
 1.50000E+01 2.95323E-03
 1.60000E+01 3.22128E-02
 1.70000E+01 1.52277E-01
 1.80000E+01 4.04702E-01
 1.90000E+01 7.88838E-01
 2.00000E+01 1.28988E+00
 2.10000E+01 1.90778E+00
 2.20000E+01 2.62687E+00
 2.30000E+01 3.48798E+00
 2.40000E+01 4.62051E+00
 2.50000E+01 6.06599E+00
 2.60000E+01 8.36175E+00
 2.70000E+01 1.17336E+01
 2.80000E+01 1.52660E+01
 2.90000E+01 2.02330E+01
 3.00000E+01 2.50308E+01
 3.10000E+01 3.08302E+01
 3.20000E+01 3.58202E+01
 3.30000E+01 4.12666E+01
 3.40000E+01 4.52238E+01
 3.50000E+01 4.93478E+01
 3.60000E+01 5.25618E+01
 3.70000E+01 5.51994E+01
 3.80000E+01 5.76533E+01
 3.90000E+01 5.94773E+01
 4.00000E+01 6.08876E+01
