# n +  91Zr: Production of  85Sr - Ground state
# Q-value    =-2.53598E+01 mass=  84.912932
# E-threshold= 2.56412E+01
# # energies =    40
#     E          xs      Branching
 1.00000E+00 0.00000E+00 0.00000E+00
 2.00000E+00 0.00000E+00 0.00000E+00
 3.00000E+00 0.00000E+00 0.00000E+00
 4.00000E+00 0.00000E+00 0.00000E+00
 5.00000E+00 0.00000E+00 0.00000E+00
 6.00000E+00 0.00000E+00 0.00000E+00
 7.00000E+00 0.00000E+00 0.00000E+00
 8.00000E+00 0.00000E+00 0.00000E+00
 9.00000E+00 0.00000E+00 0.00000E+00
 1.00000E+01 0.00000E+00 0.00000E+00
 1.10000E+01 0.00000E+00 0.00000E+00
 1.20000E+01 0.00000E+00 0.00000E+00
 1.30000E+01 0.00000E+00 0.00000E+00
 1.40000E+01 0.00000E+00 0.00000E+00
 1.50000E+01 0.00000E+00 0.00000E+00
 1.60000E+01 0.00000E+00 0.00000E+00
 1.70000E+01 0.00000E+00 0.00000E+00
 1.80000E+01 0.00000E+00 0.00000E+00
 1.90000E+01 0.00000E+00 0.00000E+00
 2.00000E+01 0.00000E+00 0.00000E+00
 2.10000E+01 0.00000E+00 0.00000E+00
 2.20000E+01 0.00000E+00 0.00000E+00
 2.30000E+01 0.00000E+00 0.00000E+00
 2.40000E+01 0.00000E+00 0.00000E+00
 2.50000E+01 0.00000E+00 0.00000E+00
 2.60000E+01 0.00000E+00 0.00000E+00
 2.70000E+01 0.00000E+00 0.00000E+00
 2.80000E+01 0.00000E+00 0.00000E+00
 2.90000E+01 0.00000E+00 0.00000E+00
 3.00000E+01 0.00000E+00 0.00000E+00
 3.10000E+01 0.00000E+00 0.00000E+00
 3.20000E+01 0.00000E+00 0.00000E+00
 3.30000E+01 0.00000E+00 0.00000E+00
 3.40000E+01 2.20972E-03 8.87460E-01
 3.50000E+01 1.62388E-02 9.26103E-01
 3.60000E+01 5.97869E-02 8.81795E-01
 3.70000E+01 2.04729E-01 9.02225E-01
 3.80000E+01 4.89691E-01 8.77322E-01
 3.90000E+01 8.94631E-01 8.78917E-01
 4.00000E+01 1.76885E+00 8.83230E-01
