# n +  90Zr: Production of  87Y  - Level  1     0.38082 MeV
# Q-value    =-2.10848E+01 mass=  86.910876
# E-threshold= 2.13213E+01
# # energies =    40
#     E          xs      Branching
 1.00000E+00 0.00000E+00 0.00000E+00
 2.00000E+00 0.00000E+00 0.00000E+00
 3.00000E+00 0.00000E+00 0.00000E+00
 4.00000E+00 0.00000E+00 0.00000E+00
 5.00000E+00 0.00000E+00 0.00000E+00
 6.00000E+00 0.00000E+00 0.00000E+00
 7.00000E+00 0.00000E+00 0.00000E+00
 8.00000E+00 0.00000E+00 0.00000E+00
 9.00000E+00 0.00000E+00 0.00000E+00
 1.00000E+01 0.00000E+00 0.00000E+00
 1.10000E+01 0.00000E+00 0.00000E+00
 1.20000E+01 0.00000E+00 0.00000E+00
 1.30000E+01 0.00000E+00 0.00000E+00
 1.40000E+01 0.00000E+00 0.00000E+00
 1.50000E+01 0.00000E+00 0.00000E+00
 1.60000E+01 0.00000E+00 0.00000E+00
 1.70000E+01 0.00000E+00 0.00000E+00
 1.80000E+01 0.00000E+00 0.00000E+00
 1.90000E+01 0.00000E+00 0.00000E+00
 2.00000E+01 0.00000E+00 0.00000E+00
 2.10000E+01 0.00000E+00 0.00000E+00
 2.20000E+01 0.00000E+00 0.00000E+00
 2.30000E+01 0.00000E+00 0.00000E+00
 2.40000E+01 0.00000E+00 0.00000E+00
 2.50000E+01 0.00000E+00 0.00000E+00
 2.60000E+01 7.04866E-03 5.98398E-01
 2.70000E+01 4.07246E-02 5.78607E-01
 2.80000E+01 1.80620E-01 7.10437E-01
 2.90000E+01 4.00621E-01 6.90415E-01
 3.00000E+01 7.37120E-01 6.98332E-01
 3.10000E+01 1.19792E+00 7.19305E-01
 3.20000E+01 1.69618E+00 7.18693E-01
 3.30000E+01 2.39595E+00 7.20766E-01
 3.40000E+01 3.99507E+00 7.16360E-01
 3.50000E+01 7.10247E+00 6.83388E-01
 3.60000E+01 1.37767E+01 7.10105E-01
 3.70000E+01 2.28412E+01 7.16085E-01
 3.80000E+01 3.41567E+01 7.14790E-01
 3.90000E+01 5.05865E+01 7.39137E-01
 4.00000E+01 6.75840E+01 7.51607E-01
