# n +  92Zr: Production of  89Sr - Total
# Q-value    = 3.39640E+00 mass=  88.907451
# E-threshold= 0.00000E+00
# # energies =    40
#     E          xs
 1.00000E+00 1.00000E-07
 2.00000E+00 1.00000E-07
 3.00000E+00 1.52869E-03
 4.00000E+00 1.75495E-02
 5.00000E+00 8.57069E-02
 6.00000E+00 2.75703E-01
 7.00000E+00 5.44625E-01
 8.00000E+00 7.31053E-01
 9.00000E+00 9.02913E-01
 1.00000E+01 1.28786E+00
 1.10000E+01 2.04464E+00
 1.20000E+01 3.21398E+00
 1.30000E+01 4.70693E+00
 1.40000E+01 6.56863E+00
 1.50000E+01 8.24039E+00
 1.60000E+01 1.01163E+01
 1.70000E+01 1.14138E+01
 1.80000E+01 1.23500E+01
 1.90000E+01 1.21980E+01
 2.00000E+01 1.13719E+01
 2.10000E+01 1.07534E+01
 2.20000E+01 9.96814E+00
 2.30000E+01 9.33915E+00
 2.40000E+01 8.49588E+00
 2.50000E+01 7.84531E+00
 2.60000E+01 7.22883E+00
 2.70000E+01 6.47516E+00
 2.80000E+01 5.88493E+00
 2.90000E+01 5.43648E+00
 3.00000E+01 4.97245E+00
 3.10000E+01 4.60240E+00
 3.20000E+01 4.42178E+00
 3.30000E+01 4.35905E+00
 3.40000E+01 4.30969E+00
 3.50000E+01 4.37157E+00
 3.60000E+01 4.53978E+00
 3.70000E+01 4.76561E+00
 3.80000E+01 5.11376E+00
 3.90000E+01 5.47715E+00
 4.00000E+01 5.78293E+00
