# n +  90Zr: Production of  89Y  - Level  1     0.90897 MeV
# Q-value    =-7.03755E+00 mass=  88.905841
# E-threshold= 7.11651E+00
# # energies =    40
#     E          xs      Branching
 1.00000E+00 0.00000E+00 0.00000E+00
 2.00000E+00 0.00000E+00 0.00000E+00
 3.00000E+00 0.00000E+00 0.00000E+00
 4.00000E+00 0.00000E+00 0.00000E+00
 5.00000E+00 0.00000E+00 0.00000E+00
 6.00000E+00 0.00000E+00 0.00000E+00
 7.00000E+00 0.00000E+00 0.00000E+00
 8.00000E+00 0.00000E+00 0.00000E+00
 9.00000E+00 0.00000E+00 0.00000E+00
 1.00000E+01 3.92524E-04 7.69677E-02
 1.10000E+01 1.09282E-02 6.52386E-03
 1.20000E+01 2.06954E+00 8.84741E-02
 1.30000E+01 6.91625E+00 1.19087E-01
 1.40000E+01 1.69597E+01 2.64735E-01
 1.50000E+01 3.05299E+01 4.23675E-01
 1.60000E+01 4.28931E+01 5.22082E-01
 1.70000E+01 5.62977E+01 5.76801E-01
 1.80000E+01 7.02319E+01 6.07008E-01
 1.90000E+01 8.21826E+01 6.27221E-01
 2.00000E+01 9.17204E+01 6.48866E-01
 2.10000E+01 9.84397E+01 6.60807E-01
 2.20000E+01 1.05830E+02 6.68953E-01
 2.30000E+01 1.11340E+02 6.78965E-01
 2.40000E+01 1.18222E+02 6.90016E-01
 2.50000E+01 1.23191E+02 6.97485E-01
 2.60000E+01 1.25863E+02 7.04331E-01
 2.70000E+01 1.28175E+02 7.10162E-01
 2.80000E+01 1.26053E+02 7.13239E-01
 2.90000E+01 1.23084E+02 7.15003E-01
 3.00000E+01 1.21936E+02 7.19909E-01
 3.10000E+01 1.18632E+02 7.20412E-01
 3.20000E+01 1.17045E+02 7.20958E-01
 3.30000E+01 1.14403E+02 7.21804E-01
 3.40000E+01 1.13400E+02 7.23365E-01
 3.50000E+01 1.13223E+02 7.25633E-01
 3.60000E+01 1.10394E+02 7.24773E-01
 3.70000E+01 1.09004E+02 7.25085E-01
 3.80000E+01 1.08371E+02 7.25892E-01
 3.90000E+01 1.06522E+02 7.27715E-01
 4.00000E+01 1.05210E+02 7.28568E-01
