# n +  91Zr: Production of  89Y  - Ground state
# Q-value    =-7.06569E+00 mass=  88.905841
# E-threshold= 7.14409E+00
# # energies =    40
#     E          xs      Branching
 1.00000E+00 0.00000E+00 0.00000E+00
 2.00000E+00 0.00000E+00 0.00000E+00
 3.00000E+00 0.00000E+00 0.00000E+00
 4.00000E+00 0.00000E+00 0.00000E+00
 5.00000E+00 0.00000E+00 0.00000E+00
 6.00000E+00 0.00000E+00 0.00000E+00
 7.00000E+00 0.00000E+00 0.00000E+00
 8.00000E+00 0.00000E+00 0.00000E+00
 9.00000E+00 0.00000E+00 0.00000E+00
 1.00000E+01 0.00000E+00 0.00000E+00
 1.10000E+01 0.00000E+00 0.00000E+00
 1.20000E+01 0.00000E+00 0.00000E+00
 1.30000E+01 2.65589E-03 6.96884E-01
 1.40000E+01 1.89565E-02 7.09161E-01
 1.50000E+01 9.21136E-02 6.10934E-01
 1.60000E+01 2.54634E-01 5.19788E-01
 1.70000E+01 4.94778E-01 4.67425E-01
 1.80000E+01 8.19016E-01 4.42082E-01
 1.90000E+01 2.23555E+00 5.65647E-01
 2.00000E+01 7.53596E+00 6.79200E-01
 2.10000E+01 1.34677E+01 6.50711E-01
 2.20000E+01 1.74284E+01 5.69099E-01
 2.30000E+01 2.02205E+01 4.91112E-01
 2.40000E+01 2.23210E+01 4.16207E-01
 2.50000E+01 2.44070E+01 3.71515E-01
 2.60000E+01 2.68394E+01 3.32641E-01
 2.70000E+01 2.97575E+01 3.17748E-01
 2.80000E+01 3.21510E+01 2.98350E-01
 2.90000E+01 3.49042E+01 2.93144E-01
 3.00000E+01 3.66121E+01 2.81725E-01
 3.10000E+01 3.82426E+01 2.75521E-01
 3.20000E+01 4.01641E+01 2.73613E-01
 3.30000E+01 4.10989E+01 2.66175E-01
 3.40000E+01 4.15248E+01 2.62680E-01
 3.50000E+01 4.26119E+01 2.65312E-01
 3.60000E+01 4.29878E+01 2.66146E-01
 3.70000E+01 4.21311E+01 2.64480E-01
 3.80000E+01 4.14447E+01 2.64178E-01
 3.90000E+01 4.17725E+01 2.68692E-01
 4.00000E+01 4.08500E+01 2.72331E-01
