# n +  91Zr: Production of  91Y  - Ground state
# Q-value    =-7.61918E-01 mass=  90.907298
# E-threshold= 7.70372E-01
# # energies =    40
#     E          xs      Branching
 1.00000E+00 0.00000E+00 0.00000E+00
 2.00000E+00 0.00000E+00 0.00000E+00
 3.00000E+00 2.74400E-03 9.36531E-01
 4.00000E+00 3.98985E-02 7.47701E-01
 5.00000E+00 1.91848E-01 6.26460E-01
 6.00000E+00 5.25978E-01 5.69326E-01
 7.00000E+00 1.09323E+00 5.48510E-01
 8.00000E+00 1.82939E+00 5.31746E-01
 9.00000E+00 2.73054E+00 5.05763E-01
 1.00000E+01 3.79318E+00 4.72447E-01
 1.10000E+01 5.06944E+00 4.38790E-01
 1.20000E+01 6.51541E+00 4.08649E-01
 1.30000E+01 7.86986E+00 3.81433E-01
 1.40000E+01 8.97996E+00 3.59721E-01
 1.50000E+01 9.58831E+00 3.43229E-01
 1.60000E+01 9.84225E+00 3.31509E-01
 1.70000E+01 9.81766E+00 3.22216E-01
 1.80000E+01 1.00345E+01 3.20899E-01
 1.90000E+01 9.75226E+00 3.13361E-01
 2.00000E+01 9.60833E+00 3.03977E-01
 2.10000E+01 9.36339E+00 3.03251E-01
 2.20000E+01 9.29759E+00 2.94456E-01
 2.30000E+01 8.87670E+00 2.94249E-01
 2.40000E+01 8.83730E+00 2.91788E-01
 2.50000E+01 8.24375E+00 2.84807E-01
 2.60000E+01 7.96273E+00 2.85316E-01
 2.70000E+01 7.84871E+00 2.83814E-01
 2.80000E+01 7.24782E+00 2.79423E-01
 2.90000E+01 6.95760E+00 2.79129E-01
 3.00000E+01 6.81912E+00 2.78247E-01
 3.10000E+01 6.43707E+00 2.71664E-01
 3.20000E+01 6.11272E+00 2.76262E-01
 3.30000E+01 5.83314E+00 2.75123E-01
 3.40000E+01 5.67894E+00 2.75073E-01
 3.50000E+01 5.53963E+00 2.75551E-01
 3.60000E+01 5.04771E+00 2.73555E-01
 3.70000E+01 4.87674E+00 2.76286E-01
 3.80000E+01 4.63444E+00 2.76272E-01
 3.90000E+01 4.49548E+00 2.77413E-01
 4.00000E+01 4.36569E+00 2.78568E-01
