# n +  90Zr: Production of  90Y  - Total
# Q-value    =-1.49612E+00 mass=  89.907145
# E-threshold= 1.51290E+00
# # energies =    40
#     E          xs
 1.00000E+00 0.00000E+00
 2.00000E+00 0.00000E+00
 3.00000E+00 0.00000E+00
 4.00000E+00 1.01822E-01
 5.00000E+00 9.01804E-01
 6.00000E+00 2.51288E+00
 7.00000E+00 4.25837E+00
 8.00000E+00 5.88753E+00
 9.00000E+00 7.67695E+00
 1.00000E+01 1.00363E+01
 1.10000E+01 1.32525E+01
 1.20000E+01 1.72507E+01
 1.30000E+01 2.16830E+01
 1.40000E+01 2.56894E+01
 1.50000E+01 2.88369E+01
 1.60000E+01 3.10543E+01
 1.70000E+01 3.24701E+01
 1.80000E+01 3.33829E+01
 1.90000E+01 3.46798E+01
 2.00000E+01 3.44863E+01
 2.10000E+01 3.51499E+01
 2.20000E+01 3.48101E+01
 2.30000E+01 3.53940E+01
 2.40000E+01 3.37161E+01
 2.50000E+01 3.33606E+01
 2.60000E+01 3.28336E+01
 2.70000E+01 3.11860E+01
 2.80000E+01 3.06731E+01
 2.90000E+01 3.00399E+01
 3.00000E+01 2.83552E+01
 3.10000E+01 2.75044E+01
 3.20000E+01 2.67879E+01
 3.30000E+01 2.59902E+01
 3.40000E+01 2.43415E+01
 3.50000E+01 2.37098E+01
 3.60000E+01 2.29005E+01
 3.70000E+01 2.19963E+01
 3.80000E+01 2.11925E+01
 3.90000E+01 1.96844E+01
 4.00000E+01 1.88837E+01
