# n +  92Zr: Production of  91Y  - Level  1     0.55558 MeV
# Q-value    =-7.72771E+00 mass=  90.907298
# E-threshold= 7.81252E+00
# # energies =    40
#     E          xs      Branching
 1.00000E+00 0.00000E+00 0.00000E+00
 2.00000E+00 0.00000E+00 0.00000E+00
 3.00000E+00 0.00000E+00 0.00000E+00
 4.00000E+00 0.00000E+00 0.00000E+00
 5.00000E+00 0.00000E+00 0.00000E+00
 6.00000E+00 0.00000E+00 0.00000E+00
 7.00000E+00 0.00000E+00 0.00000E+00
 8.00000E+00 0.00000E+00 0.00000E+00
 9.00000E+00 0.00000E+00 0.00000E+00
 1.00000E+01 0.00000E+00 0.00000E+00
 1.10000E+01 3.81376E-04 2.82339E-01
 1.20000E+01 4.82784E-03 2.50644E-01
 1.30000E+01 8.41048E-02 3.49510E-01
 1.40000E+01 7.33490E-01 4.78240E-01
 1.50000E+01 2.61276E+00 5.24509E-01
 1.60000E+01 6.30887E+00 5.67130E-01
 1.70000E+01 1.17070E+01 5.98957E-01
 1.80000E+01 1.76951E+01 6.21913E-01
 1.90000E+01 2.50100E+01 6.41466E-01
 2.00000E+01 3.26972E+01 6.50509E-01
 2.10000E+01 4.06158E+01 6.60169E-01
 2.20000E+01 4.92848E+01 6.70902E-01
 2.30000E+01 5.57493E+01 6.74968E-01
 2.40000E+01 6.05521E+01 6.82694E-01
 2.50000E+01 6.37402E+01 6.89678E-01
 2.60000E+01 6.38266E+01 6.85306E-01
 2.70000E+01 6.44443E+01 6.91793E-01
 2.80000E+01 6.45919E+01 6.91384E-01
 2.90000E+01 6.38204E+01 6.91576E-01
 3.00000E+01 6.43736E+01 6.95208E-01
 3.10000E+01 6.49758E+01 6.96197E-01
 3.20000E+01 6.36117E+01 6.95917E-01
 3.30000E+01 6.37757E+01 6.93716E-01
 3.40000E+01 6.50929E+01 6.98186E-01
 3.50000E+01 6.35224E+01 6.98787E-01
 3.60000E+01 6.31411E+01 6.98780E-01
 3.70000E+01 6.32019E+01 6.98135E-01
 3.80000E+01 6.24522E+01 6.99322E-01
 3.90000E+01 6.19548E+01 7.00719E-01
 4.00000E+01 6.12085E+01 7.00084E-01
