# n +  92Zr: Production of  92Y  - Total
# Q-value    =-2.86018E+00 mass=  91.908946
# E-threshold= 2.89157E+00
# # energies =    40
#     E          xs
 1.00000E+00 0.00000E+00
 2.00000E+00 0.00000E+00
 3.00000E+00 0.00000E+00
 4.00000E+00 0.00000E+00
 5.00000E+00 0.00000E+00
 6.00000E+00 2.18985E-02
 7.00000E+00 1.27965E-01
 8.00000E+00 4.34909E-01
 9.00000E+00 1.25917E+00
 1.00000E+01 3.01059E+00
 1.10000E+01 5.74743E+00
 1.20000E+01 9.36908E+00
 1.30000E+01 1.38037E+01
 1.40000E+01 1.84739E+01
 1.50000E+01 2.24878E+01
 1.60000E+01 2.51818E+01
 1.70000E+01 2.68088E+01
 1.80000E+01 2.76020E+01
 1.90000E+01 2.82148E+01
 2.00000E+01 2.85644E+01
 2.10000E+01 2.87104E+01
 2.20000E+01 2.88816E+01
 2.30000E+01 2.89767E+01
 2.40000E+01 2.83990E+01
 2.50000E+01 2.82173E+01
 2.60000E+01 2.76838E+01
 2.70000E+01 2.62521E+01
 2.80000E+01 2.61086E+01
 2.90000E+01 2.53904E+01
 3.00000E+01 2.38793E+01
 3.10000E+01 2.32937E+01
 3.20000E+01 2.27373E+01
 3.30000E+01 2.18592E+01
 3.40000E+01 2.03704E+01
 3.50000E+01 1.97151E+01
 3.60000E+01 1.90776E+01
 3.70000E+01 1.83512E+01
 3.80000E+01 1.74791E+01
 3.90000E+01 1.62104E+01
 4.00000E+01 1.55359E+01
