# n +  92Zr: Production of  85Kr - Level  1     0.30487 MeV
# Q-value    =-4.06207E+00 mass=  84.912527
# E-threshold= 4.10665E+00
# # energies =    40
#     E          xs      Branching
 1.00000E+00 0.00000E+00 0.00000E+00
 2.00000E+00 0.00000E+00 0.00000E+00
 3.00000E+00 0.00000E+00 0.00000E+00
 4.00000E+00 0.00000E+00 0.00000E+00
 5.00000E+00 0.00000E+00 0.00000E+00
 6.00000E+00 0.00000E+00 0.00000E+00
 7.00000E+00 0.00000E+00 0.00000E+00
 8.00000E+00 0.00000E+00 0.00000E+00
 9.00000E+00 0.00000E+00 0.00000E+00
 1.00000E+01 0.00000E+00 0.00000E+00
 1.10000E+01 0.00000E+00 0.00000E+00
 1.20000E+01 0.00000E+00 0.00000E+00
 1.30000E+01 0.00000E+00 0.00000E+00
 1.40000E+01 0.00000E+00 0.00000E+00
 1.50000E+01 0.00000E+00 0.00000E+00
 1.60000E+01 0.00000E+00 0.00000E+00
 1.70000E+01 0.00000E+00 0.00000E+00
 1.80000E+01 0.00000E+00 0.00000E+00
 1.90000E+01 0.00000E+00 0.00000E+00
 2.00000E+01 0.00000E+00 0.00000E+00
 2.10000E+01 0.00000E+00 0.00000E+00
 2.20000E+01 0.00000E+00 0.00000E+00
 2.30000E+01 0.00000E+00 0.00000E+00
 2.40000E+01 0.00000E+00 0.00000E+00
 2.50000E+01 0.00000E+00 0.00000E+00
 2.60000E+01 0.00000E+00 0.00000E+00
 2.70000E+01 0.00000E+00 0.00000E+00
 2.80000E+01 0.00000E+00 0.00000E+00
 2.90000E+01 0.00000E+00 0.00000E+00
 3.00000E+01 2.29304E-04 2.23423E-01
 3.10000E+01 3.71864E-04 2.10672E-01
 3.20000E+01 5.59758E-04 1.94389E-01
 3.30000E+01 8.00128E-04 1.80741E-01
 3.40000E+01 1.05658E-03 1.67516E-01
 3.50000E+01 1.32515E-03 1.56125E-01
 3.60000E+01 1.60129E-03 1.48334E-01
 3.70000E+01 1.85875E-03 1.42537E-01
 3.80000E+01 2.08039E-03 1.42368E-01
 3.90000E+01 2.25717E-03 1.43024E-01
 4.00000E+01 2.29784E-03 1.37868E-01
