# n +  92Zr: Production of  90Y  - Level  2     0.68167 MeV
# Q-value    =-9.52511E+00 mass=  89.907145
# E-threshold= 9.62965E+00
# # energies =    40
#     E          xs      Branching
 1.00000E+00 0.00000E+00 0.00000E+00
 2.00000E+00 0.00000E+00 0.00000E+00
 3.00000E+00 0.00000E+00 0.00000E+00
 4.00000E+00 0.00000E+00 0.00000E+00
 5.00000E+00 0.00000E+00 0.00000E+00
 6.00000E+00 0.00000E+00 0.00000E+00
 7.00000E+00 0.00000E+00 0.00000E+00
 8.00000E+00 0.00000E+00 0.00000E+00
 9.00000E+00 0.00000E+00 0.00000E+00
 1.00000E+01 0.00000E+00 0.00000E+00
 1.10000E+01 0.00000E+00 0.00000E+00
 1.20000E+01 0.00000E+00 0.00000E+00
 1.30000E+01 0.00000E+00 0.00000E+00
 1.40000E+01 1.86709E-03 2.77899E-01
 1.50000E+01 1.68664E-02 2.83646E-01
 1.60000E+01 7.19026E-02 2.92896E-01
 1.70000E+01 1.87890E-01 3.01950E-01
 1.80000E+01 3.76876E-01 3.17615E-01
 1.90000E+01 6.45337E-01 3.37512E-01
 2.00000E+01 1.02276E+00 3.56814E-01
 2.10000E+01 1.47851E+00 3.63630E-01
 2.20000E+01 2.20262E+00 3.59071E-01
 2.30000E+01 3.75897E+00 3.79583E-01
 2.40000E+01 7.06094E+00 4.01264E-01
 2.50000E+01 1.07992E+01 4.01930E-01
 2.60000E+01 1.76539E+01 4.51793E-01
 2.70000E+01 2.52615E+01 4.78227E-01
 2.80000E+01 3.18362E+01 4.91571E-01
 2.90000E+01 3.94584E+01 5.07308E-01
 3.00000E+01 4.62189E+01 5.21458E-01
 3.10000E+01 5.17400E+01 5.33280E-01
 3.20000E+01 5.83533E+01 5.49525E-01
 3.30000E+01 6.08676E+01 5.57966E-01
 3.40000E+01 6.27029E+01 5.67892E-01
 3.50000E+01 6.53770E+01 5.79177E-01
 3.60000E+01 6.35697E+01 5.79582E-01
 3.70000E+01 6.25400E+01 5.84102E-01
 3.80000E+01 6.16833E+01 5.81000E-01
 3.90000E+01 6.10076E+01 5.86691E-01
 4.00000E+01 5.89885E+01 5.80870E-01
