# n +  90Zr: Production of  87Sr - Ground state
# Q-value    = 1.75394E+00 mass=  86.908877
# E-threshold= 0.00000E+00
# # energies =    40
#     E          xs      Branching
 1.00000E+00 0.00000E+00 0.00000E+00
 2.00000E+00 0.00000E+00 0.00000E+00
 3.00000E+00 0.00000E+00 0.00000E+00
 4.00000E+00 5.45533E-05 0.00000E+00
 5.00000E+00 1.09634E-03 8.21654E-01
 6.00000E+00 1.18776E-02 8.01775E-01
 7.00000E+00 5.14367E-02 7.49103E-01
 8.00000E+00 1.21557E-01 7.07912E-01
 9.00000E+00 2.01025E-01 6.56755E-01
 1.00000E+01 2.67136E-01 6.13575E-01
 1.10000E+01 3.84346E-01 6.18522E-01
 1.20000E+01 6.40066E-01 6.45881E-01
 1.30000E+01 1.08323E+00 6.72299E-01
 1.40000E+01 1.79168E+00 6.96598E-01
 1.50000E+01 2.77475E+00 7.24321E-01
 1.60000E+01 4.12325E+00 7.43514E-01
 1.70000E+01 5.87072E+00 7.63552E-01
 1.80000E+01 8.05963E+00 7.84808E-01
 1.90000E+01 1.00101E+01 8.04066E-01
 2.00000E+01 1.16215E+01 8.22805E-01
 2.10000E+01 1.22036E+01 8.36765E-01
 2.20000E+01 1.17832E+01 8.47613E-01
 2.30000E+01 1.16637E+01 8.55693E-01
 2.40000E+01 1.10823E+01 8.60825E-01
 2.50000E+01 1.05400E+01 8.69826E-01
 2.60000E+01 9.96880E+00 8.75486E-01
 2.70000E+01 9.16320E+00 8.77883E-01
 2.80000E+01 8.61022E+00 8.85196E-01
 2.90000E+01 7.97470E+00 8.88720E-01
 3.00000E+01 7.23371E+00 8.89400E-01
 3.10000E+01 6.79379E+00 8.91638E-01
 3.20000E+01 6.48745E+00 8.95620E-01
 3.30000E+01 6.12089E+00 8.91806E-01
 3.40000E+01 5.88270E+00 8.87427E-01
 3.50000E+01 5.89299E+00 8.80546E-01
 3.60000E+01 6.16651E+00 8.79802E-01
 3.70000E+01 6.33701E+00 8.72088E-01
 3.80000E+01 6.71266E+00 8.70310E-01
 3.90000E+01 7.15951E+00 8.68738E-01
 4.00000E+01 7.68149E+00 8.65021E-01
