# n +  94Zr: Production of  93Y  - Total
# Q-value    =-8.10656E+00 mass=  92.909578
# E-threshold= 8.19364E+00
# # energies =    40
#     E          xs
 1.00000E+00 0.00000E+00
 2.00000E+00 0.00000E+00
 3.00000E+00 0.00000E+00
 4.00000E+00 0.00000E+00
 5.00000E+00 0.00000E+00
 6.00000E+00 0.00000E+00
 7.00000E+00 0.00000E+00
 8.00000E+00 0.00000E+00
 9.00000E+00 0.00000E+00
 1.00000E+01 0.00000E+00
 1.10000E+01 0.00000E+00
 1.20000E+01 1.04121E-03
 1.30000E+01 1.26167E-02
 1.40000E+01 1.13725E-01
 1.50000E+01 5.73428E-01
 1.60000E+01 1.88208E+00
 1.70000E+01 4.45413E+00
 1.80000E+01 8.59838E+00
 1.90000E+01 1.39478E+01
 2.00000E+01 1.99254E+01
 2.10000E+01 2.71639E+01
 2.20000E+01 3.55067E+01
 2.30000E+01 4.27823E+01
 2.40000E+01 5.01991E+01
 2.50000E+01 5.60598E+01
 2.60000E+01 5.98822E+01
 2.70000E+01 6.46595E+01
 2.80000E+01 6.68694E+01
 2.90000E+01 7.07369E+01
 3.00000E+01 7.20884E+01
 3.10000E+01 7.30832E+01
 3.20000E+01 7.38164E+01
 3.30000E+01 7.42932E+01
 3.40000E+01 7.56076E+01
 3.50000E+01 7.49836E+01
 3.60000E+01 7.49302E+01
 3.70000E+01 7.51600E+01
 3.80000E+01 7.56948E+01
 3.90000E+01 7.38517E+01
 4.00000E+01 7.39190E+01
