# n +  92Zr: Production of  91Y  - Ground state
# Q-value    =-7.17213E+00 mass=  90.907298
# E-threshold= 7.25084E+00
# # energies =    40
#     E          xs      Branching
 1.00000E+00 0.00000E+00 0.00000E+00
 2.00000E+00 0.00000E+00 0.00000E+00
 3.00000E+00 0.00000E+00 0.00000E+00
 4.00000E+00 0.00000E+00 0.00000E+00
 5.00000E+00 0.00000E+00 0.00000E+00
 6.00000E+00 0.00000E+00 0.00000E+00
 7.00000E+00 0.00000E+00 0.00000E+00
 8.00000E+00 0.00000E+00 0.00000E+00
 9.00000E+00 0.00000E+00 0.00000E+00
 1.00000E+01 0.00000E+00 0.00000E+00
 1.10000E+01 9.69399E-04 7.17661E-01
 1.20000E+01 1.44339E-02 7.49356E-01
 1.30000E+01 1.56531E-01 6.50490E-01
 1.40000E+01 8.00239E-01 5.21760E-01
 1.50000E+01 2.36858E+00 4.75491E-01
 1.60000E+01 4.81533E+00 4.32870E-01
 1.70000E+01 7.83864E+00 4.01043E-01
 1.80000E+01 1.07576E+01 3.78087E-01
 1.90000E+01 1.39788E+01 3.58534E-01
 2.00000E+01 1.75668E+01 3.49491E-01
 2.10000E+01 2.09075E+01 3.39831E-01
 2.20000E+01 2.41758E+01 3.29098E-01
 2.30000E+01 2.68461E+01 3.25032E-01
 2.40000E+01 2.81437E+01 3.17306E-01
 2.50000E+01 2.86800E+01 3.10322E-01
 2.60000E+01 2.93093E+01 3.14694E-01
 2.70000E+01 2.87111E+01 3.08207E-01
 2.80000E+01 2.88322E+01 3.08616E-01
 2.90000E+01 2.84622E+01 3.08424E-01
 3.00000E+01 2.82225E+01 3.04792E-01
 3.10000E+01 2.83538E+01 3.03803E-01
 3.20000E+01 2.77954E+01 3.04083E-01
 3.30000E+01 2.81578E+01 3.06284E-01
 3.40000E+01 2.81386E+01 3.01814E-01
 3.50000E+01 2.73814E+01 3.01213E-01
 3.60000E+01 2.72180E+01 3.01220E-01
 3.70000E+01 2.73278E+01 3.01865E-01
 3.80000E+01 2.68517E+01 3.00678E-01
 3.90000E+01 2.64612E+01 2.99281E-01
 4.00000E+01 2.62218E+01 2.99916E-01
