# n +  91Zr: Production of  89Y  - Total
# Q-value    =-7.06569E+00 mass=  88.905841
# E-threshold= 7.14409E+00
# # energies =    40
#     E          xs
 1.00000E+00 0.00000E+00
 2.00000E+00 0.00000E+00
 3.00000E+00 0.00000E+00
 4.00000E+00 0.00000E+00
 5.00000E+00 0.00000E+00
 6.00000E+00 0.00000E+00
 7.00000E+00 0.00000E+00
 8.00000E+00 0.00000E+00
 9.00000E+00 0.00000E+00
 1.00000E+01 0.00000E+00
 1.10000E+01 0.00000E+00
 1.20000E+01 0.00000E+00
 1.30000E+01 3.81109E-03
 1.40000E+01 2.67309E-02
 1.50000E+01 1.50775E-01
 1.60000E+01 4.89880E-01
 1.70000E+01 1.05852E+00
 1.80000E+01 1.85263E+00
 1.90000E+01 3.95221E+00
 2.00000E+01 1.10954E+01
 2.10000E+01 2.06969E+01
 2.20000E+01 3.06245E+01
 2.30000E+01 4.11730E+01
 2.40000E+01 5.36296E+01
 2.50000E+01 6.56960E+01
 2.60000E+01 8.06858E+01
 2.70000E+01 9.36512E+01
 2.80000E+01 1.07763E+02
 2.90000E+01 1.19068E+02
 3.00000E+01 1.29957E+02
 3.10000E+01 1.38801E+02
 3.20000E+01 1.46792E+02
 3.30000E+01 1.54405E+02
 3.40000E+01 1.58081E+02
 3.50000E+01 1.60610E+02
 3.60000E+01 1.61520E+02
 3.70000E+01 1.59298E+02
 3.80000E+01 1.56882E+02
 3.90000E+01 1.55466E+02
 4.00000E+01 1.50001E+02
