# n +  94Zr: Production of  88Sr - Total
# Q-value    =-1.79153E+01 mass=  87.905612
# E-threshold= 1.81077E+01
# # energies =    40
#     E          xs
 1.00000E+00 0.00000E+00
 2.00000E+00 0.00000E+00
 3.00000E+00 0.00000E+00
 4.00000E+00 0.00000E+00
 5.00000E+00 0.00000E+00
 6.00000E+00 0.00000E+00
 7.00000E+00 0.00000E+00
 8.00000E+00 0.00000E+00
 9.00000E+00 0.00000E+00
 1.00000E+01 0.00000E+00
 1.10000E+01 0.00000E+00
 1.20000E+01 0.00000E+00
 1.30000E+01 0.00000E+00
 1.40000E+01 0.00000E+00
 1.50000E+01 0.00000E+00
 1.60000E+01 0.00000E+00
 1.70000E+01 0.00000E+00
 1.80000E+01 0.00000E+00
 1.90000E+01 0.00000E+00
 2.00000E+01 0.00000E+00
 2.10000E+01 0.00000E+00
 2.20000E+01 0.00000E+00
 2.30000E+01 0.00000E+00
 2.40000E+01 0.00000E+00
 2.50000E+01 0.00000E+00
 2.60000E+01 2.71375E-03
 2.70000E+01 7.79319E-03
 2.80000E+01 2.30906E-02
 2.90000E+01 6.37399E-02
 3.00000E+01 1.75427E-01
 3.10000E+01 4.05712E-01
 3.20000E+01 8.15618E-01
 3.30000E+01 1.43282E+00
 3.40000E+01 2.34182E+00
 3.50000E+01 3.48199E+00
 3.60000E+01 4.83701E+00
 3.70000E+01 6.52873E+00
 3.80000E+01 8.21051E+00
 3.90000E+01 9.96903E+00
 4.00000E+01 1.19197E+01
