# n +  91Zr: Production of  90Sr - Total
# Q-value    =-8.45405E+00 mass=  89.907731
# E-threshold= 8.54786E+00
# # energies =    40
#     E          xs
 1.00000E+00 0.00000E+00
 2.00000E+00 0.00000E+00
 3.00000E+00 0.00000E+00
 4.00000E+00 0.00000E+00
 5.00000E+00 0.00000E+00
 6.00000E+00 0.00000E+00
 7.00000E+00 0.00000E+00
 8.00000E+00 0.00000E+00
 9.00000E+00 0.00000E+00
 1.00000E+01 0.00000E+00
 1.10000E+01 0.00000E+00
 1.20000E+01 0.00000E+00
 1.30000E+01 0.00000E+00
 1.40000E+01 0.00000E+00
 1.50000E+01 0.00000E+00
 1.60000E+01 0.00000E+00
 1.70000E+01 0.00000E+00
 1.80000E+01 0.00000E+00
 1.90000E+01 1.71758E-03
 2.00000E+01 3.42256E-03
 2.10000E+01 6.04118E-03
 2.20000E+01 9.83855E-03
 2.30000E+01 1.57912E-02
 2.40000E+01 2.50425E-02
 2.50000E+01 3.91664E-02
 2.60000E+01 5.94278E-02
 2.70000E+01 8.42124E-02
 2.80000E+01 1.10842E-01
 2.90000E+01 1.39572E-01
 3.00000E+01 1.61859E-01
 3.10000E+01 1.83295E-01
 3.20000E+01 1.97581E-01
 3.30000E+01 2.09926E-01
 3.40000E+01 2.20734E-01
 3.50000E+01 2.22303E-01
 3.60000E+01 2.33052E-01
 3.70000E+01 2.38325E-01
 3.80000E+01 2.48023E-01
 3.90000E+01 2.49019E-01
 4.00000E+01 2.53550E-01
