# n +  91Zr: Production of  88Y  - Total
# Q-value    =-1.85463E+01 mass=  87.909501
# E-threshold= 1.87521E+01
# # energies =    40
#     E          xs
 1.00000E+00 0.00000E+00
 2.00000E+00 0.00000E+00
 3.00000E+00 0.00000E+00
 4.00000E+00 0.00000E+00
 5.00000E+00 0.00000E+00
 6.00000E+00 0.00000E+00
 7.00000E+00 0.00000E+00
 8.00000E+00 0.00000E+00
 9.00000E+00 0.00000E+00
 1.00000E+01 0.00000E+00
 1.10000E+01 0.00000E+00
 1.20000E+01 0.00000E+00
 1.30000E+01 0.00000E+00
 1.40000E+01 0.00000E+00
 1.50000E+01 0.00000E+00
 1.60000E+01 0.00000E+00
 1.70000E+01 0.00000E+00
 1.80000E+01 0.00000E+00
 1.90000E+01 0.00000E+00
 2.00000E+01 0.00000E+00
 2.10000E+01 0.00000E+00
 2.20000E+01 0.00000E+00
 2.30000E+01 3.85027E-03
 2.40000E+01 4.64959E-02
 2.50000E+01 2.36928E-01
 2.60000E+01 6.98880E-01
 2.70000E+01 1.42034E+00
 2.80000E+01 2.21966E+00
 2.90000E+01 3.21376E+00
 3.00000E+01 4.39135E+00
 3.10000E+01 5.72245E+00
 3.20000E+01 8.83664E+00
 3.30000E+01 1.33020E+01
 3.40000E+01 2.12747E+01
 3.50000E+01 3.04166E+01
 3.60000E+01 4.07569E+01
 3.70000E+01 5.54220E+01
 3.80000E+01 6.80291E+01
 3.90000E+01 8.02349E+01
 4.00000E+01 9.55974E+01
