# n +  96Zr: Production of  96Y  - Total
# Q-value    =-6.32060E+00 mass=  95.915903
# E-threshold= 6.38707E+00
# # energies =    40
#     E          xs
 1.00000E+00 0.00000E+00
 2.00000E+00 0.00000E+00
 3.00000E+00 0.00000E+00
 4.00000E+00 0.00000E+00
 5.00000E+00 0.00000E+00
 6.00000E+00 0.00000E+00
 7.00000E+00 0.00000E+00
 8.00000E+00 0.00000E+00
 9.00000E+00 0.00000E+00
 1.00000E+01 0.00000E+00
 1.10000E+01 8.92088E-03
 1.20000E+01 7.65835E-02
 1.30000E+01 3.49077E-01
 1.40000E+01 1.07696E+00
 1.50000E+01 2.36758E+00
 1.60000E+01 4.21317E+00
 1.70000E+01 6.48585E+00
 1.80000E+01 8.84934E+00
 1.90000E+01 1.10555E+01
 2.00000E+01 1.28396E+01
 2.10000E+01 1.40980E+01
 2.20000E+01 1.53604E+01
 2.30000E+01 1.60879E+01
 2.40000E+01 1.65522E+01
 2.50000E+01 1.66921E+01
 2.60000E+01 1.68145E+01
 2.70000E+01 1.65560E+01
 2.80000E+01 1.70308E+01
 2.90000E+01 1.68561E+01
 3.00000E+01 1.61592E+01
 3.10000E+01 1.58704E+01
 3.20000E+01 1.55345E+01
 3.30000E+01 1.46412E+01
 3.40000E+01 1.41691E+01
 3.50000E+01 1.37925E+01
 3.60000E+01 1.32790E+01
 3.70000E+01 1.25167E+01
 3.80000E+01 1.18624E+01
 3.90000E+01 1.14089E+01
 4.00000E+01 1.09775E+01
