# n +  94Zr: Production of  94Zr - Total
# Q-value    =-9.18750E-01 mass=  93.906313
# E-threshold= 9.28618E-01
# # energies =    40
#     E          xs
 1.00000E+00 4.58270E+02
 2.00000E+00 1.61471E+03
 3.00000E+00 1.88524E+03
 4.00000E+00 1.81481E+03
 5.00000E+00 1.78167E+03
 6.00000E+00 1.80421E+03
 7.00000E+00 1.82480E+03
 8.00000E+00 1.82234E+03
 9.00000E+00 1.30448E+03
 1.00000E+01 7.99495E+02
 1.10000E+01 4.94949E+02
 1.20000E+01 3.58076E+02
 1.30000E+01 2.90961E+02
 1.40000E+01 2.61404E+02
 1.50000E+01 2.43955E+02
 1.60000E+01 2.30897E+02
 1.70000E+01 2.19969E+02
 1.80000E+01 2.10107E+02
 1.90000E+01 2.00982E+02
 2.00000E+01 1.94964E+02
 2.10000E+01 1.85757E+02
 2.20000E+01 1.82671E+02
 2.30000E+01 1.74372E+02
 2.40000E+01 1.69292E+02
 2.50000E+01 1.64553E+02
 2.60000E+01 1.57639E+02
 2.70000E+01 1.53498E+02
 2.80000E+01 1.49764E+02
 2.90000E+01 1.43516E+02
 3.00000E+01 1.39760E+02
 3.10000E+01 1.35706E+02
 3.20000E+01 1.31899E+02
 3.30000E+01 1.25720E+02
 3.40000E+01 1.21793E+02
 3.50000E+01 1.17776E+02
 3.60000E+01 1.14103E+02
 3.70000E+01 1.10509E+02
 3.80000E+01 1.05347E+02
 3.90000E+01 1.01621E+02
 4.00000E+01 9.84431E+01
