# n +  96Zr: Production of  94Zr - Total
# Q-value    =-1.43122E+01 mass=  93.906313
# E-threshold= 1.44627E+01
# # energies =    40
#     E          xs
 1.00000E+00 0.00000E+00
 2.00000E+00 0.00000E+00
 3.00000E+00 0.00000E+00
 4.00000E+00 0.00000E+00
 5.00000E+00 0.00000E+00
 6.00000E+00 0.00000E+00
 7.00000E+00 0.00000E+00
 8.00000E+00 0.00000E+00
 9.00000E+00 0.00000E+00
 1.00000E+01 0.00000E+00
 1.10000E+01 0.00000E+00
 1.20000E+01 0.00000E+00
 1.30000E+01 0.00000E+00
 1.40000E+01 0.00000E+00
 1.50000E+01 5.87281E+00
 1.60000E+01 6.43327E+01
 1.70000E+01 2.09555E+02
 1.80000E+01 4.10925E+02
 1.90000E+01 6.11342E+02
 2.00000E+01 7.67888E+02
 2.10000E+01 8.86119E+02
 2.20000E+01 9.55058E+02
 2.30000E+01 1.00140E+03
 2.40000E+01 1.01507E+03
 2.50000E+01 9.91061E+02
 2.60000E+01 9.28380E+02
 2.70000E+01 8.34816E+02
 2.80000E+01 7.39430E+02
 2.90000E+01 6.45824E+02
 3.00000E+01 5.61266E+02
 3.10000E+01 4.90211E+02
 3.20000E+01 4.32203E+02
 3.30000E+01 3.85232E+02
 3.40000E+01 3.51482E+02
 3.50000E+01 3.23193E+02
 3.60000E+01 3.01970E+02
 3.70000E+01 2.80641E+02
 3.80000E+01 2.69490E+02
 3.90000E+01 2.56789E+02
 4.00000E+01 2.44984E+02
