# n +  92Zr: Production of  92Zr - Total
# Q-value    =-9.34510E-01 mass=  91.905035
# E-threshold= 9.44766E-01
# # energies =    40
#     E          xs
 1.00000E+00 3.12209E+02
 2.00000E+00 1.54899E+03
 3.00000E+00 1.91659E+03
 4.00000E+00 1.86901E+03
 5.00000E+00 1.80957E+03
 6.00000E+00 1.81725E+03
 7.00000E+00 1.83467E+03
 8.00000E+00 1.83389E+03
 9.00000E+00 1.68780E+03
 1.00000E+01 1.12715E+03
 1.10000E+01 7.41402E+02
 1.20000E+01 5.10747E+02
 1.30000E+01 3.79099E+02
 1.40000E+01 3.06339E+02
 1.50000E+01 2.70613E+02
 1.60000E+01 2.50852E+02
 1.70000E+01 2.36525E+02
 1.80000E+01 2.24331E+02
 1.90000E+01 2.17130E+02
 2.00000E+01 2.05748E+02
 2.10000E+01 1.96156E+02
 2.20000E+01 1.92641E+02
 2.30000E+01 1.82557E+02
 2.40000E+01 1.77862E+02
 2.50000E+01 1.71561E+02
 2.60000E+01 1.64894E+02
 2.70000E+01 1.59271E+02
 2.80000E+01 1.55883E+02
 2.90000E+01 1.49967E+02
 3.00000E+01 1.44378E+02
 3.10000E+01 1.40701E+02
 3.20000E+01 1.35441E+02
 3.30000E+01 1.29295E+02
 3.40000E+01 1.25159E+02
 3.50000E+01 1.21639E+02
 3.60000E+01 1.18233E+02
 3.70000E+01 1.11440E+02
 3.80000E+01 1.07738E+02
 3.90000E+01 1.04552E+02
 4.00000E+01 1.01500E+02
