# n +  91Zr: Production of  89Zr - Total
# Q-value    =-1.91626E+01 mass=  88.908882
# E-threshold= 1.93753E+01
# # energies =    40
#     E          xs
 1.00000E+00 0.00000E+00
 2.00000E+00 0.00000E+00
 3.00000E+00 0.00000E+00
 4.00000E+00 0.00000E+00
 5.00000E+00 0.00000E+00
 6.00000E+00 0.00000E+00
 7.00000E+00 0.00000E+00
 8.00000E+00 0.00000E+00
 9.00000E+00 0.00000E+00
 1.00000E+01 0.00000E+00
 1.10000E+01 0.00000E+00
 1.20000E+01 0.00000E+00
 1.30000E+01 0.00000E+00
 1.40000E+01 0.00000E+00
 1.50000E+01 0.00000E+00
 1.60000E+01 0.00000E+00
 1.70000E+01 0.00000E+00
 1.80000E+01 0.00000E+00
 1.90000E+01 0.00000E+00
 2.00000E+01 1.71707E+01
 2.10000E+01 8.58590E+01
 2.20000E+01 1.88464E+02
 2.30000E+01 2.91943E+02
 2.40000E+01 3.88801E+02
 2.50000E+01 4.59500E+02
 2.60000E+01 5.12294E+02
 2.70000E+01 5.50635E+02
 2.80000E+01 5.76958E+02
 2.90000E+01 5.88198E+02
 3.00000E+01 5.98805E+02
 3.10000E+01 6.04547E+02
 3.20000E+01 5.93864E+02
 3.30000E+01 5.78681E+02
 3.40000E+01 5.45070E+02
 3.50000E+01 5.10061E+02
 3.60000E+01 4.65721E+02
 3.70000E+01 4.23134E+02
 3.80000E+01 3.89013E+02
 3.90000E+01 3.55733E+02
 4.00000E+01 3.30005E+02
