# n +  90Zr: Production of  89Zr - Level  1     0.58782 MeV
# Q-value    =-1.25561E+01 mass=  88.908882
# E-threshold= 1.26970E+01
# # energies =    40
#     E          xs      Branching
 1.00000E+00 0.00000E+00 0.00000E+00
 2.00000E+00 0.00000E+00 0.00000E+00
 3.00000E+00 0.00000E+00 0.00000E+00
 4.00000E+00 0.00000E+00 0.00000E+00
 5.00000E+00 0.00000E+00 0.00000E+00
 6.00000E+00 0.00000E+00 0.00000E+00
 7.00000E+00 0.00000E+00 0.00000E+00
 8.00000E+00 0.00000E+00 0.00000E+00
 9.00000E+00 0.00000E+00 0.00000E+00
 1.00000E+01 0.00000E+00 0.00000E+00
 1.10000E+01 0.00000E+00 0.00000E+00
 1.20000E+01 0.00000E+00 0.00000E+00
 1.30000E+01 8.38658E+00 3.09695E-02
 1.40000E+01 8.64222E+01 1.44068E-01
 1.50000E+01 1.68848E+02 2.04688E-01
 1.60000E+01 2.15166E+02 2.24733E-01
 1.70000E+01 2.31607E+02 2.23150E-01
 1.80000E+01 2.29345E+02 2.13806E-01
 1.90000E+01 2.21254E+02 2.03291E-01
 2.00000E+01 2.11889E+02 1.93373E-01
 2.10000E+01 2.02677E+02 1.84963E-01
 2.20000E+01 1.92117E+02 1.77546E-01
 2.30000E+01 1.77582E+02 1.67909E-01
 2.40000E+01 1.56166E+02 1.53668E-01
 2.50000E+01 1.32432E+02 1.40763E-01
 2.60000E+01 1.09172E+02 1.30602E-01
 2.70000E+01 8.96794E+01 1.24553E-01
 2.80000E+01 7.58124E+01 1.22643E-01
 2.90000E+01 6.51746E+01 1.22492E-01
 3.00000E+01 5.86312E+01 1.24344E-01
 3.10000E+01 5.27746E+01 1.25245E-01
 3.20000E+01 4.84158E+01 1.26335E-01
 3.30000E+01 4.59739E+01 1.27712E-01
 3.40000E+01 4.30880E+01 1.27724E-01
 3.50000E+01 4.12170E+01 1.28989E-01
 3.60000E+01 3.94486E+01 1.28210E-01
 3.70000E+01 3.81381E+01 1.28533E-01
 3.80000E+01 3.65107E+01 1.27758E-01
 3.90000E+01 3.51684E+01 1.27416E-01
 4.00000E+01 3.41737E+01 1.27730E-01
