# n +  96Zr: Production of  97Zr - Total
# Q-value    = 5.57514E+00 mass=  96.910957
# E-threshold= 0.00000E+00
# # energies =    40
#     E          xs
 1.00000E+00 3.00227E+01
 2.00000E+00 3.16587E+01
 3.00000E+00 2.12896E+01
 4.00000E+00 1.34064E+01
 5.00000E+00 8.49460E+00
 6.00000E+00 4.89497E+00
 7.00000E+00 2.73950E+00
 8.00000E+00 1.59721E+00
 9.00000E+00 1.09356E+00
 1.00000E+01 9.52938E-01
 1.10000E+01 1.02154E+00
 1.20000E+01 1.14360E+00
 1.30000E+01 1.22601E+00
 1.40000E+01 1.24632E+00
 1.50000E+01 1.22583E+00
 1.60000E+01 1.16858E+00
 1.70000E+01 1.05632E+00
 1.80000E+01 9.24163E-01
 1.90000E+01 7.92338E-01
 2.00000E+01 6.61868E-01
 2.10000E+01 5.59285E-01
 2.20000E+01 4.82179E-01
 2.30000E+01 4.22027E-01
 2.40000E+01 3.77228E-01
 2.50000E+01 3.40741E-01
 2.60000E+01 3.13059E-01
 2.70000E+01 2.90843E-01
 2.80000E+01 2.71309E-01
 2.90000E+01 2.54427E-01
 3.00000E+01 2.40220E-01
 3.10000E+01 2.27324E-01
 3.20000E+01 2.15569E-01
 3.30000E+01 2.05533E-01
 3.40000E+01 1.95894E-01
 3.50000E+01 1.87623E-01
 3.60000E+01 1.80489E-01
 3.70000E+01 1.72430E-01
 3.80000E+01 1.67692E-01
 3.90000E+01 1.57714E-01
 4.00000E+01 1.57984E-01
