# n +  90Zr: Production of  89Zr - Total
# Q-value    =-1.19683E+01 mass=  88.908882
# E-threshold= 1.21026E+01
# # energies =    40
#     E          xs
 1.00000E+00 0.00000E+00
 2.00000E+00 0.00000E+00
 3.00000E+00 0.00000E+00
 4.00000E+00 0.00000E+00
 5.00000E+00 0.00000E+00
 6.00000E+00 0.00000E+00
 7.00000E+00 0.00000E+00
 8.00000E+00 0.00000E+00
 9.00000E+00 0.00000E+00
 1.00000E+01 0.00000E+00
 1.10000E+01 0.00000E+00
 1.20000E+01 0.00000E+00
 1.30000E+01 2.70801E+02
 1.40000E+01 5.99869E+02
 1.50000E+01 8.24906E+02
 1.60000E+01 9.57427E+02
 1.70000E+01 1.03790E+03
 1.80000E+01 1.07268E+03
 1.90000E+01 1.08836E+03
 2.00000E+01 1.09575E+03
 2.10000E+01 1.09577E+03
 2.20000E+01 1.08207E+03
 2.30000E+01 1.05761E+03
 2.40000E+01 1.01626E+03
 2.50000E+01 9.40815E+02
 2.60000E+01 8.35916E+02
 2.70000E+01 7.20011E+02
 2.80000E+01 6.18153E+02
 2.90000E+01 5.32070E+02
 3.00000E+01 4.71525E+02
 3.10000E+01 4.21370E+02
 3.20000E+01 3.83235E+02
 3.30000E+01 3.59982E+02
 3.40000E+01 3.37352E+02
 3.50000E+01 3.19539E+02
 3.60000E+01 3.07688E+02
 3.70000E+01 2.96719E+02
 3.80000E+01 2.85780E+02
 3.90000E+01 2.76012E+02
 4.00000E+01 2.67546E+02
