# n +  94Zr: Production of  91Zr - Total
# Q-value    =-2.35877E+01 mass=  90.905640
# E-threshold= 2.38411E+01
# # energies =    40
#     E          xs
 1.00000E+00 0.00000E+00
 2.00000E+00 0.00000E+00
 3.00000E+00 0.00000E+00
 4.00000E+00 0.00000E+00
 5.00000E+00 0.00000E+00
 6.00000E+00 0.00000E+00
 7.00000E+00 0.00000E+00
 8.00000E+00 0.00000E+00
 9.00000E+00 0.00000E+00
 1.00000E+01 0.00000E+00
 1.10000E+01 0.00000E+00
 1.20000E+01 0.00000E+00
 1.30000E+01 0.00000E+00
 1.40000E+01 0.00000E+00
 1.50000E+01 0.00000E+00
 1.60000E+01 0.00000E+00
 1.70000E+01 0.00000E+00
 1.80000E+01 0.00000E+00
 1.90000E+01 0.00000E+00
 2.00000E+01 0.00000E+00
 2.10000E+01 0.00000E+00
 2.20000E+01 0.00000E+00
 2.30000E+01 0.00000E+00
 2.40000E+01 2.62969E-01
 2.50000E+01 1.45985E+01
 2.60000E+01 5.47691E+01
 2.70000E+01 1.20946E+02
 2.80000E+01 2.10954E+02
 2.90000E+01 3.03107E+02
 3.00000E+01 3.87557E+02
 3.10000E+01 4.59796E+02
 3.20000E+01 5.20779E+02
 3.30000E+01 5.64558E+02
 3.40000E+01 5.93284E+02
 3.50000E+01 6.00808E+02
 3.60000E+01 5.92158E+02
 3.70000E+01 5.65443E+02
 3.80000E+01 5.34774E+02
 3.90000E+01 4.91601E+02
 4.00000E+01 4.49495E+02
