# n +  90Zr: Production of  90Zr - Total
# Q-value    =-1.76071E+00 mass=  89.904699
# E-threshold= 1.78046E+00
# # energies =    40
#     E          xs
 1.00000E+00 1.86183E-01
 2.00000E+00 2.50702E+02
 3.00000E+00 1.30703E+03
 4.00000E+00 1.58451E+03
 5.00000E+00 1.68136E+03
 6.00000E+00 1.72648E+03
 7.00000E+00 1.75755E+03
 8.00000E+00 1.76299E+03
 9.00000E+00 1.75364E+03
 1.00000E+01 1.73821E+03
 1.10000E+01 1.71610E+03
 1.20000E+01 1.67189E+03
 1.30000E+01 1.34595E+03
 1.40000E+01 9.94485E+02
 1.50000E+01 7.49002E+02
 1.60000E+01 5.97460E+02
 1.70000E+01 4.95453E+02
 1.80000E+01 4.37283E+02
 1.90000E+01 3.98812E+02
 2.00000E+01 3.70833E+02
 2.10000E+01 3.48436E+02
 2.20000E+01 3.34945E+02
 2.30000E+01 3.21976E+02
 2.40000E+01 3.06381E+02
 2.50000E+01 2.95084E+02
 2.60000E+01 2.83386E+02
 2.70000E+01 2.75303E+02
 2.80000E+01 2.65035E+02
 2.90000E+01 2.59319E+02
 3.00000E+01 2.48352E+02
 3.10000E+01 2.41416E+02
 3.20000E+01 2.34759E+02
 3.30000E+01 2.23967E+02
 3.40000E+01 2.17083E+02
 3.50000E+01 2.10707E+02
 3.60000E+01 2.01968E+02
 3.70000E+01 1.94653E+02
 3.80000E+01 1.88775E+02
 3.90000E+01 1.83314E+02
 4.00000E+01 1.77084E+02
