# n +  92Zr: Production of  90Zr - Total
# Q-value    =-1.58291E+01 mass=  89.904699
# E-threshold= 1.60029E+01
# # energies =    40
#     E          xs
 1.00000E+00 0.00000E+00
 2.00000E+00 0.00000E+00
 3.00000E+00 0.00000E+00
 4.00000E+00 0.00000E+00
 5.00000E+00 0.00000E+00
 6.00000E+00 0.00000E+00
 7.00000E+00 0.00000E+00
 8.00000E+00 0.00000E+00
 9.00000E+00 0.00000E+00
 1.00000E+01 0.00000E+00
 1.10000E+01 0.00000E+00
 1.20000E+01 0.00000E+00
 1.30000E+01 0.00000E+00
 1.40000E+01 0.00000E+00
 1.50000E+01 0.00000E+00
 1.60000E+01 0.00000E+00
 1.70000E+01 2.19601E+01
 1.80000E+01 9.09362E+01
 1.90000E+01 2.02301E+02
 2.00000E+01 3.51345E+02
 2.10000E+01 5.15562E+02
 2.20000E+01 6.56586E+02
 2.30000E+01 7.47606E+02
 2.40000E+01 8.08915E+02
 2.50000E+01 8.46853E+02
 2.60000E+01 8.67897E+02
 2.70000E+01 8.76349E+02
 2.80000E+01 8.78162E+02
 2.90000E+01 8.67109E+02
 3.00000E+01 8.42599E+02
 3.10000E+01 8.01941E+02
 3.20000E+01 7.41738E+02
 3.30000E+01 6.77460E+02
 3.40000E+01 6.15199E+02
 3.50000E+01 5.52984E+02
 3.60000E+01 4.95827E+02
 3.70000E+01 4.50784E+02
 3.80000E+01 4.11427E+02
 3.90000E+01 3.82952E+02
 4.00000E+01 3.56504E+02
