# n +  94Zr: Production of  92Zr - Total
# Q-value    =-1.49529E+01 mass=  91.905035
# E-threshold= 1.51136E+01
# # energies =    40
#     E          xs
 1.00000E+00 0.00000E+00
 2.00000E+00 0.00000E+00
 3.00000E+00 0.00000E+00
 4.00000E+00 0.00000E+00
 5.00000E+00 0.00000E+00
 6.00000E+00 0.00000E+00
 7.00000E+00 0.00000E+00
 8.00000E+00 0.00000E+00
 9.00000E+00 0.00000E+00
 1.00000E+01 0.00000E+00
 1.10000E+01 0.00000E+00
 1.20000E+01 0.00000E+00
 1.30000E+01 0.00000E+00
 1.40000E+01 0.00000E+00
 1.50000E+01 0.00000E+00
 1.60000E+01 2.40514E+01
 1.70000E+01 1.26698E+02
 1.80000E+01 3.16936E+02
 1.90000E+01 5.28287E+02
 2.00000E+01 7.03793E+02
 2.10000E+01 8.35574E+02
 2.20000E+01 9.12880E+02
 2.30000E+01 9.62536E+02
 2.40000E+01 9.90032E+02
 2.50000E+01 9.89886E+02
 2.60000E+01 9.56543E+02
 2.70000E+01 8.90073E+02
 2.80000E+01 7.98287E+02
 2.90000E+01 6.98781E+02
 3.00000E+01 6.08384E+02
 3.10000E+01 5.26329E+02
 3.20000E+01 4.56127E+02
 3.30000E+01 3.99637E+02
 3.40000E+01 3.53813E+02
 3.50000E+01 3.23896E+02
 3.60000E+01 2.97915E+02
 3.70000E+01 2.79878E+02
 3.80000E+01 2.61794E+02
 3.90000E+01 2.52639E+02
 4.00000E+01 2.39002E+02
