# n +  91Zr: Production of  90Zr - Total
# Q-value    =-7.19435E+00 mass=  89.904699
# E-threshold= 7.27418E+00
# # energies =    40
#     E          xs
 1.00000E+00 0.00000E+00
 2.00000E+00 0.00000E+00
 3.00000E+00 0.00000E+00
 4.00000E+00 0.00000E+00
 5.00000E+00 0.00000E+00
 6.00000E+00 0.00000E+00
 7.00000E+00 0.00000E+00
 8.00000E+00 1.28107E+02
 9.00000E+00 3.58237E+02
 1.00000E+01 6.04153E+02
 1.10000E+01 8.85665E+02
 1.20000E+01 1.08752E+03
 1.30000E+01 1.18504E+03
 1.40000E+01 1.23195E+03
 1.50000E+01 1.24812E+03
 1.60000E+01 1.25504E+03
 1.70000E+01 1.25818E+03
 1.80000E+01 1.25808E+03
 1.90000E+01 1.25233E+03
 2.00000E+01 1.21951E+03
 2.10000E+01 1.12505E+03
 2.20000E+01 9.94733E+02
 2.30000E+01 8.65318E+02
 2.40000E+01 7.48778E+02
 2.50000E+01 6.55453E+02
 2.60000E+01 5.83553E+02
 2.70000E+01 5.24917E+02
 2.80000E+01 4.78484E+02
 2.90000E+01 4.52552E+02
 3.00000E+01 4.24301E+02
 3.10000E+01 3.98792E+02
 3.20000E+01 3.85964E+02
 3.30000E+01 3.67523E+02
 3.40000E+01 3.56278E+02
 3.50000E+01 3.40081E+02
 3.60000E+01 3.32578E+02
 3.70000E+01 3.23575E+02
 3.80000E+01 3.11542E+02
 3.90000E+01 3.02879E+02
 4.00000E+01 2.93220E+02
