# n +  94Zr Total cross sections
# 
# 
# # energies =    40
#    E      Cross section
 1.00000E+00 7.20669E+03
 2.00000E+00 4.98986E+03
 3.00000E+00 4.06434E+03
 4.00000E+00 3.64382E+03
 5.00000E+00 3.61119E+03
 6.00000E+00 3.77692E+03
 7.00000E+00 3.97290E+03
 8.00000E+00 4.11888E+03
 9.00000E+00 4.19952E+03
 1.00000E+01 4.22235E+03
 1.10000E+01 4.20117E+03
 1.20000E+01 4.14964E+03
 1.30000E+01 4.07749E+03
 1.40000E+01 3.99092E+03
 1.50000E+01 3.89509E+03
 1.60000E+01 3.79491E+03
 1.70000E+01 3.69377E+03
 1.80000E+01 3.59282E+03
 1.90000E+01 3.49218E+03
 2.00000E+01 3.39277E+03
 2.10000E+01 3.29691E+03
 2.20000E+01 3.20765E+03
 2.30000E+01 3.12770E+03
 2.40000E+01 3.05885E+03
 2.50000E+01 3.00177E+03
 2.60000E+01 2.95615E+03
 2.70000E+01 2.92095E+03
 2.80000E+01 2.89480E+03
 2.90000E+01 2.87628E+03
 3.00000E+01 2.86419E+03
 3.10000E+01 2.85764E+03
 3.20000E+01 2.85598E+03
 3.30000E+01 2.85876E+03
 3.40000E+01 2.86560E+03
 3.50000E+01 2.87609E+03
 3.60000E+01 2.88981E+03
 3.70000E+01 2.90626E+03
 3.80000E+01 2.92491E+03
 3.90000E+01 2.94524E+03
 4.00000E+01 2.96672E+03
