# n +  90Zr Total cross sections
# 
# 
# # energies =    40
#     E      Non-elastic    Elastic     Total     Comp. el.   Shape el.   Reaction   Comp. nonel   Direct    Pre-equil.  Dir. Capt.
 1.00000E+00 1.41228E+01 6.56655E+03 6.58067E+03 2.56710E+03 3.99945E+03 2.58122E+03 1.41228E+01 0.00000E+00 0.00000E+00 0.00000E+00
 2.00000E+00 2.77826E+02 4.41649E+03 4.69431E+03 2.04379E+03 2.37270E+03 2.32162E+03 2.35862E+02 4.19644E+01 0.00000E+00 0.00000E+00
 3.00000E+00 1.31927E+03 2.70178E+03 4.02106E+03 8.61218E+02 1.84056E+03 2.18049E+03 1.15132E+03 1.67951E+02 0.00000E+00 0.00000E+00
 4.00000E+00 1.59445E+03 2.12424E+03 3.71868E+03 3.29707E+02 1.79453E+03 1.92416E+03 1.38852E+03 2.05931E+02 0.00000E+00 0.00000E+00
 5.00000E+00 1.68917E+03 2.00820E+03 3.69737E+03 9.49458E+01 1.91325E+03 1.78412E+03 1.47027E+03 2.15193E+02 2.98171E+00 0.00000E+00
 6.00000E+00 1.73378E+03 2.11605E+03 3.84983E+03 2.71191E+01 2.08893E+03 1.76090E+03 1.50368E+03 2.07491E+02 2.06970E+01 0.00000E+00
 7.00000E+00 1.76504E+03 2.27049E+03 4.03552E+03 7.69837E+00 2.26279E+03 1.77274E+03 1.51908E+03 1.97073E+02 4.64669E+01 0.00000E+00
 8.00000E+00 1.77122E+03 2.39838E+03 4.16959E+03 2.27764E+00 2.39610E+03 1.77350E+03 1.49129E+03 1.89629E+02 7.82221E+01 0.00000E+00
 9.00000E+00 1.76327E+03 2.47311E+03 4.23638E+03 7.07193E-01 2.47240E+03 1.76398E+03 1.45506E+03 1.83933E+02 1.10040E+02 0.00000E+00
 1.00000E+01 1.75015E+03 2.49322E+03 4.24336E+03 2.30509E-01 2.49299E+03 1.75038E+03 1.41289E+03 1.77724E+02 1.44213E+02 0.00000E+00
 1.10000E+01 1.73308E+03 2.46722E+03 4.20030E+03 7.86888E-02 2.46714E+03 1.73316E+03 1.36776E+03 1.70442E+02 1.79719E+02 0.00000E+00
 1.20000E+01 1.71493E+03 2.40639E+03 4.12131E+03 1.31840E-02 2.40638E+03 1.71494E+03 1.32080E+03 1.62956E+02 2.16582E+02 0.00000E+00
 1.30000E+01 1.69947E+03 2.32194E+03 4.02141E+03 4.88122E-03 2.32194E+03 1.69947E+03 1.27464E+03 1.56430E+02 2.54299E+02 0.00000E+00
 1.40000E+01 1.68793E+03 2.22319E+03 3.91112E+03 1.87430E-03 2.22319E+03 1.68793E+03 1.23023E+03 1.51131E+02 2.92813E+02 0.00000E+00
 1.50000E+01 1.67981E+03 2.11712E+03 3.79692E+03 7.42437E-04 2.11712E+03 1.67981E+03 1.18651E+03 1.47437E+02 3.32193E+02 0.00000E+00
 1.60000E+01 1.67470E+03 2.00909E+03 3.68379E+03 3.02168E-04 2.00909E+03 1.67470E+03 1.14404E+03 1.44214E+02 3.72283E+02 0.00000E+00
 1.70000E+01 1.67215E+03 1.90352E+03 3.57568E+03 1.26097E-04 1.90352E+03 1.67215E+03 1.10285E+03 1.41184E+02 4.12931E+02 0.00000E+00
 1.80000E+01 1.67058E+03 1.80379E+03 3.47437E+03 5.39085E-05 1.80379E+03 1.67058E+03 1.06229E+03 1.38369E+02 4.53823E+02 0.00000E+00
 1.90000E+01 1.66732E+03 1.71191E+03 3.37923E+03 2.35734E-05 1.71191E+03 1.66732E+03 1.02175E+03 1.35721E+02 4.93334E+02 0.00000E+00
 2.00000E+01 1.66015E+03 1.62858E+03 3.28873E+03 1.05164E-05 1.62858E+03 1.66015E+03 9.82095E+02 1.30698E+02 5.30549E+02 0.00000E+00
 2.10000E+01 1.64856E+03 1.55391E+03 3.20247E+03 4.76723E-06 1.55391E+03 1.64856E+03 9.39966E+02 1.27931E+02 5.63462E+02 0.00000E+00
 2.20000E+01 1.63372E+03 1.48800E+03 3.12172E+03 2.19013E-06 1.48800E+03 1.63372E+03 8.88246E+02 1.26153E+02 6.01628E+02 0.00000E+00
 2.30000E+01 1.61748E+03 1.43122E+03 3.04870E+03 1.05479E-06 1.43122E+03 1.61748E+03 8.45314E+02 1.23594E+02 6.30387E+02 0.00000E+00
 2.40000E+01 1.60153E+03 1.38398E+03 2.98551E+03 5.42725E-07 1.38398E+03 1.60153E+03 8.05043E+02 1.20502E+02 6.57368E+02 0.00000E+00
 2.50000E+01 1.58685E+03 1.34661E+03 2.93346E+03 3.08882E-07 1.34661E+03 1.58685E+03 7.68376E+02 1.17380E+02 6.82067E+02 0.00000E+00
 2.60000E+01 1.57377E+03 1.31912E+03 2.89289E+03 2.00002E-07 1.31912E+03 1.57377E+03 7.32890E+02 1.14426E+02 7.07007E+02 0.00000E+00
 2.70000E+01 1.56204E+03 1.30120E+03 2.86324E+03 1.48633E-07 1.30120E+03 1.56204E+03 6.99276E+02 1.11767E+02 7.30748E+02 0.00000E+00
 2.80000E+01 1.55118E+03 1.29215E+03 2.84333E+03 1.24004E-07 1.29215E+03 1.55118E+03 6.67554E+02 1.09245E+02 7.53349E+02 0.00000E+00
 2.90000E+01 1.54063E+03 1.29105E+03 2.83168E+03 1.12004E-07 1.29105E+03 1.54063E+03 6.37748E+02 1.06807E+02 7.74264E+02 0.00000E+00
 3.00000E+01 1.52998E+03 1.29682E+03 2.82680E+03 1.06073E-07 1.29682E+03 1.52998E+03 6.09397E+02 1.04592E+02 7.93564E+02 0.00000E+00
 3.10000E+01 1.51900E+03 1.30836E+03 2.82736E+03 1.03103E-07 1.30836E+03 1.51900E+03 5.82189E+02 1.02344E+02 8.11567E+02 0.00000E+00
 3.20000E+01 1.50769E+03 1.32467E+03 2.83236E+03 1.01599E-07 1.32467E+03 1.50769E+03 5.56136E+02 1.00120E+02 8.28092E+02 0.00000E+00
 3.30000E+01 1.49615E+03 1.34488E+03 2.84102E+03 1.00831E-07 1.34488E+03 1.49615E+03 5.31190E+02 9.79207E+01 8.43225E+02 0.00000E+00
 3.40000E+01 1.48456E+03 1.36826E+03 2.85282E+03 1.00436E-07 1.36826E+03 1.48456E+03 5.07544E+02 9.56633E+01 8.57044E+02 0.00000E+00
 3.50000E+01 1.47311E+03 1.39420E+03 2.86731E+03 1.00231E-07 1.39420E+03 1.47311E+03 4.85001E+02 9.35008E+01 8.69835E+02 0.00000E+00
 3.60000E+01 1.46191E+03 1.42220E+03 2.88412E+03 1.00123E-07 1.42220E+03 1.46191E+03 4.63610E+02 9.14249E+01 8.81703E+02 0.00000E+00
 3.70000E+01 1.45104E+03 1.45180E+03 2.90284E+03 1.00066E-07 1.45180E+03 1.45104E+03 4.43518E+02 8.92173E+01 8.92801E+02 0.00000E+00
 3.80000E+01 1.44052E+03 1.48257E+03 2.92309E+03 1.00036E-07 1.48257E+03 1.44052E+03 4.24425E+02 8.70942E+01 9.03227E+02 0.00000E+00
 3.90000E+01 1.43032E+03 1.51411E+03 2.94443E+03 1.00020E-07 1.51411E+03 1.43032E+03 4.06343E+02 8.50401E+01 9.12970E+02 0.00000E+00
 4.00000E+01 1.42042E+03 1.54603E+03 2.96645E+03 1.00011E-07 1.54603E+03 1.42042E+03 3.89053E+02 8.30539E+01 9.22249E+02 0.00000E+00
