# n +  92Zr Total cross sections
# 
# 
# # energies =    40
#    E      Cross section
 1.00000E+00 6.74451E+03
 2.00000E+00 4.77701E+03
 3.00000E+00 4.03953E+03
 4.00000E+00 3.71725E+03
 5.00000E+00 3.70660E+03
 6.00000E+00 3.86486E+03
 7.00000E+00 4.04611E+03
 8.00000E+00 4.17551E+03
 9.00000E+00 4.24029E+03
 1.00000E+01 4.24831E+03
 1.10000E+01 4.21170E+03
 1.20000E+01 4.14399E+03
 1.30000E+01 4.05657E+03
 1.40000E+01 3.95725E+03
 1.50000E+01 3.85189E+03
 1.60000E+01 3.74549E+03
 1.70000E+01 3.64151E+03
 1.80000E+01 3.54117E+03
 1.90000E+01 3.44415E+03
 2.00000E+01 3.35033E+03
 2.10000E+01 3.26082E+03
 2.20000E+01 3.17777E+03
 2.30000E+01 3.10345E+03
 2.40000E+01 3.03958E+03
 2.50000E+01 2.98694E+03
 2.60000E+01 2.94541E+03
 2.70000E+01 2.91417E+03
 2.80000E+01 2.89195E+03
 2.90000E+01 2.87739E+03
 3.00000E+01 2.86923E+03
 3.10000E+01 2.86645E+03
 3.20000E+01 2.86827E+03
 3.30000E+01 2.87413E+03
 3.40000E+01 2.88355E+03
 3.50000E+01 2.89614E+03
 3.60000E+01 2.91145E+03
 3.70000E+01 2.92903E+03
 3.80000E+01 2.94843E+03
 3.90000E+01 2.96915E+03
 4.00000E+01 2.99074E+03
