# n +  92Zr Total cross sections
# 
# 
# # energies =    40
#     E      Non-elastic    Elastic     Total     Comp. el.   Shape el.   Reaction   Comp. nonel   Direct    Pre-equil.  Dir. Capt.
 1.00000E+00 3.23196E+02 6.42130E+03 6.74451E+03 2.30145E+03 4.11985E+03 2.62465E+03 3.23196E+02 0.00000E+00 0.00000E+00 0.00000E+00
 2.00000E+00 1.55570E+03 3.22131E+03 4.77701E+03 7.78246E+02 2.44306E+03 2.33395E+03 1.45421E+03 1.01492E+02 0.00000E+00 0.00000E+00
 3.00000E+00 1.92066E+03 2.11887E+03 4.03953E+03 2.58181E+02 1.86069E+03 2.17884E+03 1.79366E+03 1.26996E+02 0.00000E+00 0.00000E+00
 4.00000E+00 1.87195E+03 1.84529E+03 3.71725E+03 7.20682E+01 1.77322E+03 1.94402E+03 1.72796E+03 1.27395E+02 1.44102E+01 0.00000E+00
 5.00000E+00 1.81214E+03 1.89446E+03 3.70660E+03 2.35234E+01 1.87094E+03 1.83566E+03 1.65019E+03 1.16343E+02 4.24601E+01 0.00000E+00
 6.00000E+00 1.81963E+03 2.04523E+03 3.86486E+03 8.08945E+00 2.03714E+03 1.82772E+03 1.63516E+03 1.09066E+02 7.15335E+01 0.00000E+00
 7.00000E+00 1.83701E+03 2.20910E+03 4.04611E+03 2.81859E+00 2.20628E+03 1.83983E+03 1.62341E+03 1.04676E+02 1.04822E+02 0.00000E+00
 8.00000E+00 1.83641E+03 2.33910E+03 4.17551E+03 9.48977E-01 2.33815E+03 1.83736E+03 1.58230E+03 1.01088E+02 1.34283E+02 0.00000E+00
 9.00000E+00 1.82334E+03 2.41695E+03 4.24029E+03 1.46792E-01 2.41680E+03 1.82349E+03 1.53683E+03 9.72418E+01 1.67700E+02 0.00000E+00
 1.00000E+01 1.80509E+03 2.44322E+03 4.24831E+03 4.81701E-02 2.44317E+03 1.80514E+03 1.48588E+03 9.31654E+01 2.03232E+02 0.00000E+00
 1.10000E+01 1.78598E+03 2.42572E+03 4.21170E+03 1.62631E-02 2.42570E+03 1.78600E+03 1.43436E+03 8.91187E+01 2.39985E+02 0.00000E+00
 1.20000E+01 1.76907E+03 2.37492E+03 4.14399E+03 5.71599E-03 2.37491E+03 1.76908E+03 1.38352E+03 8.53219E+01 2.78433E+02 0.00000E+00
 1.30000E+01 1.75578E+03 2.30079E+03 4.05657E+03 2.09906E-03 2.30079E+03 1.75578E+03 1.33490E+03 8.19744E+01 3.17647E+02 0.00000E+00
 1.40000E+01 1.74573E+03 2.21152E+03 3.95725E+03 8.02401E-04 2.21152E+03 1.74573E+03 1.28744E+03 7.93710E+01 3.58060E+02 0.00000E+00
 1.50000E+01 1.73836E+03 2.11353E+03 3.85189E+03 3.17123E-04 2.11353E+03 1.73836E+03 1.24112E+03 7.70551E+01 3.99406E+02 0.00000E+00
 1.60000E+01 1.73342E+03 2.01206E+03 3.74549E+03 1.29044E-04 2.01206E+03 1.73342E+03 1.19525E+03 7.50728E+01 4.41877E+02 0.00000E+00
 1.70000E+01 1.73003E+03 1.91147E+03 3.64151E+03 5.40579E-05 1.91147E+03 1.73003E+03 1.15013E+03 7.34452E+01 4.84335E+02 0.00000E+00
 1.80000E+01 1.72617E+03 1.81500E+03 3.54117E+03 2.32929E-05 1.81500E+03 1.72617E+03 1.10632E+03 7.16393E+01 5.25407E+02 0.00000E+00
 1.90000E+01 1.71954E+03 1.72461E+03 3.44415E+03 1.02855E-05 1.72461E+03 1.71954E+03 1.06194E+03 7.02053E+01 5.64280E+02 0.00000E+00
 2.00000E+01 1.70900E+03 1.64133E+03 3.35033E+03 4.64749E-06 1.64133E+03 1.70900E+03 1.01709E+03 6.87810E+01 5.99734E+02 0.00000E+00
 2.10000E+01 1.69503E+03 1.56580E+03 3.26082E+03 2.15868E-06 1.56580E+03 1.69503E+03 9.71747E+02 6.71285E+01 6.32369E+02 0.00000E+00
 2.20000E+01 1.67914E+03 1.49864E+03 3.17777E+03 1.03553E-06 1.49864E+03 1.67914E+03 9.17500E+02 6.56629E+01 6.71739E+02 0.00000E+00
 2.30000E+01 1.66298E+03 1.44048E+03 3.10345E+03 5.35183E-07 1.44048E+03 1.66298E+03 8.73633E+02 6.40619E+01 7.00616E+02 0.00000E+00
 2.40000E+01 1.64773E+03 1.39185E+03 3.03958E+03 3.05700E-07 1.39185E+03 1.64773E+03 8.31741E+02 6.29589E+01 7.27968E+02 0.00000E+00
 2.50000E+01 1.63389E+03 1.35304E+03 2.98694E+03 1.99012E-07 1.35304E+03 1.63389E+03 7.93265E+02 6.18200E+01 7.53352E+02 0.00000E+00
 2.60000E+01 1.62140E+03 1.32401E+03 2.94541E+03 1.48447E-07 1.32401E+03 1.62140E+03 7.57357E+02 6.04327E+01 7.77698E+02 0.00000E+00
 2.70000E+01 1.60984E+03 1.30433E+03 2.91417E+03 1.24077E-07 1.30433E+03 1.60984E+03 7.23580E+02 5.91920E+01 8.00425E+02 0.00000E+00
 2.80000E+01 1.59865E+03 1.29330E+03 2.89195E+03 1.12131E-07 1.29330E+03 1.59865E+03 6.91569E+02 5.82148E+01 8.21480E+02 0.00000E+00
 2.90000E+01 1.58738E+03 1.29001E+03 2.87739E+03 1.06186E-07 1.29001E+03 1.58738E+03 6.61346E+02 5.70565E+01 8.40882E+02 0.00000E+00
 3.00000E+01 1.57579E+03 1.29344E+03 2.86923E+03 1.03190E-07 1.29344E+03 1.57579E+03 6.32981E+02 5.59910E+01 8.58177E+02 0.00000E+00
 3.10000E+01 1.56381E+03 1.30264E+03 2.86645E+03 1.01659E-07 1.30264E+03 1.56381E+03 6.05509E+02 5.48919E+01 8.74321E+02 0.00000E+00
 3.20000E+01 1.55156E+03 1.31672E+03 2.86827E+03 1.00871E-07 1.31672E+03 1.55156E+03 5.79279E+02 5.37645E+01 8.88979E+02 0.00000E+00
 3.30000E+01 1.53922E+03 1.33491E+03 2.87413E+03 1.00461E-07 1.33491E+03 1.53922E+03 5.54276E+02 5.26653E+01 9.02257E+02 0.00000E+00
 3.40000E+01 1.52698E+03 1.35658E+03 2.88355E+03 1.00246E-07 1.35658E+03 1.52698E+03 5.30626E+02 5.15481E+01 9.14299E+02 0.00000E+00
 3.50000E+01 1.51499E+03 1.38115E+03 2.89614E+03 1.00132E-07 1.38115E+03 1.51499E+03 5.08263E+02 5.04403E+01 9.25344E+02 0.00000E+00
 3.60000E+01 1.50332E+03 1.40812E+03 2.91145E+03 1.00072E-07 1.40812E+03 1.50332E+03 4.87048E+02 4.93574E+01 9.35605E+02 0.00000E+00
 3.70000E+01 1.49201E+03 1.43702E+03 2.92903E+03 1.00039E-07 1.43702E+03 1.49201E+03 4.67084E+02 4.83046E+01 9.45014E+02 0.00000E+00
 3.80000E+01 1.48104E+03 1.46739E+03 2.94843E+03 1.00022E-07 1.46739E+03 1.48104E+03 4.48187E+02 4.72829E+01 9.53737E+02 0.00000E+00
 3.90000E+01 1.47037E+03 1.49879E+03 2.96915E+03 1.00012E-07 1.49879E+03 1.47037E+03 4.30091E+02 4.63391E+01 9.61967E+02 0.00000E+00
 4.00000E+01 1.45995E+03 1.53079E+03 2.99074E+03 1.00007E-07 1.53079E+03 1.45995E+03 4.13094E+02 4.53732E+01 9.69459E+02 0.00000E+00
