# n +  96Zr Total triton   production
# Q-value    =-9.96585E+00
# 
# # energies =    40
#    E         xs         Yield
 1.00000E+00 0.00000E+00 0.00000E+00
 2.00000E+00 0.00000E+00 0.00000E+00
 3.00000E+00 0.00000E+00 0.00000E+00
 4.00000E+00 0.00000E+00 0.00000E+00
 5.00000E+00 0.00000E+00 0.00000E+00
 6.00000E+00 0.00000E+00 0.00000E+00
 7.00000E+00 0.00000E+00 0.00000E+00
 8.00000E+00 0.00000E+00 0.00000E+00
 9.00000E+00 0.00000E+00 0.00000E+00
 1.00000E+01 0.00000E+00 0.00000E+00
 1.10000E+01 4.03041E-41 2.24208E-44
 1.20000E+01 3.07191E-11 1.71756E-14
 1.30000E+01 3.50714E-07 1.97580E-10
 1.40000E+01 9.26253E-05 5.24724E-08
 1.50000E+01 2.96573E-03 1.68679E-06
 1.60000E+01 3.22263E-02 1.83779E-05
 1.70000E+01 1.52284E-01 8.70357E-05
 1.80000E+01 4.04706E-01 2.32065E-04
 1.90000E+01 7.88837E-01 4.54894E-04
 2.00000E+01 1.28940E+00 7.49697E-04
 2.10000E+01 1.90115E+00 1.11658E-03
 2.20000E+01 2.57204E+00 1.52689E-03
 2.30000E+01 3.29369E+00 1.97568E-03
 2.40000E+01 4.04755E+00 2.45092E-03
 2.50000E+01 4.81805E+00 2.94214E-03
 2.60000E+01 5.55653E+00 3.41904E-03
 2.70000E+01 6.32810E+00 3.92207E-03
 2.80000E+01 7.08747E+00 4.42467E-03
 2.90000E+01 7.82898E+00 4.92453E-03
 3.00000E+01 8.54856E+00 5.41998E-03
 3.10000E+01 9.31329E+00 5.95395E-03
 3.20000E+01 1.00453E+01 6.47667E-03
 3.30000E+01 1.06649E+01 6.93505E-03
 3.40000E+01 1.12513E+01 7.37841E-03
 3.50000E+01 1.18184E+01 7.81455E-03
 3.60000E+01 1.23328E+01 8.22037E-03
 3.70000E+01 1.27959E+01 8.59590E-03
 3.80000E+01 1.32613E+01 8.97675E-03
 3.90000E+01 1.37050E+01 9.34665E-03
 4.00000E+01 1.41299E+01 9.70751E-03
