# n +  94Zr Total triton   production
# Q-value    =-9.33130E+00
# 
# # energies =    40
#    E         xs         Yield
 1.00000E+00 0.00000E+00 0.00000E+00
 2.00000E+00 0.00000E+00 0.00000E+00
 3.00000E+00 0.00000E+00 0.00000E+00
 4.00000E+00 0.00000E+00 0.00000E+00
 5.00000E+00 0.00000E+00 0.00000E+00
 6.00000E+00 0.00000E+00 0.00000E+00
 7.00000E+00 0.00000E+00 0.00000E+00
 8.00000E+00 0.00000E+00 0.00000E+00
 9.00000E+00 0.00000E+00 0.00000E+00
 1.00000E+01 0.00000E+00 0.00000E+00
 1.10000E+01 2.96172E-15 1.67917E-18
 1.20000E+01 2.29267E-08 1.31099E-11
 1.30000E+01 1.43229E-05 8.23597E-09
 1.40000E+01 1.24599E-03 7.19072E-07
 1.50000E+01 1.80401E-02 1.04352E-05
 1.60000E+01 1.17333E-01 6.79598E-05
 1.70000E+01 3.61375E-01 2.09522E-04
 1.80000E+01 7.65654E-01 4.44822E-04
 1.90000E+01 1.31694E+00 7.68385E-04
 2.00000E+01 1.99016E+00 1.16916E-03
 2.10000E+01 2.75669E+00 1.63374E-03
 2.20000E+01 3.58802E+00 2.14695E-03
 2.30000E+01 4.46118E+00 2.69475E-03
 2.40000E+01 5.35551E+00 3.26311E-03
 2.50000E+01 6.25508E+00 3.84072E-03
 2.60000E+01 7.15098E+00 4.42139E-03
 2.70000E+01 7.98975E+00 4.97231E-03
 2.80000E+01 8.87874E+00 5.56155E-03
 2.90000E+01 9.70287E+00 6.11898E-03
 3.00000E+01 1.04927E+01 6.66453E-03
 3.10000E+01 1.13195E+01 7.24398E-03
 3.20000E+01 1.20123E+01 7.74735E-03
 3.30000E+01 1.26603E+01 8.22982E-03
 3.40000E+01 1.32631E+01 8.68947E-03
 3.50000E+01 1.38263E+01 9.12837E-03
 3.60000E+01 1.43516E+01 9.54654E-03
 3.70000E+01 1.48536E+01 9.95286E-03
 3.80000E+01 1.53122E+01 1.03335E-02
 3.90000E+01 1.57423E+01 1.06983E-02
 4.00000E+01 1.61465E+01 1.10488E-02
