# n +  92Zr Total triton   production
# Q-value    =-8.84344E+00
# 
# # energies =    40
#    E         xs         Yield
 1.00000E+00 0.00000E+00 0.00000E+00
 2.00000E+00 0.00000E+00 0.00000E+00
 3.00000E+00 0.00000E+00 0.00000E+00
 4.00000E+00 0.00000E+00 0.00000E+00
 5.00000E+00 0.00000E+00 0.00000E+00
 6.00000E+00 0.00000E+00 0.00000E+00
 7.00000E+00 0.00000E+00 0.00000E+00
 8.00000E+00 0.00000E+00 0.00000E+00
 9.00000E+00 0.00000E+00 0.00000E+00
 1.00000E+01 3.59365E-25 1.99084E-28
 1.10000E+01 2.45871E-09 1.37667E-12
 1.20000E+01 2.37832E-06 1.34439E-09
 1.30000E+01 1.73819E-04 9.89982E-08
 1.40000E+01 6.72907E-03 3.85459E-06
 1.50000E+01 5.94670E-02 3.42087E-05
 1.60000E+01 2.45491E-01 1.41622E-04
 1.70000E+01 6.22257E-01 3.59680E-04
 1.80000E+01 1.18652E+00 6.87372E-04
 1.90000E+01 1.90979E+00 1.11064E-03
 2.00000E+01 2.81756E+00 1.64866E-03
 2.10000E+01 3.75516E+00 2.21540E-03
 2.20000E+01 4.74646E+00 2.82672E-03
 2.30000E+01 5.76794E+00 3.46844E-03
 2.40000E+01 6.79821E+00 4.12580E-03
 2.50000E+01 7.82189E+00 4.78728E-03
 2.60000E+01 8.80132E+00 5.42822E-03
 2.70000E+01 9.79890E+00 6.08688E-03
 2.80000E+01 1.07441E+01 6.72076E-03
 2.90000E+01 1.16479E+01 7.33781E-03
 3.00000E+01 1.25553E+01 7.96765E-03
 3.10000E+01 1.33249E+01 8.52081E-03
 3.20000E+01 1.40646E+01 9.06479E-03
 3.30000E+01 1.47459E+01 9.58013E-03
 3.40000E+01 1.53750E+01 1.00689E-02
 3.50000E+01 1.59568E+01 1.05326E-02
 3.60000E+01 1.64952E+01 1.09725E-02
 3.70000E+01 1.69909E+01 1.13879E-02
 3.80000E+01 1.74513E+01 1.17831E-02
 3.90000E+01 1.79068E+01 1.21784E-02
 4.00000E+01 1.83051E+01 1.25382E-02
