
                       be used for evaluation purposes
                                                            14-Mar-2019 10:26
                       _________________________________

                       P E A K     F I T     R E P O R T
                       _________________________________

 Spectrum file Analysed: Sum_Spec.dat                     
 Sample Title : Cs137                                            

 Spectrum saved on 25-Oct-2018 at 16:22    Collected on  3-Oct-2018 at  5:51
 Sample  Taken  on  29-Sep-2018 21:50    Decayed      0 Days,     0 mins.

            Detector file number used:     1
            Energy     Calibration Performed on 13-Mar-2019 at 17:27
            Peak Shape Calibration Performed on 13-Mar-2019 at 17:31


   Datetime:   02-Oct-2018 09:50
   Live:       86400.00
   Mass:       149
   Shelf:      5  

   Reported Activity values were rounded     
   FitzPeaks Version: 3.71 23rd January 2014           

 Peak   Centre   FW@HM         Goodness   Peak      %      Gammas       %      2 Sigma
Energy  Channel  (KeV)  Signif  of Fit    Area   Uncert.  per sec.   Uncert. Background

   46.3   248.0   0.92     6.3    0.65       574   21.5   6.6435e-03   21.5     1455
   53.2   284.4   0.92     4.3    0.98       314   42.1   3.6391e-03   42.1     1430
   63.2   337.8   0.89    13.4    0.44      1954    8.0   2.2616e-02    8.0     1615
   72.7   388.7   0.91     9.5    1.02      1645    9.2   1.9034e-02    9.2     1722
   74.9   400.1   0.91    17.6    1.02      3040    5.6   3.5190e-02    5.6     1722
   84.5   451.9   0.96     7.0    2.04      1552    9.9   1.7965e-02    9.9     1509
   87.3   466.5   0.96     4.1    2.04       389   31.3   4.4968e-03   31.3     1358
   92.5   494.6   1.04    12.7    1.38      2801    5.7   3.2423e-02    5.7     1489
  139.7   746.2   1.02     3.6    1.04       254   37.7   2.9373e-03   37.7     1046
  143.8   768.2   1.03     3.7    1.04       481   20.6   5.5694e-03   20.6     1046
  163.4   872.5   1.05     3.4    1.50       200   51.9   2.3178e-03   51.9     1001
  185.7   992.0   1.06    14.3    0.69      2269    5.4   2.6264e-02    5.4      793
  190.3  1016.1   1.07    58.6    0.69     27315    1.2   3.1615e-01    1.2      793
  198.5  1060.1   1.09     3.4    1.27       180   55.0   2.0863e-03   55.0      855
  205.4  1096.8   1.10     3.5    1.00       188   45.3   2.1741e-03   45.3      790
  238.6  1274.3   1.13     4.3    0.89       293   29.2   3.3912e-03   29.2      732
  351.8  1878.3   1.26     3.7    1.02       141   59.1   1.6306e-03   59.1      597
  510.9  2727.5   2.88     4.2    1.03      1909    8.1   2.2100e-02    8.1      952
  558.4  2981.1   1.47    17.8    0.86      2817    4.2   3.2606e-02    4.2      410
  583.1  3112.8   1.52     3.3    0.84       148   46.4   1.7108e-03   46.4      434
  609.3  3252.4   1.55     3.6    0.97       147   50.4   1.6961e-03   50.4      459
  725.2  3871.0   1.71    15.5    1.04      2224    5.0   2.5746e-02    5.0      348
 1000.8  5342.1   1.99     3.5    1.17        93   60.0   1.0821e-03   60.0      221
 1460.5  7795.4   2.51     4.5    0.97       199   23.3   2.2993e-03   23.3       89
 1764.2  9416.5   2.85     3.6    0.90        61   55.3   7.0954e-04   55.3       61
 2614.2 13953.2   3.81     4.4    0.65       140   23.6   1.6247e-03   23.6       30
