# n +  27Al Total deuteron production
# Q-value    =-6.04672E+00
# 
# # energies =    40
#    E         xs         Yield
 1.00000E+00 0.00000E+00 0.00000E+00
 2.00000E+00 0.00000E+00 0.00000E+00
 3.00000E+00 0.00000E+00 0.00000E+00
 4.00000E+00 0.00000E+00 0.00000E+00
 5.00000E+00 0.00000E+00 0.00000E+00
 6.00000E+00 0.00000E+00 0.00000E+00
 7.00000E+00 2.95183E-03 2.92265E-06
 8.00000E+00 1.66294E+00 1.63462E-03
 9.00000E+00 6.19327E+00 6.09696E-03
 1.00000E+01 1.24126E+01 1.22573E-02
 1.10000E+01 1.99079E+01 1.97101E-02
 1.20000E+01 2.63759E+01 2.62062E-02
 1.30000E+01 3.24798E+01 3.24910E-02
 1.40000E+01 3.74630E+01 3.78484E-02
 1.50000E+01 4.08752E+01 4.19430E-02
 1.60000E+01 4.20020E+01 4.38974E-02
 1.70000E+01 4.37054E+01 4.65965E-02
 1.80000E+01 4.51664E+01 4.91463E-02
 1.90000E+01 4.61048E+01 5.11859E-02
 2.00000E+01 4.74226E+01 5.36788E-02
 2.10000E+01 4.91096E+01 5.66253E-02
 2.20000E+01 5.12405E+01 6.01318E-02
 2.30000E+01 5.34579E+01 6.38000E-02
 2.40000E+01 5.57747E+01 6.76554E-02
 2.50000E+01 5.78652E+01 7.13083E-02
 2.60000E+01 5.97856E+01 7.48223E-02
 2.70000E+01 6.15891E+01 7.82599E-02
 2.80000E+01 6.32037E+01 8.15246E-02
 2.90000E+01 6.36975E+01 8.33870E-02
 3.00000E+01 6.52766E+01 8.67126E-02
 3.10000E+01 6.67706E+01 8.99858E-02
 3.20000E+01 6.84262E+01 9.35368E-02
 3.30000E+01 7.11651E+01 9.86507E-02
 3.40000E+01 7.19411E+01 1.01106E-01
 3.50000E+01 7.31313E+01 1.04175E-01
 3.60000E+01 7.42635E+01 1.07197E-01
 3.70000E+01 7.53669E+01 1.10210E-01
 3.80000E+01 7.64136E+01 1.13171E-01
 3.90000E+01 7.73842E+01 1.16046E-01
 4.00000E+01 7.83337E+01 1.18914E-01
