# n +  27Al Total gamma    production
# Q-value    = 7.72511E+00
# 
# # energies =    40
#    E         xs         Yield
 1.00000E+00 2.35532E-01 3.95460E-03
 2.00000E+00 2.09368E-01 6.02824E-04
 3.00000E+00 1.88527E-01 3.18385E-04
 4.00000E+00 1.72389E-01 2.15314E-04
 5.00000E+00 1.97200E-01 2.21587E-04
 6.00000E+00 1.94439E-01 1.99630E-04
 7.00000E+00 1.48006E+01 1.46542E-02
 8.00000E+00 1.77783E+02 1.74755E-01
 9.00000E+00 3.31265E+02 3.26114E-01
 1.00000E+01 4.24627E+02 4.19314E-01
 1.10000E+01 4.45286E+02 4.40862E-01
 1.20000E+01 4.25256E+02 4.22519E-01
 1.30000E+01 3.84303E+02 3.84435E-01
 1.40000E+01 3.41781E+02 3.45297E-01
 1.50000E+01 3.00234E+02 3.08077E-01
 1.60000E+01 2.71950E+02 2.84222E-01
 1.70000E+01 2.62332E+02 2.79686E-01
 1.80000E+01 2.72066E+02 2.96040E-01
 1.90000E+01 2.95404E+02 3.27960E-01
 2.00000E+01 3.27054E+02 3.70201E-01
 2.10000E+01 3.59790E+02 4.14852E-01
 2.20000E+01 3.87872E+02 4.55176E-01
 2.30000E+01 4.04419E+02 4.82660E-01
 2.40000E+01 4.08103E+02 4.95034E-01
 2.50000E+01 4.03272E+02 4.96958E-01
 2.60000E+01 3.90516E+02 4.88735E-01
 2.70000E+01 3.76763E+02 4.78743E-01
 2.80000E+01 3.65250E+02 4.71126E-01
 2.90000E+01 3.59031E+02 4.70011E-01
 3.00000E+01 3.47417E+02 4.61504E-01
 3.10000E+01 3.47217E+02 4.67939E-01
 3.20000E+01 3.38646E+02 4.62920E-01
 3.30000E+01 3.37896E+02 4.68399E-01
 3.40000E+01 3.29728E+02 4.63399E-01
 3.50000E+01 3.27877E+02 4.67056E-01
 3.60000E+01 3.21067E+02 4.63449E-01
 3.70000E+01 3.16825E+02 4.63298E-01
 3.80000E+01 3.13560E+02 4.64392E-01
 3.90000E+01 3.07189E+02 4.60662E-01
 4.00000E+01 3.00870E+02 4.56732E-01
