# n +  27Al Nonelastic cross sections
# 
# 
# # energies =    40
#    E      Cross section
 1.00000E+00 5.95591E+01
 2.00000E+00 3.47312E+02
 3.00000E+00 5.92135E+02
 4.00000E+00 8.00640E+02
 5.00000E+00 8.89941E+02
 6.00000E+00 9.73999E+02
 7.00000E+00 1.00999E+03
 8.00000E+00 1.01732E+03
 9.00000E+00 1.01580E+03
 1.00000E+01 1.01267E+03
 1.10000E+01 1.01003E+03
 1.20000E+01 1.00648E+03
 1.30000E+01 9.99656E+02
 1.40000E+01 9.89817E+02
 1.50000E+01 9.74543E+02
 1.60000E+01 9.56823E+02
 1.70000E+01 9.37953E+02
 1.80000E+01 9.19020E+02
 1.90000E+01 9.00732E+02
 2.00000E+01 8.83451E+02
 2.10000E+01 8.67272E+02
 2.20000E+01 8.52136E+02
 2.30000E+01 8.37898E+02
 2.40000E+01 8.24395E+02
 2.50000E+01 8.11479E+02
 2.60000E+01 7.99035E+02
 2.70000E+01 7.86982E+02
 2.80000E+01 7.75272E+02
 2.90000E+01 7.63878E+02
 3.00000E+01 7.52793E+02
 3.10000E+01 7.42013E+02
 3.20000E+01 7.31543E+02
 3.30000E+01 7.21385E+02
 3.40000E+01 7.11541E+02
 3.50000E+01 7.02007E+02
 3.60000E+01 6.92778E+02
 3.70000E+01 6.83847E+02
 3.80000E+01 6.75205E+02
 3.90000E+01 6.66841E+02
 4.00000E+01 6.58744E+02
