# n +  27Al: Production of  26Mg - Total
# Q-value    =-6.04672E+00 mass=  25.982593
# E-threshold= 6.27276E+00
# # energies =    40
#     E          xs
 1.00000E+00 0.00000E+00
 2.00000E+00 0.00000E+00
 3.00000E+00 0.00000E+00
 4.00000E+00 0.00000E+00
 5.00000E+00 0.00000E+00
 6.00000E+00 0.00000E+00
 7.00000E+00 2.95183E-03
 8.00000E+00 1.66294E+00
 9.00000E+00 6.31115E+00
 1.00000E+01 5.26800E+01
 1.10000E+01 1.55311E+02
 1.20000E+01 2.72122E+02
 1.30000E+01 3.80680E+02
 1.40000E+01 4.51402E+02
 1.50000E+01 4.63967E+02
 1.60000E+01 4.60226E+02
 1.70000E+01 4.54733E+02
 1.80000E+01 4.44137E+02
 1.90000E+01 4.34908E+02
 2.00000E+01 4.25520E+02
 2.10000E+01 4.15412E+02
 2.20000E+01 4.06178E+02
 2.30000E+01 3.93233E+02
 2.40000E+01 3.76875E+02
 2.50000E+01 3.55407E+02
 2.60000E+01 3.33127E+02
 2.70000E+01 3.11015E+02
 2.80000E+01 2.89601E+02
 2.90000E+01 2.74425E+02
 3.00000E+01 2.55446E+02
 3.10000E+01 2.45488E+02
 3.20000E+01 2.30762E+02
 3.30000E+01 2.24330E+02
 3.40000E+01 2.11699E+02
 3.50000E+01 2.05826E+02
 3.60000E+01 1.95199E+02
 3.70000E+01 1.88581E+02
 3.80000E+01 1.83985E+02
 3.90000E+01 1.76111E+02
 4.00000E+01 1.68992E+02
