# n +  27Al: Production of  23Na - Total
# Q-value    =-1.00919E+01 mass=  22.989769
# E-threshold= 1.04692E+01
# # energies =    40
#     E          xs
 1.00000E+00 0.00000E+00
 2.00000E+00 0.00000E+00
 3.00000E+00 0.00000E+00
 4.00000E+00 0.00000E+00
 5.00000E+00 0.00000E+00
 6.00000E+00 0.00000E+00
 7.00000E+00 0.00000E+00
 8.00000E+00 0.00000E+00
 9.00000E+00 0.00000E+00
 1.00000E+01 0.00000E+00
 1.10000E+01 0.00000E+00
 1.20000E+01 0.00000E+00
 1.30000E+01 1.01611E+00
 1.40000E+01 1.02746E+01
 1.50000E+01 2.37120E+01
 1.60000E+01 4.38571E+01
 1.70000E+01 6.34054E+01
 1.80000E+01 7.99185E+01
 1.90000E+01 9.39901E+01
 2.00000E+01 1.02424E+02
 2.10000E+01 1.07889E+02
 2.20000E+01 1.12142E+02
 2.30000E+01 1.12830E+02
 2.40000E+01 1.14220E+02
 2.50000E+01 1.12202E+02
 2.60000E+01 1.09995E+02
 2.70000E+01 1.06874E+02
 2.80000E+01 1.01668E+02
 2.90000E+01 9.72404E+01
 3.00000E+01 9.14077E+01
 3.10000E+01 8.57315E+01
 3.20000E+01 7.99774E+01
 3.30000E+01 7.49531E+01
 3.40000E+01 7.01896E+01
 3.50000E+01 6.59012E+01
 3.60000E+01 6.10803E+01
 3.70000E+01 5.77987E+01
 3.80000E+01 5.46580E+01
 3.90000E+01 5.14127E+01
 4.00000E+01 4.87031E+01
