# n +  27Al: Production of  25Al - Total
# Q-value    =-2.44235E+01 mass=  24.990428
# E-threshold= 2.53366E+01
# # energies =    40
#     E          xs
 1.00000E+00 0.00000E+00
 2.00000E+00 0.00000E+00
 3.00000E+00 0.00000E+00
 4.00000E+00 0.00000E+00
 5.00000E+00 0.00000E+00
 6.00000E+00 0.00000E+00
 7.00000E+00 0.00000E+00
 8.00000E+00 0.00000E+00
 9.00000E+00 0.00000E+00
 1.00000E+01 0.00000E+00
 1.10000E+01 0.00000E+00
 1.20000E+01 0.00000E+00
 1.30000E+01 0.00000E+00
 1.40000E+01 0.00000E+00
 1.50000E+01 0.00000E+00
 1.60000E+01 0.00000E+00
 1.70000E+01 0.00000E+00
 1.80000E+01 0.00000E+00
 1.90000E+01 0.00000E+00
 2.00000E+01 0.00000E+00
 2.10000E+01 0.00000E+00
 2.20000E+01 0.00000E+00
 2.30000E+01 0.00000E+00
 2.40000E+01 0.00000E+00
 2.50000E+01 0.00000E+00
 2.60000E+01 7.45658E-03
 2.70000E+01 9.69031E-02
 2.80000E+01 3.45947E-01
 2.90000E+01 7.65557E-01
 3.00000E+01 1.29591E+00
 3.10000E+01 1.88145E+00
 3.20000E+01 2.45857E+00
 3.30000E+01 2.95439E+00
 3.40000E+01 3.38743E+00
 3.50000E+01 3.71714E+00
 3.60000E+01 4.00121E+00
 3.70000E+01 4.18387E+00
 3.80000E+01 4.31562E+00
 3.90000E+01 4.39425E+00
 4.00000E+01 4.43304E+00
