# n +  27Al: Production of  26Al - Ground state
# Q-value    =-1.30580E+01 mass=  25.986892
# E-threshold= 1.35462E+01
# # energies =    40
#     E          xs      Branching
 1.00000E+00 0.00000E+00 0.00000E+00
 2.00000E+00 0.00000E+00 0.00000E+00
 3.00000E+00 0.00000E+00 0.00000E+00
 4.00000E+00 0.00000E+00 0.00000E+00
 5.00000E+00 0.00000E+00 0.00000E+00
 6.00000E+00 0.00000E+00 0.00000E+00
 7.00000E+00 0.00000E+00 0.00000E+00
 8.00000E+00 0.00000E+00 0.00000E+00
 9.00000E+00 0.00000E+00 0.00000E+00
 1.00000E+01 0.00000E+00 0.00000E+00
 1.10000E+01 0.00000E+00 0.00000E+00
 1.20000E+01 0.00000E+00 0.00000E+00
 1.30000E+01 0.00000E+00 0.00000E+00
 1.40000E+01 7.72256E+00 9.95457E-01
 1.50000E+01 4.73049E+01 9.69404E-01
 1.60000E+01 7.40585E+01 9.35728E-01
 1.70000E+01 8.68900E+01 8.87041E-01
 1.80000E+01 9.49288E+01 8.39925E-01
 1.90000E+01 9.66550E+01 8.01471E-01
 2.00000E+01 9.83209E+01 7.75501E-01
 2.10000E+01 9.78056E+01 7.53878E-01
 2.20000E+01 9.57017E+01 7.38384E-01
 2.30000E+01 9.15845E+01 7.28074E-01
 2.40000E+01 8.60019E+01 7.19448E-01
 2.50000E+01 8.21286E+01 7.18585E-01
 2.60000E+01 7.81131E+01 7.17636E-01
 2.70000E+01 7.29056E+01 7.15111E-01
 2.80000E+01 6.99558E+01 7.17474E-01
 2.90000E+01 6.54626E+01 7.13219E-01
 3.00000E+01 6.26085E+01 7.15570E-01
 3.10000E+01 5.87899E+01 7.11890E-01
 3.20000E+01 5.56413E+01 7.07785E-01
 3.30000E+01 5.38291E+01 7.12181E-01
 3.40000E+01 5.11964E+01 7.07601E-01
 3.50000E+01 4.82172E+01 7.05127E-01
 3.60000E+01 4.75239E+01 7.09283E-01
 3.70000E+01 4.56638E+01 7.07779E-01
 3.80000E+01 4.33798E+01 7.06489E-01
 3.90000E+01 4.21841E+01 7.06555E-01
 4.00000E+01 4.16202E+01 7.08387E-01
