# n +  27Al: Production of  22Ne - Total
# Q-value    =-1.66614E+01 mass=  21.991385
# E-threshold= 1.72843E+01
# # energies =    40
#     E          xs
 1.00000E+00 0.00000E+00
 2.00000E+00 0.00000E+00
 3.00000E+00 0.00000E+00
 4.00000E+00 0.00000E+00
 5.00000E+00 0.00000E+00
 6.00000E+00 0.00000E+00
 7.00000E+00 0.00000E+00
 8.00000E+00 0.00000E+00
 9.00000E+00 0.00000E+00
 1.00000E+01 0.00000E+00
 1.10000E+01 0.00000E+00
 1.20000E+01 0.00000E+00
 1.30000E+01 0.00000E+00
 1.40000E+01 0.00000E+00
 1.50000E+01 0.00000E+00
 1.60000E+01 0.00000E+00
 1.70000E+01 0.00000E+00
 1.80000E+01 0.00000E+00
 1.90000E+01 0.00000E+00
 2.00000E+01 0.00000E+00
 2.10000E+01 0.00000E+00
 2.20000E+01 1.02273E-03
 2.30000E+01 1.07347E-02
 2.40000E+01 7.08814E-02
 2.50000E+01 3.32175E-01
 2.60000E+01 1.10698E+00
 2.70000E+01 2.62847E+00
 2.80000E+01 4.85540E+00
 2.90000E+01 7.50537E+00
 3.00000E+01 1.03062E+01
 3.10000E+01 1.28426E+01
 3.20000E+01 1.51770E+01
 3.30000E+01 1.67070E+01
 3.40000E+01 1.82130E+01
 3.50000E+01 1.95535E+01
 3.60000E+01 2.05304E+01
 3.70000E+01 2.14084E+01
 3.80000E+01 2.19249E+01
 3.90000E+01 2.24685E+01
 4.00000E+01 2.29666E+01
