# n +  27Al: Production of  25Mg - Total
# Q-value    =-1.08826E+01 mass=  24.985837
# E-threshold= 1.12894E+01
# # energies =    40
#     E          xs
 1.00000E+00 0.00000E+00
 2.00000E+00 0.00000E+00
 3.00000E+00 0.00000E+00
 4.00000E+00 0.00000E+00
 5.00000E+00 0.00000E+00
 6.00000E+00 0.00000E+00
 7.00000E+00 0.00000E+00
 8.00000E+00 0.00000E+00
 9.00000E+00 0.00000E+00
 1.00000E+01 0.00000E+00
 1.10000E+01 0.00000E+00
 1.20000E+01 0.00000E+00
 1.30000E+01 1.28835E-01
 1.40000E+01 6.68979E-01
 1.50000E+01 1.23277E+00
 1.60000E+01 1.64348E+00
 1.70000E+01 1.83654E+00
 1.80000E+01 2.03028E+00
 1.90000E+01 2.38955E+00
 2.00000E+01 3.53833E+00
 2.10000E+01 6.39571E+00
 2.20000E+01 1.16517E+01
 2.30000E+01 2.43065E+01
 2.40000E+01 4.19201E+01
 2.50000E+01 6.41774E+01
 2.60000E+01 8.75004E+01
 2.70000E+01 1.11189E+02
 2.80000E+01 1.31678E+02
 2.90000E+01 1.46462E+02
 3.00000E+01 1.63292E+02
 3.10000E+01 1.70281E+02
 3.20000E+01 1.80225E+02
 3.30000E+01 1.80239E+02
 3.40000E+01 1.84403E+02
 3.50000E+01 1.82507E+02
 3.60000E+01 1.83158E+02
 3.70000E+01 1.79809E+02
 3.80000E+01 1.75898E+02
 3.90000E+01 1.73884E+02
 4.00000E+01 1.70724E+02
