# n +  27Al: Production of  26Al - Level  1     0.22830 MeV
# Q-value    =-1.32863E+01 mass=  25.986892
# E-threshold= 1.37830E+01
# # energies =    40
#     E          xs      Branching
 1.00000E+00 0.00000E+00 0.00000E+00
 2.00000E+00 0.00000E+00 0.00000E+00
 3.00000E+00 0.00000E+00 0.00000E+00
 4.00000E+00 0.00000E+00 0.00000E+00
 5.00000E+00 0.00000E+00 0.00000E+00
 6.00000E+00 0.00000E+00 0.00000E+00
 7.00000E+00 0.00000E+00 0.00000E+00
 8.00000E+00 0.00000E+00 0.00000E+00
 9.00000E+00 0.00000E+00 0.00000E+00
 1.00000E+01 0.00000E+00 0.00000E+00
 1.10000E+01 0.00000E+00 0.00000E+00
 1.20000E+01 0.00000E+00 0.00000E+00
 1.30000E+01 0.00000E+00 0.00000E+00
 1.40000E+01 3.52473E-02 4.54346E-03
 1.50000E+01 1.49303E+00 3.05962E-02
 1.60000E+01 5.08687E+00 6.42725E-02
 1.70000E+01 1.10649E+01 1.12959E-01
 1.80000E+01 1.80918E+01 1.60075E-01
 1.90000E+01 2.39420E+01 1.98529E-01
 2.00000E+01 2.84629E+01 2.24499E-01
 2.10000E+01 3.19311E+01 2.46122E-01
 2.20000E+01 3.39079E+01 2.61616E-01
 2.30000E+01 3.42056E+01 2.71926E-01
 2.40000E+01 3.35369E+01 2.80552E-01
 2.50000E+01 3.21635E+01 2.81415E-01
 2.60000E+01 3.07348E+01 2.82364E-01
 2.70000E+01 2.90445E+01 2.84889E-01
 2.80000E+01 2.75471E+01 2.82526E-01
 2.90000E+01 2.63220E+01 2.86781E-01
 3.00000E+01 2.48861E+01 2.84430E-01
 3.10000E+01 2.37930E+01 2.88110E-01
 3.20000E+01 2.29719E+01 2.92215E-01
 3.30000E+01 2.17544E+01 2.87819E-01
 3.40000E+01 2.11556E+01 2.92399E-01
 3.50000E+01 2.01637E+01 2.94873E-01
 3.60000E+01 1.94788E+01 2.90717E-01
 3.70000E+01 1.88533E+01 2.92221E-01
 3.80000E+01 1.80222E+01 2.93511E-01
 3.90000E+01 1.75198E+01 2.93445E-01
 4.00000E+01 1.71333E+01 2.91613E-01
