# n +  27Al: Production of  28Al - Total
# Q-value    = 7.72511E+00 mass=  27.981910
# E-threshold= 0.00000E+00
# # energies =    40
#     E          xs
 1.00000E+00 1.43485E-01
 2.00000E+00 1.17379E-01
 3.00000E+00 1.00265E-01
 4.00000E+00 8.93406E-02
 5.00000E+00 9.78447E-02
 6.00000E+00 8.98030E-02
 7.00000E+00 1.05528E-01
 8.00000E+00 1.11475E-01
 9.00000E+00 1.20852E-01
 1.00000E+01 1.30509E-01
 1.10000E+01 1.47686E-01
 1.20000E+01 1.77657E-01
 1.30000E+01 2.17593E-01
 1.40000E+01 3.09165E-01
 1.50000E+01 3.57256E-01
 1.60000E+01 3.95758E-01
 1.70000E+01 4.25513E-01
 1.80000E+01 4.36856E-01
 1.90000E+01 4.31731E-01
 2.00000E+01 3.76063E-01
 2.10000E+01 3.52145E-01
 2.20000E+01 3.18184E-01
 2.30000E+01 2.85301E-01
 2.40000E+01 2.55595E-01
 2.50000E+01 2.12233E-01
 2.60000E+01 1.87975E-01
 2.70000E+01 1.68993E-01
 2.80000E+01 1.52679E-01
 2.90000E+01 1.40374E-01
 3.00000E+01 1.22386E-01
 3.10000E+01 1.12584E-01
 3.20000E+01 1.05200E-01
 3.30000E+01 9.90008E-02
 3.40000E+01 1.00663E-01
 3.50000E+01 9.92631E-02
 3.60000E+01 8.83842E-02
 3.70000E+01 8.64186E-02
 3.80000E+01 7.69303E-02
 3.90000E+01 7.87270E-02
 4.00000E+01 7.14726E-02
