# n +  27Al Total cross sections
# 
# 
# # energies =    40
#     E      Non-elastic    Elastic     Total     Comp. el.   Shape el.   Reaction   Comp. nonel   Direct    Pre-equil.  Dir. Capt.
 1.00000E+00 5.95591E+01 4.54609E+03 4.60565E+03 2.06901E+03 2.47708E+03 2.12857E+03 5.95513E+01 7.92774E-03 0.00000E+00 0.00000E+00
 2.00000E+00 3.47312E+02 3.23436E+03 3.58167E+03 1.08236E+03 2.15200E+03 1.42967E+03 3.47225E+02 8.67822E-02 0.00000E+00 0.00000E+00
 3.00000E+00 5.92135E+02 2.38327E+03 2.97540E+03 6.46705E+02 1.73656E+03 1.23884E+03 5.51968E+02 4.01665E+01 0.00000E+00 0.00000E+00
 4.00000E+00 8.00640E+02 1.78636E+03 2.58699E+03 3.87960E+02 1.39840E+03 1.18860E+03 6.89401E+02 1.11239E+02 0.00000E+00 0.00000E+00
 5.00000E+00 8.89941E+02 1.42910E+03 2.31903E+03 2.79209E+02 1.14989E+03 1.16915E+03 7.70210E+02 1.19731E+02 0.00000E+00 0.00000E+00
 6.00000E+00 9.73999E+02 1.14868E+03 2.12268E+03 1.73171E+02 9.75510E+02 1.14717E+03 8.52525E+02 1.21474E+02 0.00000E+00 0.00000E+00
 7.00000E+00 1.00999E+03 9.61677E+02 1.97166E+03 1.06364E+02 8.55313E+02 1.11635E+03 8.73931E+02 1.34507E+02 1.53456E+00 0.00000E+00
 8.00000E+00 1.01732E+03 8.39737E+02 1.85706E+03 6.62366E+01 7.73500E+02 1.08356E+03 8.52646E+02 1.39119E+02 2.51218E+01 0.00000E+00
 9.00000E+00 1.01580E+03 7.61400E+02 1.77719E+03 4.07450E+01 7.20655E+02 1.05654E+03 8.16641E+02 1.43379E+02 5.40964E+01 0.00000E+00
 1.00000E+01 1.01267E+03 7.16634E+02 1.72931E+03 2.52998E+01 6.91334E+02 1.03797E+03 7.74398E+02 1.46783E+02 8.84016E+01 0.00000E+00
 1.10000E+01 1.01003E+03 6.97425E+02 1.70746E+03 1.58560E+01 6.81569E+02 1.02589E+03 7.26256E+02 1.49682E+02 1.24940E+02 0.00000E+00
 1.20000E+01 1.00648E+03 6.97307E+02 1.70379E+03 9.83108E+00 6.87476E+02 1.01631E+03 6.68574E+02 1.54813E+02 1.62587E+02 0.00000E+00
 1.30000E+01 9.99656E+02 7.11052E+02 1.71071E+03 6.07422E+00 7.04978E+02 1.00573E+03 6.18806E+02 1.54755E+02 2.02082E+02 0.00000E+00
 1.40000E+01 9.89817E+02 7.32729E+02 1.72255E+03 2.52453E+00 7.30204E+02 9.92342E+02 5.69716E+02 1.53380E+02 2.40689E+02 0.00000E+00
 1.50000E+01 9.74543E+02 7.61451E+02 1.73599E+03 1.49176E+00 7.59959E+02 9.76035E+02 5.21622E+02 1.49642E+02 2.75581E+02 0.00000E+00
 1.60000E+01 9.56823E+02 7.92800E+02 1.74962E+03 8.65257E-01 7.91935E+02 9.57688E+02 4.74187E+02 1.44191E+02 3.09507E+02 0.00000E+00
 1.70000E+01 9.37953E+02 8.25145E+02 1.76310E+03 4.97298E-01 8.24648E+02 9.38450E+02 4.30076E+02 1.38448E+02 3.39778E+02 0.00000E+00
 1.80000E+01 9.19020E+02 8.57492E+02 1.77651E+03 2.81924E-01 8.57210E+02 9.19302E+02 3.87123E+02 1.33172E+02 3.68823E+02 0.00000E+00
 1.90000E+01 9.00732E+02 8.89274E+02 1.79001E+03 1.58594E-01 8.89115E+02 9.00891E+02 3.47268E+02 1.27375E+02 3.96224E+02 0.00000E+00
 2.00000E+01 8.83451E+02 9.20154E+02 1.80361E+03 8.83525E-02 9.20066E+02 8.83539E+02 3.11108E+02 1.22082E+02 4.20528E+02 0.00000E+00
 2.10000E+01 8.67272E+02 9.49917E+02 1.81719E+03 4.99443E-02 9.49867E+02 8.67322E+02 2.79285E+02 1.16996E+02 4.41384E+02 0.00000E+00
 2.20000E+01 8.52136E+02 9.78387E+02 1.83052E+03 2.84290E-02 9.78359E+02 8.52164E+02 2.50569E+02 1.11715E+02 4.60301E+02 0.00000E+00
 2.30000E+01 8.37898E+02 1.00542E+03 1.84331E+03 1.63216E-02 1.00540E+03 8.37914E+02 2.24864E+02 1.07223E+02 4.75668E+02 0.00000E+00
 2.40000E+01 8.24395E+02 1.03085E+03 1.85524E+03 9.42894E-03 1.03084E+03 8.24404E+02 2.01326E+02 1.03119E+02 4.88681E+02 0.00000E+00
 2.50000E+01 8.11479E+02 1.05457E+03 1.86604E+03 5.49928E-03 1.05456E+03 8.11485E+02 1.80107E+02 9.93579E+01 4.99684E+02 0.00000E+00
 2.60000E+01 7.99035E+02 1.07644E+03 1.87548E+03 3.22159E-03 1.07644E+03 7.99038E+02 1.60980E+02 9.63936E+01 5.08048E+02 0.00000E+00
 2.70000E+01 7.86982E+02 1.09638E+03 1.88337E+03 1.89864E-03 1.09638E+03 7.86984E+02 1.43738E+02 9.30736E+01 5.15050E+02 0.00000E+00
 2.80000E+01 7.75272E+02 1.11436E+03 1.88964E+03 1.10763E-03 1.11436E+03 7.75273E+02 1.26947E+02 9.00360E+01 5.21765E+02 0.00000E+00
 2.90000E+01 7.63878E+02 1.13034E+03 1.89422E+03 6.49971E-04 1.13034E+03 7.63879E+02 1.14028E+02 8.70190E+01 5.25288E+02 0.00000E+00
 3.00000E+01 7.52793E+02 1.14433E+03 1.89712E+03 3.84191E-04 1.14433E+03 7.52793E+02 1.01515E+02 8.42573E+01 5.28872E+02 0.00000E+00
 3.10000E+01 7.42013E+02 1.15635E+03 1.89836E+03 2.22963E-04 1.15635E+03 7.42013E+02 9.01589E+01 8.16752E+01 5.31726E+02 0.00000E+00
 3.20000E+01 7.31543E+02 1.16647E+03 1.89801E+03 1.30732E-04 1.16647E+03 7.31543E+02 7.98866E+01 7.92414E+01 5.33823E+02 0.00000E+00
 3.30000E+01 7.21385E+02 1.17475E+03 1.89613E+03 7.57613E-05 1.17475E+03 7.21385E+02 6.79038E+01 7.75131E+01 5.37300E+02 0.00000E+00
 3.40000E+01 7.11541E+02 1.18127E+03 1.89281E+03 4.48210E-05 1.18127E+03 7.11541E+02 5.96005E+01 7.52791E+01 5.37928E+02 0.00000E+00
 3.50000E+01 7.02007E+02 1.18614E+03 1.88814E+03 2.66110E-05 1.18614E+03 7.02007E+02 5.14989E+01 7.31327E+01 5.38576E+02 0.00000E+00
 3.60000E+01 6.92778E+02 1.18943E+03 1.88221E+03 1.57056E-05 1.18943E+03 6.92778E+02 4.39967E+01 7.10695E+01 5.38864E+02 0.00000E+00
 3.70000E+01 6.83847E+02 1.19124E+03 1.87509E+03 9.19258E-06 1.19124E+03 6.83847E+02 3.68386E+01 6.91885E+01 5.38969E+02 0.00000E+00
 3.80000E+01 6.75205E+02 1.19168E+03 1.86689E+03 5.34985E-06 1.19168E+03 6.75205E+02 3.02907E+01 6.72764E+01 5.38853E+02 0.00000E+00
 3.90000E+01 6.66841E+02 1.19083E+03 1.85767E+03 3.07438E-06 1.19083E+03 6.66841E+02 2.44452E+01 6.54243E+01 5.38335E+02 0.00000E+00
 4.00000E+01 6.58744E+02 1.18878E+03 1.84752E+03 1.71451E-06 1.18878E+03 6.58744E+02 1.87039E+01 6.36745E+01 5.37900E+02 0.00000E+00
