
                       be used for evaluation purposes
                                                            14-Mar-2019 14:05
                       _________________________________

                       P E A K     F I T     R E P O R T
                       _________________________________

 Spectrum file Analysed: AM082018_10cm_Y01.Chn            
 Sample Title : Cs137                                            

 Spectrum saved on 25-Oct-2018 at 16:16    Collected on 20-Aug-2018 at 11:08
 Sample  Taken  on 20-Aug-2018 at 11:08    Decayed      0 Days,     0 mins.

            Detector file number used:     1
            Energy     Calibration Performed on 13-Mar-2019 at 17:27
            Peak Shape Calibration Performed on 13-Mar-2019 at 17:31

 

   Reported Activity values were rounded     
   FitzPeaks Version: 3.71 23rd January 2014           

 Peak   Centre   FW@HM         Goodness   Peak      %      Gammas       %      2 Sigma
Energy  Channel  (KeV)  Signif  of Fit    Area   Uncert.  per sec.   Uncert. Background

   46.4   248.1   0.92     8.3    1.14       687   16.7   7.6257e-03   16.7      951
   53.2   284.4   0.92     3.8    0.75       338   34.0   3.7459e-03   34.0      987
   59.3   317.1   0.93     4.1    1.78       275   46.5   3.0483e-03   46.5     1195
   63.1   337.7   0.88    16.0    1.10      2135    5.7   2.3690e-02    5.7     1115
   67.6   361.2   0.88     5.6    1.10       573   18.4   6.3623e-03   18.4     1115
   72.7   388.5   0.92     9.8    1.16      1420    9.2   1.5755e-02    9.2     1170
   74.8   400.0   0.92    16.7    1.16      2559    5.9   2.8405e-02    5.9     1299
   84.5   451.7   1.10!    6.7    1.65      1447    9.9   1.6060e-02    9.9     1010
   87.2   465.9   1.11!    5.2    1.65       437   23.8   4.8456e-03   23.8     1010
   89.8   480.2   1.11!    3.6    1.65       213   45.8   2.3595e-03   45.8     1010
   92.5   494.4   1.11!   13.3    1.65      3040    4.5   3.3737e-02    4.5     1010
   98.4   525.9   0.97     3.3    1.26       151   59.9   1.6759e-03   59.9      801
  100.1   534.7   0.98     3.8    1.26       238   38.9   2.6431e-03   38.9      801
  139.8   747.0   1.02     3.3    0.72       179   42.3   1.9890e-03   42.3      715
  143.7   767.5   1.03     5.4    0.72       444   18.6   4.9264e-03   18.6      787
  163.3   872.0   1.05     3.5    1.06       308   28.4   3.4210e-03   28.4      631
  185.7   991.7   1.10    14.0    1.29      2278    5.7   2.5286e-02    5.7      693
  198.1  1058.1   1.09     3.4    1.20       224   41.0   2.4891e-03   41.0      650
  205.3  1096.2   1.10     3.3    1.19       148   57.3   1.6439e-03   57.3      721
  238.6  1274.1   1.13     3.3    0.82       340   24.8   3.7712e-03   24.8      717
  352.0  1879.2   1.26     3.5    0.85       162   43.7   1.7931e-03   43.7      464
  510.9  2727.4   2.88     5.4    1.30      2237    6.8   2.4823e-02    6.8      749
  583.2  3113.3   1.52     3.9    0.69       139   46.3   1.5456e-03   46.3      371
  609.4  3253.0   1.55     3.6    1.52       178   42.0   1.9711e-03   42.0      437
  897.8  4792.6   1.93    24.3    1.12      5260    2.8   5.8375e-02    2.8      219
 1000.8  5341.8   1.99     3.3    0.95       136   41.2   1.5079e-03   41.2      212
 1121.0  5983.4   2.13     3.6    0.86       160   35.3   1.7788e-03   35.3      213
 1221.3  6518.9   2.24     3.6    0.89       103   42.8   1.1405e-03   42.8      185
 1230.6  6568.6   2.25     3.5    0.89        73   59.9   8.0646e-04   59.9      177
 1460.4  7795.0   2.51     4.5    1.01       282   19.1   3.1345e-03   19.1      143
 1835.5  9797.2   3.01    18.7    1.03      3212    3.5   3.5647e-02    3.5       57
 2613.7 13950.4   3.81     3.7    0.86       130   25.6   1.4410e-03   25.6       30

 ! indicates the Iterative Peak Width fitting reached a limiting value.
