
                       be used for evaluation purposes
                                                            14-Mar-2019 10:18
                       _________________________________

                       P E A K     F I T     R E P O R T
                       _________________________________

 Spectrum file Analysed: Sum_Spec.dat                     
 Sample Title : Cs137                                            

 Spectrum saved on 25-Oct-2018 at 16:19    Collected on 30-Sep-2018 at 21:50
 Sample  Taken  on 30-Sep-2018 at 21:50    Decayed      0 Days,     0 mins.

            Detector file number used:     1
            Energy     Calibration Performed on 13-Mar-2019 at 17:27
            Peak Shape Calibration Performed on 13-Mar-2019 at 17:31

 

   Reported Activity values were rounded     
   FitzPeaks Version: 3.71 23rd January 2014           

 Peak   Centre   FW@HM         Goodness   Peak      %      Gammas       %      2 Sigma
Energy  Channel  (KeV)  Signif  of Fit    Area   Uncert.  per sec.   Uncert. Background

   46.4   248.1   0.92     6.5    1.01       750   18.8   7.4431e-03   18.8     1711
   53.2   284.6   0.92     3.5    0.77       385   36.2   3.8221e-03   36.2     1689
   63.2   337.8   0.90    14.5    0.61      2252    7.3   2.2346e-02    7.3     1881
   72.7   388.5   0.91    12.1    1.13      2037    8.0   2.0211e-02    8.0     2027
   74.8   399.9   0.92    16.9    1.13      3445    5.1   3.4180e-02    5.1     2252
   84.5   451.8   0.96     8.2    2.40      1788    8.7   1.7741e-02    8.7     1798
   87.2   466.1   0.96     3.5    2.40       404   32.9   4.0071e-03   32.9     1798
   92.5   494.5   1.10    12.6    1.49      3345    5.4   3.3183e-02    5.4     1811
  143.7   767.8   1.03     4.4    1.18       565   21.1   5.6050e-03   21.1     1223
  163.4   872.5   1.05     3.7    0.60       214   48.9   2.1199e-03   48.9     1188
  185.7   991.8   1.07    16.6    0.92      2545    5.5   2.5251e-02    5.5     1029
  190.2  1016.0   1.07    64.0    0.92     33464    1.0   3.3199e-01    1.0      935
  198.5  1059.9   1.09     3.4    1.09       304   33.8   3.0192e-03   33.8      972
  205.5  1097.3   1.10     3.7    1.26       220   43.3   2.1827e-03   43.3      948
  238.6  1274.3   1.13     5.3    0.92       345   27.6   3.4221e-03   27.6      867
  511.0  2727.9   2.88     4.1    0.73      2209    7.4   2.1915e-02    7.4     1095
  558.4  2981.0   1.54    18.4    0.81      3446    3.7   3.4184e-02    3.7      511
  583.1  3112.8   1.52     3.4    0.91       132   56.0   1.3133e-03   56.0      516
  609.5  3253.7   1.55     3.7    0.83       186   41.3   1.8447e-03   41.3      518
  725.2  3871.1   1.76    17.5    0.94      2799    4.4   2.7771e-02    4.4      423
  846.9  4520.4   1.82     3.4    0.80       130   50.1   1.2894e-03   50.1      344
  911.0  4862.7   1.89     3.5    0.93       120   53.0   1.1945e-03   53.0      298
 1001.2  5344.1   1.99     3.6    0.94       112   52.4   1.1130e-03   52.4      251
 1299.7  6937.5   2.33     3.5    0.71        97   47.4   9.6222e-04   47.4      148
 1460.6  7796.1   2.51     5.4    1.07       325   15.8   3.2262e-03   15.8      104
 1764.3  9417.1   2.85     3.7    0.89        76   42.7   7.5796e-04   42.7       53
 2613.9 13951.5   3.81     4.7    0.86       172   20.7   1.7021e-03   20.7       30
