
                       be used for evaluation purposes
                                                            14-Mar-2019 10:22
                       _________________________________

                       P E A K     F I T     R E P O R T
                       _________________________________

 Spectrum file Analysed: Sum_Spec.dat                     
 Sample Title : Cs137                                            

 Spectrum saved on 25-Oct-2018 at 16:20    Collected on  2-Oct-2018 at  5:50
 Sample  Taken  on  2-Oct-2018 at  5:50    Decayed      0 Days,     0 mins.

            Detector file number used:     1
            Energy     Calibration Performed on 13-Mar-2019 at 17:27
            Peak Shape Calibration Performed on 13-Mar-2019 at 17:31

 

   Reported Activity values were rounded     
   FitzPeaks Version: 3.71 23rd January 2014           

 Peak   Centre   FW@HM         Goodness   Peak      %      Gammas       %      2 Sigma
Energy  Channel  (KeV)  Signif  of Fit    Area   Uncert.  per sec.   Uncert. Background

   46.3   247.6   0.92     7.2    0.76       816   18.6   7.0829e-03   18.6     1732
   53.2   284.8   0.92     3.4    0.57       401   35.7   3.4849e-03   35.7     1936
   63.2   337.7   0.86    15.6    0.73      2574    7.0   2.2346e-02    7.0     2195
   72.7   388.6   0.91    13.8    0.85      2254    7.6   1.9564e-02    7.6     2299
   74.8   400.0   0.91    19.8    0.85      3990    4.9   3.4637e-02    4.9     2555
   84.6   452.0   0.96     8.8    2.33      2026    8.8   1.7589e-02    8.8     2028
   87.2   465.8   0.96     5.6    2.33       533   28.7   4.6307e-03   28.7     2028
   92.5   494.5   1.06    13.9    1.46      3700    5.1   3.2118e-02    5.1     2079
  112.6   601.4   0.99     3.3    0.38       233   53.5   2.0245e-03   53.5     1859
  139.9   747.4   1.02     3.5    0.82       280   38.5   2.4342e-03   38.5     1531
  143.8   768.1   1.03     5.4    0.82       667   16.6   5.7941e-03   16.6     1391
  163.5   873.2   1.05     4.3    0.80       355   31.9   3.0835e-03   31.9     1219
  185.7   991.9   1.06    17.4    1.05      2922    5.0   2.5369e-02    5.0     1042
  190.3  1016.1   1.06    69.0    1.05     37532    1.0   3.2580e-01    1.0     1042
  198.5  1060.3   1.09     3.5    0.98       280   40.0   2.4344e-03   40.0     1122
  205.3  1096.6   1.09     3.7    0.84       248   38.7   2.1555e-03   38.7     1076
  238.6  1274.3   1.13     5.2    0.94       397   25.3   3.4465e-03   25.3      967
  351.9  1878.7   1.26     3.5    1.16       188   50.0   1.6279e-03   50.0      874
  511.0  2727.9   2.88     5.2    0.91      2597    6.9   2.2545e-02    6.9     1245
  558.4  2981.1   1.50    20.0    1.30      3821    3.6   3.3165e-02    3.6      566
  583.3  3114.0   1.52     3.4    0.88       177   46.1   1.5362e-03   46.1      530
  609.3  3252.6   1.55     3.3    0.78       211   39.5   1.8346e-03   39.5      590
  725.2  3871.3   1.79    17.2    0.88      3088    4.3   2.6802e-02    4.3      509
 1000.8  5342.2   1.99     3.5    1.03       142   43.9   1.2305e-03   43.9      275
 1299.2  6934.8   2.33     3.6    1.09        91   55.8   7.8666e-04   55.8      165
 1460.7  7796.8   2.51     7.5    1.13       302   18.0   2.6253e-03   18.0      114
 1764.0  9415.3   2.85     3.4    0.93        79   48.9   6.8320e-04   48.9       79
 2614.4 13953.9   3.81     4.3    1.02       151   24.9   1.3086e-03   24.9       40
