
  An isotopic target is assumed:
  At# Mass# % abundance % uncertainty
  40  90 Zr   51.450000  0.400000
  40  91 Zr   11.220000  0.050000
  40  92 Zr   17.150000  0.080000
  40  94 Zr   17.380000  0.280000
  40  96 Zr    2.800000  0.090000
  ldopt set internally =           0
 Fermi gas level densities

 ZP=   0 AP=   1 ZT=  40 AT=  96 isot=  1levno=  0
 
 
1Zr                                                                              
  Ebeam  Rx.cs used  Rx. cs algo fiss cs (mb) capture cs (mb)
   1.00  2.532E+03    0.000E+00    0.000E+00    3.525E-01
   2.00  2.368E+03    0.000E+00    0.000E+00    1.766E-02
   3.00  2.348E+03    0.000E+00    0.000E+00    4.113E-03
   4.00  2.244E+03    0.000E+00    0.000E+00    1.444E-03
   5.00  2.135E+03    0.000E+00    0.000E+00    6.628E-04
   6.00  2.066E+03    0.000E+00    0.000E+00    3.446E-04
   7.00  2.023E+03    0.000E+00    0.000E+00    2.025E-04
   8.00  2.000E+03    0.000E+00    0.000E+00    1.258E-04
   9.00  1.976E+03    0.000E+00    0.000E+00    8.250E-05
  10.00  1.950E+03    0.000E+00    0.000E+00    6.403E-05
  11.00  1.926E+03    0.000E+00    0.000E+00    4.550E-05
  12.00  1.898E+03    0.000E+00    0.000E+00    3.365E-05
  13.00  1.869E+03    0.000E+00    0.000E+00    2.430E-05
  14.00  1.845E+03    0.000E+00    0.000E+00    1.901E-05
  15.00  1.831E+03    0.000E+00    0.000E+00    1.486E-05
  16.00  1.819E+03    0.000E+00    0.000E+00    1.153E-05
  17.00  1.809E+03    0.000E+00    0.000E+00    9.132E-06
  18.00  1.800E+03    0.000E+00    0.000E+00    7.139E-06
  19.00  1.790E+03    0.000E+00    0.000E+00    5.683E-06
  20.00  1.775E+03    0.000E+00    0.000E+00    3.745E-06
  21.00  1.757E+03    0.000E+00    0.000E+00    2.979E-06
  22.00  1.740E+03    0.000E+00    0.000E+00    2.391E-06
  23.00  1.723E+03    0.000E+00    0.000E+00    2.010E-06
  24.00  1.711E+03    0.000E+00    0.000E+00    1.621E-06
  25.00  1.699E+03    0.000E+00    0.000E+00    1.277E-06
  26.00  1.688E+03    0.000E+00    0.000E+00    1.097E-06
  27.00  1.676E+03    0.000E+00    0.000E+00    8.859E-07
  28.00  1.665E+03    0.000E+00    0.000E+00    7.635E-07
  29.00  1.655E+03    0.000E+00    0.000E+00    6.110E-07
  30.00  1.643E+03    0.000E+00    0.000E+00    5.497E-07
  31.00  1.630E+03    0.000E+00    0.000E+00    4.462E-07
  32.00  1.618E+03    0.000E+00    0.000E+00    3.805E-07
  33.00  1.606E+03    0.000E+00    0.000E+00    3.126E-07
  34.00  1.595E+03    0.000E+00    0.000E+00    2.663E-07
  35.00  1.586E+03    0.000E+00    0.000E+00    2.293E-07
  36.00  1.576E+03    0.000E+00    0.000E+00    1.935E-07
  37.00  1.566E+03    0.000E+00    0.000E+00    1.576E-07
  38.00  1.556E+03    0.000E+00    0.000E+00    1.295E-07
  39.00  1.546E+03    0.000E+00    0.000E+00    1.215E-07
 Ebeam (MeV) Rx cs (mb) fiss cs (mb) capture cs (mb)

  Ebeam  Z   A   Total    grnd st  isomer1 isomer2  isomer1  isomer2  didl nolevs
  (MeV)           cs.      cs.      cs.     cs.     to total to total
  1.00  40  97 3.53E-01                                                    1
  2.00  40  97 1.77E-02                                                    1
  3.00  40  97 4.11E-03                                                    1
  4.00  40  97 1.44E-03                                                    1
  5.00  40  97 6.63E-04                                                    1
  6.00  40  97 3.45E-04                                                    1
  7.00  40  97 2.02E-04                                                    1
  8.00  40  97 1.26E-04                                                    1
  9.00  40  97 8.25E-05                                                    1
 10.00  40  97 6.40E-05                                                    1
 11.00  40  97 4.55E-05                                                    1
 12.00  40  97 3.36E-05                                                    1
 13.00  40  97 2.43E-05                                                    1
 14.00  40  97 1.90E-05                                                    1
 15.00  40  97 1.49E-05                                                    1
 16.00  40  97 1.15E-05                                                    1
 17.00  40  97 9.13E-06                                                    1
 18.00  40  97 7.14E-06                                                    1
 19.00  40  97 5.68E-06                                                    1
 20.00  40  97 3.75E-06                                                    1
 21.00  40  97 2.98E-06                                                    1
 22.00  40  97 2.39E-06                                                    1
 23.00  40  97 2.01E-06                                                    1
 24.00  40  97 1.62E-06                                                    1
 25.00  40  97 1.28E-06                                                    1
 26.00  40  97 1.10E-06                                                    1
 27.00  40  97 8.86E-07                                                    1
 28.00  40  97 7.64E-07                                                    1
 29.00  40  97 6.11E-07                                                    1
 30.00  40  97 5.50E-07                                                    1
 31.00  40  97 4.46E-07                                                    1
 32.00  40  97 3.81E-07                                                    1
 33.00  40  97 3.13E-07                                                    1
 34.00  40  97 2.66E-07                                                    1
 35.00  40  97 2.29E-07                                                    1
 36.00  40  97 1.94E-07                                                    1
 37.00  40  97 1.58E-07                                                    1
 38.00  40  97 1.30E-07                                                    1
 39.00  40  97 1.22E-07                                                    1
  1.00  40  96 7.64E+01                                                    1
  2.00  40  96 7.03E+01                                                    1
  3.00  40  96 6.77E+01                                                    1
  4.00  40  96 6.41E+01                                                    1
  5.00  40  96 6.21E+01                                                    1
  6.00  40  96 6.10E+01                                                    1
  7.00  40  96 6.02E+01                                                    1
  8.00  40  96 5.92E+01                                                    1
  9.00  40  96 4.96E+01                                                    1
 10.00  40  96 3.23E+01                                                    1
 11.00  40  96 1.98E+01                                                    1
 12.00  40  96 1.35E+01                                                    1
 13.00  40  96 1.04E+01                                                    1
 14.00  40  96 8.48E+00                                                    1
 15.00  40  96 7.26E+00                                                    1
 16.00  40  96 5.58E+00                                                    1
 17.00  40  96 5.19E+00                                                    1
 18.00  40  96 4.75E+00                                                    1
 19.00  40  96 4.75E+00                                                    1
 20.00  40  96 3.51E+00                                                    1
 21.00  40  96 3.50E+00                                                    1
 22.00  40  96 3.09E+00                                                    1
 23.00  40  96 2.84E+00                                                    1
 24.00  40  96 2.82E+00                                                    1
 25.00  40  96 2.59E+00                                                    1
 26.00  40  96 2.27E+00                                                    1
 27.00  40  96 2.25E+00                                                    1
 28.00  40  96 1.67E+00                                                    1
 29.00  40  96 1.85E+00                                                    1
 30.00  40  96 1.80E+00                                                    1
 31.00  40  96 1.53E+00                                                    1
 32.00  40  96 1.51E+00                                                    1
 33.00  40  96 1.46E+00                                                    1
 34.00  40  96 1.57E+00                                                    1
 35.00  40  96 1.24E+00                                                    1
 36.00  40  96 1.10E+00                                                    1
 37.00  40  96 9.79E-01                                                    1
 38.00  40  96 1.29E+00                                                    1
 39.00  40  96 1.08E+00                                                    1
  9.00  40  95 8.45E+00                                                    1
 10.00  40  95 2.47E+01                                                    1
 11.00  40  95 3.63E+01                                                    1
 12.00  40  95 4.18E+01                                                    1
 13.00  40  95 4.44E+01                                                    1
 14.00  40  95 4.61E+01                                                    1
 15.00  40  95 4.70E+01                                                    1
 16.00  40  95 4.71E+01                                                    1
 17.00  40  95 4.18E+01                                                    1
 18.00  40  95 3.44E+01                                                    1
 19.00  40  95 2.74E+01                                                    1
 20.00  40  95 2.15E+01                                                    1
 21.00  40  95 1.76E+01                                                    1
 22.00  40  95 1.46E+01                                                    1
 23.00  40  95 1.17E+01                                                    1
 24.00  40  95 1.01E+01                                                    1
 25.00  40  95 9.66E+00                                                    1
 26.00  40  95 7.61E+00                                                    1
 27.00  40  95 7.84E+00                                                    1
 28.00  40  95 6.57E+00                                                    1
 29.00  40  95 6.80E+00                                                    1
 30.00  40  95 6.04E+00                                                    1
 31.00  40  95 5.74E+00                                                    1
 32.00  40  95 5.60E+00                                                    1
 33.00  40  95 4.70E+00                                                    1
 34.00  40  95 4.31E+00                                                    1
 35.00  40  95 4.66E+00                                                    1
 36.00  40  95 4.19E+00                                                    1
 37.00  40  95 3.44E+00                                                    1
 38.00  40  95 4.29E+00                                                    1
 39.00  40  95 3.76E+00                                                    1
  1.00  40  94 4.67E+02                                                    1
  2.00  40  94 4.31E+02                                                    1
  3.00  40  94 4.18E+02                                                    1
  4.00  40  94 3.96E+02                                                    1
  5.00  40  94 3.80E+02                                                    1
  6.00  40  94 3.72E+02                                                    1
  7.00  40  94 3.66E+02                                                    1
  8.00  40  94 3.62E+02                                                    1
  9.00  40  94 3.38E+02                                                    1
 10.00  40  94 2.28E+02                                                    1
 11.00  40  94 1.42E+02                                                    1
 12.00  40  94 9.61E+01                                                    1
 13.00  40  94 6.56E+01                                                    1
 14.00  40  94 5.29E+01                                                    1
 15.00  40  94 4.37E+01                                                    1
 16.00  40  94 3.84E+01                                                    1
 17.00  40  94 3.78E+01                                                    1
 18.00  40  94 4.34E+01                                                    1
 19.00  40  94 4.61E+01                                                    1
 20.00  40  94 4.96E+01                                                    1
 21.00  40  94 5.11E+01                                                    1
 22.00  40  94 5.15E+01                                                    1
 23.00  40  94 5.19E+01                                                    1
 24.00  40  94 5.28E+01                                                    1
 25.00  40  94 5.17E+01                                                    1
 26.00  40  94 5.11E+01                                                    1
 27.00  40  94 4.71E+01                                                    1
 28.00  40  94 4.31E+01                                                    1
 29.00  40  94 4.03E+01                                                    1
 30.00  40  94 3.57E+01                                                    1
 31.00  40  94 3.18E+01                                                    1
 32.00  40  94 2.64E+01                                                    1
 33.00  40  94 2.53E+01                                                    1
 34.00  40  94 2.29E+01                                                    1
 35.00  40  94 2.03E+01                                                    1
 36.00  40  94 1.85E+01                                                    1
 37.00  40  94 1.77E+01                                                    1
 38.00  40  94 1.61E+01                                                    1
 39.00  40  94 1.56E+01                                                    1
  9.00  40  93 1.75E+01                                                    1
 10.00  40  93 1.21E+02                                                    1
 11.00  40  93 2.01E+02                                                    1
 12.00  40  93 2.42E+02                                                    1
 13.00  40  93 2.68E+02                                                    1
 14.00  40  93 2.77E+02                                                    1
 15.00  40  93 2.85E+02                                                    1
 16.00  40  93 2.86E+02                                                    1
 17.00  40  93 2.74E+02                                                    1
 18.00  40  93 2.38E+02                                                    1
 19.00  40  93 1.94E+02                                                    1
 20.00  40  93 1.51E+02                                                    1
 21.00  40  93 1.21E+02                                                    1
 22.00  40  93 9.45E+01                                                    1
 23.00  40  93 7.87E+01                                                    1
 24.00  40  93 6.58E+01                                                    1
 25.00  40  93 5.71E+01                                                    1
 26.00  40  93 5.32E+01                                                    1
 27.00  40  93 4.91E+01                                                    1
 28.00  40  93 5.01E+01                                                    1
 29.00  40  93 4.84E+01                                                    1
 30.00  40  93 4.92E+01                                                    1
 31.00  40  93 4.90E+01                                                    1
 32.00  40  93 5.24E+01                                                    1
 33.00  40  93 5.22E+01                                                    1
 34.00  40  93 5.33E+01                                                    1
 35.00  40  93 5.08E+01                                                    1
 36.00  40  93 5.11E+01                                                    1
 37.00  40  93 4.74E+01                                                    1
 38.00  40  93 4.41E+01                                                    1
 39.00  40  93 4.27E+01                                                    1
  1.00  40  92 4.48E+02                                                    1
  2.00  40  92 4.17E+02                                                    1
  3.00  40  92 4.09E+02                                                    1
  4.00  40  92 3.88E+02                                                    1
  5.00  40  92 3.71E+02                                                    1
  6.00  40  92 3.60E+02                                                    1
  7.00  40  92 3.54E+02                                                    1
  8.00  40  92 3.50E+02                                                    1
  9.00  40  92 3.44E+02                                                    1
 10.00  40  92 2.70E+02                                                    1
 11.00  40  92 1.68E+02                                                    1
 12.00  40  92 1.08E+02                                                    1
 13.00  40  92 7.40E+01                                                    1
 14.00  40  92 5.71E+01                                                    1
 15.00  40  92 4.54E+01                                                    1
 16.00  40  92 3.98E+01                                                    1
 17.00  40  92 4.84E+01                                                    1
 18.00  40  92 7.40E+01                                                    1
 19.00  40  92 1.15E+02                                                    1
 20.00  40  92 1.55E+02                                                    1
 21.00  40  92 1.81E+02                                                    1
 22.00  40  92 2.02E+02                                                    1
 23.00  40  92 2.17E+02                                                    1
 24.00  40  92 2.24E+02                                                    1
 25.00  40  92 2.30E+02                                                    1
 26.00  40  92 2.30E+02                                                    1
 27.00  40  92 2.29E+02                                                    1
 28.00  40  92 2.14E+02                                                    1
 29.00  40  92 1.99E+02                                                    1
 30.00  40  92 1.77E+02                                                    1
 31.00  40  92 1.56E+02                                                    1
 32.00  40  92 1.35E+02                                                    1
 33.00  40  92 1.16E+02                                                    1
 34.00  40  92 9.97E+01                                                    1
 35.00  40  92 9.00E+01                                                    1
 36.00  40  92 8.26E+01                                                    1
 37.00  40  92 7.65E+01                                                    1
 38.00  40  92 7.09E+01                                                    1
 39.00  40  92 6.70E+01                                                    1
  1.00  40  91 2.89E+02                                                    1
  2.00  40  91 2.69E+02                                                    1
  3.00  40  91 2.66E+02                                                    1
  4.00  40  91 2.53E+02                                                    1
  5.00  40  91 2.41E+02                                                    1
  6.00  40  91 2.34E+02                                                    1
  7.00  40  91 2.29E+02                                                    1
  8.00  40  91 2.12E+02                                                    1
  9.00  40  91 1.41E+02                                                    1
 10.00  40  91 1.48E+02                                                    1
 11.00  40  91 2.13E+02                                                    1
 12.00  40  91 2.50E+02                                                    1
 13.00  40  91 2.70E+02                                                    1
 14.00  40  91 2.78E+02                                                    1
 15.00  40  91 2.84E+02                                                    1
 16.00  40  91 2.83E+02                                                    1
 17.00  40  91 2.82E+02                                                    1
 18.00  40  91 2.66E+02                                                    1
 19.00  40  91 2.30E+02                                                    1
 20.00  40  91 1.88E+02                                                    1
 21.00  40  91 1.50E+02                                                    1
 22.00  40  91 1.22E+02                                                    1
 23.00  40  91 9.79E+01                                                    1
 24.00  40  91 8.25E+01                                                    1
 25.00  40  91 6.84E+01                                                    1
 26.00  40  91 6.32E+01                                                    1
 27.00  40  91 6.11E+01                                                    1
 28.00  40  91 6.79E+01                                                    1
 29.00  40  91 7.94E+01                                                    1
 30.00  40  91 9.82E+01                                                    1
 31.00  40  91 1.14E+02                                                    1
 32.00  40  91 1.30E+02                                                    1
 33.00  40  91 1.43E+02                                                    1
 34.00  40  91 1.56E+02                                                    1
 35.00  40  91 1.63E+02                                                    1
 36.00  40  91 1.65E+02                                                    1
 37.00  40  91 1.65E+02                                                    1
 38.00  40  91 1.61E+02                                                    1
 39.00  40  91 1.50E+02                                                    1
  1.00  40  90 1.30E+03 0.00E+00 0.00E+00          0.00E+00            0   2
  2.00  40  90 1.22E+03 0.00E+00 0.00E+00          0.00E+00            0   2
  3.00  40  90 1.21E+03 0.00E+00 0.00E+00          0.00E+00            0   2
  4.00  40  90 1.15E+03 0.00E+00 0.00E+00          0.00E+00            0   2
  5.00  40  90 1.10E+03 0.00E+00 0.00E+00          0.00E+00            0   2
  6.00  40  90 1.06E+03 0.00E+00 0.00E+00          0.00E+00            0   2
  7.00  40  90 1.04E+03 0.00E+00 0.00E+00          0.00E+00            0   2
  8.00  40  90 1.03E+03 0.00E+00 0.00E+00          0.00E+00            0   2
  9.00  40  90 1.09E+03 0.00E+00 0.00E+00          0.00E+00            0   2
 10.00  40  90 1.13E+03 0.00E+00 0.00E+00          0.00E+00            0   2
 11.00  40  90 1.14E+03 0.00E+00 0.00E+00          0.00E+00            0   2
 12.00  40  90 1.14E+03 0.00E+00 0.00E+00          0.00E+00            0   2
 13.00  40  90 9.76E+02 0.00E+00 0.00E+00          0.00E+00            0   2
 14.00  40  90 7.27E+02 0.00E+00 0.00E+00          0.00E+00            0   2
 15.00  40  90 5.61E+02 0.00E+00 0.00E+00          0.00E+00            0   2
 16.00  40  90 4.51E+02 0.00E+00 0.00E+00          0.00E+00            0   2
 17.00  40  90 3.93E+02 0.00E+00 0.00E+00          0.00E+00            0   2
 18.00  40  90 3.66E+02 0.00E+00 0.00E+00          0.00E+00            0   2
 19.00  40  90 3.68E+02 0.00E+00 0.00E+00          0.00E+00            0   2
 20.00  40  90 3.86E+02 0.00E+00 0.00E+00          0.00E+00            0   2
 21.00  40  90 4.01E+02 0.00E+00 0.00E+00          0.00E+00            0   2
 22.00  40  90 3.92E+02 0.00E+00 0.00E+00          0.00E+00            0   2
 23.00  40  90 3.83E+02 0.00E+00 0.00E+00          0.00E+00            0   2
 24.00  40  90 3.66E+02 0.00E+00 0.00E+00          0.00E+00            0   2
 25.00  40  90 3.52E+02 0.00E+00 0.00E+00          0.00E+00            0   2
 26.00  40  90 3.34E+02 0.00E+00 0.00E+00          0.00E+00            0   2
 27.00  40  90 3.21E+02 0.00E+00 0.00E+00          0.00E+00            0   2
 28.00  40  90 3.09E+02 0.00E+00 0.00E+00          0.00E+00            0   2
 29.00  40  90 3.00E+02 0.00E+00 0.00E+00          0.00E+00            0   2
 30.00  40  90 2.87E+02 0.00E+00 0.00E+00          0.00E+00            0   2
 31.00  40  90 2.75E+02 0.00E+00 0.00E+00          0.00E+00            0   2
 32.00  40  90 2.66E+02 0.00E+00 0.00E+00          0.00E+00            0   2
 33.00  40  90 2.45E+02 0.00E+00 0.00E+00          0.00E+00            0   2
 34.00  40  90 2.29E+02 0.00E+00 0.00E+00          0.00E+00            0   2
 35.00  40  90 2.07E+02 0.00E+00 0.00E+00          0.00E+00            0   2
 36.00  40  90 1.92E+02 0.00E+00 0.00E+00          0.00E+00            0   2
 37.00  40  90 1.78E+02 0.00E+00 0.00E+00          0.00E+00            0   2
 38.00  40  90 1.70E+02 0.00E+00 0.00E+00          0.00E+00            0   2
 39.00  40  90 1.64E+02 0.00E+00 0.00E+00          0.00E+00            0   2
 12.00  40  89 9.49E-02 0.00E+00 0.00E+00          0.00E+00            0   2
 13.00  40  89 1.39E+02 0.00E+00 0.00E+00          0.00E+00            0   2
 14.00  40  89 3.54E+02 0.00E+00 0.00E+00          0.00E+00            0   2
 15.00  40  89 4.93E+02 0.00E+00 0.00E+00          0.00E+00            0   2
 16.00  40  89 5.82E+02 0.00E+00 0.00E+00          0.00E+00            0   2
 17.00  40  89 6.16E+02 0.00E+00 0.00E+00          0.00E+00            0   2
 18.00  40  89 6.37E+02 0.00E+00 0.00E+00          0.00E+00            0   2
 19.00  40  89 6.47E+02 0.00E+00 0.00E+00          0.00E+00            0   2
 20.00  40  89 6.44E+02 0.00E+00 0.00E+00          0.00E+00            0   2
 21.00  40  89 6.44E+02 0.00E+00 0.00E+00          0.00E+00            0   2
 22.00  40  89 6.53E+02 0.00E+00 0.00E+00          0.00E+00            0   2
 23.00  40  89 6.50E+02 0.00E+00 0.00E+00          0.00E+00            0   2
 24.00  40  89 6.24E+02 0.00E+00 0.00E+00          0.00E+00            0   2
 25.00  40  89 5.66E+02 0.00E+00 0.00E+00          0.00E+00            0   2
 26.00  40  89 4.95E+02 0.00E+00 0.00E+00          0.00E+00            0   2
 27.00  40  89 4.28E+02 0.00E+00 0.00E+00          0.00E+00            0   2
 28.00  40  89 3.74E+02 0.00E+00 0.00E+00          0.00E+00            0   2
 29.00  40  89 3.33E+02 0.00E+00 0.00E+00          0.00E+00            0   2
 30.00  40  89 3.03E+02 0.00E+00 0.00E+00          0.00E+00            0   2
 31.00  40  89 2.75E+02 0.00E+00 0.00E+00          0.00E+00            0   2
 32.00  40  89 2.62E+02 0.00E+00 0.00E+00          0.00E+00            0   2
 33.00  40  89 2.53E+02 0.00E+00 0.00E+00          0.00E+00            0   2
 34.00  40  89 2.49E+02 0.00E+00 0.00E+00          0.00E+00            0   2
 35.00  40  89 2.41E+02 0.00E+00 0.00E+00          0.00E+00            0   2
 36.00  40  89 2.41E+02 0.00E+00 0.00E+00          0.00E+00            0   2
 37.00  40  89 2.35E+02 0.00E+00 0.00E+00          0.00E+00            0   2
 38.00  40  89 2.30E+02 0.00E+00 0.00E+00          0.00E+00            0   2
 39.00  40  89 2.29E+02 0.00E+00 0.00E+00          0.00E+00            0   2
 19.00  40  88 3.58E-02                                                    1
 20.00  40  88 1.42E-01                                                    1
 21.00  40  88 1.93E-01                                                    1
 22.00  40  88 5.57E-01                                                    1
 23.00  40  88 7.39E+00                                                    1
 24.00  40  88 4.35E+01                                                    1
 25.00  40  88 1.04E+02                                                    1
 26.00  40  88 1.73E+02                                                    1
 27.00  40  88 2.35E+02                                                    1
 28.00  40  88 2.77E+02                                                    1
 29.00  40  88 3.07E+02                                                    1
 30.00  40  88 3.27E+02                                                    1
 31.00  40  88 3.43E+02                                                    1
 32.00  40  88 3.47E+02                                                    1
 33.00  40  88 3.56E+02                                                    1
 34.00  40  88 3.58E+02                                                    1
 35.00  40  88 3.63E+02                                                    1
 36.00  40  88 3.64E+02                                                    1
 37.00  40  88 3.54E+02                                                    1
 38.00  40  88 3.38E+02                                                    1
 39.00  40  88 3.20E+02                                                    1
 32.00  40  87 1.62E-02 0.00E+00 0.00E+00          0.00E+00            0   2
 33.00  40  87 9.64E-02 0.00E+00 0.00E+00          0.00E+00            0   2
 34.00  40  87 7.97E-02 0.00E+00 0.00E+00          0.00E+00            0   2
 35.00  40  87 1.11E-01 0.00E+00 0.00E+00          0.00E+00            0   2
 36.00  40  87 1.06E+00 0.00E+00 0.00E+00          0.00E+00            0   2
 37.00  40  87 4.04E+00 0.00E+00 0.00E+00          0.00E+00            0   2
 38.00  40  87 1.11E+01 0.00E+00 0.00E+00          0.00E+00            0   2
 39.00  40  87 2.18E+01 0.00E+00 0.00E+00          0.00E+00            0   2
 15.00  39  96 3.88E-02 0.00E+00 0.00E+00          0.00E+00            0   2
 16.00  39  96 1.93E-01 0.00E+00 0.00E+00          0.00E+00            0   2
 17.00  39  96 1.72E-01 0.00E+00 0.00E+00          0.00E+00            0   2
 18.00  39  96 2.66E-01 0.00E+00 0.00E+00          0.00E+00            0   2
 19.00  39  96 2.82E-01 0.00E+00 0.00E+00          0.00E+00            0   2
 20.00  39  96 3.35E-01 0.00E+00 0.00E+00          0.00E+00            0   2
 21.00  39  96 4.61E-01 0.00E+00 0.00E+00          0.00E+00            0   2
 22.00  39  96 4.02E-01 0.00E+00 0.00E+00          0.00E+00            0   2
 23.00  39  96 2.91E-01 0.00E+00 0.00E+00          0.00E+00            0   2
 24.00  39  96 2.35E-01 0.00E+00 0.00E+00          0.00E+00            0   2
 25.00  39  96 4.86E-01 0.00E+00 0.00E+00          0.00E+00            0   2
 26.00  39  96 2.50E-01 0.00E+00 0.00E+00          0.00E+00            0   2
 27.00  39  96 2.13E-01 0.00E+00 0.00E+00          0.00E+00            0   2
 28.00  39  96 2.82E-01 0.00E+00 0.00E+00          0.00E+00            0   2
 29.00  39  96 2.27E-01 0.00E+00 0.00E+00          0.00E+00            0   2
 30.00  39  96 3.12E-01 0.00E+00 0.00E+00          0.00E+00            0   2
 31.00  39  96 2.24E-01 0.00E+00 0.00E+00          0.00E+00            0   2
 32.00  39  96 3.08E-01 0.00E+00 0.00E+00          0.00E+00            0   2
 33.00  39  96 2.04E-01 0.00E+00 0.00E+00          0.00E+00            0   2
 34.00  39  96 2.54E-01 0.00E+00 0.00E+00          0.00E+00            0   2
 35.00  39  96 1.85E-01 0.00E+00 0.00E+00          0.00E+00            0   2
 36.00  39  96 1.34E-01 0.00E+00 0.00E+00          0.00E+00            0   2
 37.00  39  96 2.99E-01 0.00E+00 0.00E+00          0.00E+00            0   2
 38.00  39  96 2.14E-01 0.00E+00 0.00E+00          0.00E+00            0   2
 39.00  39  96 1.64E-01 0.00E+00 0.00E+00          0.00E+00            0   2
 16.00  39  95 1.93E-02                                                    1
 17.00  39  95 3.83E-02                                                    1
 18.00  39  95 1.90E-02                                                    1
 19.00  39  95 2.25E-01                                                    1
 20.00  39  95 2.23E-01                                                    1
 21.00  39  95 4.24E-01                                                    1
 22.00  39  95 6.22E-01                                                    1
 23.00  39  95 7.28E-01                                                    1
 24.00  39  95 9.95E-01                                                    1
 25.00  39  95 1.24E+00                                                    1
 26.00  39  95 1.36E+00                                                    1
 27.00  39  95 1.56E+00                                                    1
 28.00  39  95 1.48E+00                                                    1
 29.00  39  95 1.63E+00                                                    1
 30.00  39  95 1.68E+00                                                    1
 31.00  39  95 1.93E+00                                                    1
 32.00  39  95 1.52E+00                                                    1
 33.00  39  95 1.75E+00                                                    1
 34.00  39  95 1.78E+00                                                    1
 35.00  39  95 1.78E+00                                                    1
 36.00  39  95 1.74E+00                                                    1
 37.00  39  95 1.88E+00                                                    1
 38.00  39  95 1.63E+00                                                    1
 39.00  39  95 1.74E+00                                                    1
 10.00  39  94 1.61E-01                                                    1
 11.00  39  94 1.58E-01                                                    1
 12.00  39  94 3.51E-01                                                    1
 13.00  39  94 7.13E-01                                                    1
 14.00  39  94 1.32E+00                                                    1
 15.00  39  94 1.94E+00                                                    1
 16.00  39  94 2.88E+00                                                    1
 17.00  39  94 2.71E+00                                                    1
 18.00  39  94 3.46E+00                                                    1
 19.00  39  94 3.52E+00                                                    1
 20.00  39  94 3.37E+00                                                    1
 21.00  39  94 3.32E+00                                                    1
 22.00  39  94 3.11E+00                                                    1
 23.00  39  94 3.42E+00                                                    1
 24.00  39  94 3.06E+00                                                    1
 25.00  39  94 2.74E+00                                                    1
 26.00  39  94 2.97E+00                                                    1
 27.00  39  94 3.05E+00                                                    1
 28.00  39  94 3.28E+00                                                    1
 29.00  39  94 2.53E+00                                                    1
 30.00  39  94 2.74E+00                                                    1
 31.00  39  94 3.20E+00                                                    1
 32.00  39  94 3.23E+00                                                    1
 33.00  39  94 3.26E+00                                                    1
 34.00  39  94 2.96E+00                                                    1
 35.00  39  94 2.80E+00                                                    1
 36.00  39  94 3.17E+00                                                    1
 37.00  39  94 2.71E+00                                                    1
 38.00  39  94 3.15E+00                                                    1
 39.00  39  94 2.93E+00                                                    1
 14.00  39  93 5.73E-02 0.00E+00 0.00E+00          0.00E+00            0   2
 15.00  39  93 7.61E-02 0.00E+00 0.00E+00          0.00E+00            0   2
 16.00  39  93 5.11E-01 0.00E+00 0.00E+00          0.00E+00            0   2
 17.00  39  93 9.60E-01 0.00E+00 0.00E+00          0.00E+00            0   2
 18.00  39  93 1.98E+00 0.00E+00 0.00E+00          0.00E+00            0   2
 19.00  39  93 2.91E+00 0.00E+00 0.00E+00          0.00E+00            0   2
 20.00  39  93 4.10E+00 0.00E+00 0.00E+00          0.00E+00            0   2
 21.00  39  93 5.70E+00 0.00E+00 0.00E+00          0.00E+00            0   2
 22.00  39  93 7.23E+00 0.00E+00 0.00E+00          0.00E+00            0   2
 23.00  39  93 7.97E+00 0.00E+00 0.00E+00          0.00E+00            0   2
 24.00  39  93 9.51E+00 0.00E+00 0.00E+00          0.00E+00            0   2
 25.00  39  93 1.02E+01 0.00E+00 0.00E+00          0.00E+00            0   2
 26.00  39  93 1.12E+01 0.00E+00 0.00E+00          0.00E+00            0   2
 27.00  39  93 1.18E+01 0.00E+00 0.00E+00          0.00E+00            0   2
 28.00  39  93 1.32E+01 0.00E+00 0.00E+00          0.00E+00            0   2
 29.00  39  93 1.27E+01 0.00E+00 0.00E+00          0.00E+00            0   2
 30.00  39  93 1.28E+01 0.00E+00 0.00E+00          0.00E+00            0   2
 31.00  39  93 1.34E+01 0.00E+00 0.00E+00          0.00E+00            0   2
 32.00  39  93 1.35E+01 0.00E+00 0.00E+00          0.00E+00            0   2
 33.00  39  93 1.34E+01 0.00E+00 0.00E+00          0.00E+00            0   2
 34.00  39  93 1.33E+01 0.00E+00 0.00E+00          0.00E+00            0   2
 35.00  39  93 1.30E+01 0.00E+00 0.00E+00          0.00E+00            0   2
 36.00  39  93 1.33E+01 0.00E+00 0.00E+00          0.00E+00            0   2
 37.00  39  93 1.27E+01 0.00E+00 0.00E+00          0.00E+00            0   2
 38.00  39  93 1.28E+01 0.00E+00 0.00E+00          0.00E+00            0   2
 39.00  39  93 1.32E+01 0.00E+00 0.00E+00          0.00E+00            0   2
  7.00  39  92 2.06E-02                                                    1
  8.00  39  92 1.02E-01                                                    1
  9.00  39  92 2.21E-01                                                    1
 10.00  39  92 5.55E-01                                                    1
 11.00  39  92 1.07E+00                                                    1
 12.00  39  92 1.67E+00                                                    1
 13.00  39  92 2.03E+00                                                    1
 14.00  39  92 2.87E+00                                                    1
 15.00  39  92 3.21E+00                                                    1
 16.00  39  92 4.27E+00                                                    1
 17.00  39  92 4.47E+00                                                    1
 18.00  39  92 4.31E+00                                                    1
 19.00  39  92 4.27E+00                                                    1
 20.00  39  92 4.64E+00                                                    1
 21.00  39  92 4.15E+00                                                    1
 22.00  39  92 4.12E+00                                                    1
 23.00  39  92 4.06E+00                                                    1
 24.00  39  92 4.23E+00                                                    1
 25.00  39  92 4.23E+00                                                    1
 26.00  39  92 4.93E+00                                                    1
 27.00  39  92 6.14E+00                                                    1
 28.00  39  92 6.64E+00                                                    1
 29.00  39  92 7.93E+00                                                    1
 30.00  39  92 8.98E+00                                                    1
 31.00  39  92 1.06E+01                                                    1
 32.00  39  92 1.10E+01                                                    1
 33.00  39  92 1.26E+01                                                    1
 34.00  39  92 1.29E+01                                                    1
 35.00  39  92 1.33E+01                                                    1
 36.00  39  92 1.26E+01                                                    1
 37.00  39  92 1.44E+01                                                    1
 38.00  39  92 1.39E+01                                                    1
 39.00  39  92 1.48E+01                                                    1
  6.00  39  91 2.08E-02 0.00E+00 0.00E+00          0.00E+00            0   2
  7.00  39  91 6.13E-02 0.00E+00 0.00E+00          0.00E+00            0   2
  8.00  39  91 4.04E-01 0.00E+00 0.00E+00          0.00E+00            0   2
  9.00  39  91 5.19E-01 0.00E+00 0.00E+00          0.00E+00            0   2
 10.00  39  91 1.02E+00 0.00E+00 0.00E+00          0.00E+00            0   2
 11.00  39  91 1.38E+00 0.00E+00 0.00E+00          0.00E+00            0   2
 12.00  39  91 1.93E+00 0.00E+00 0.00E+00          0.00E+00            0   2
 13.00  39  91 2.96E+00 0.00E+00 0.00E+00          0.00E+00            0   2
 14.00  39  91 3.54E+00 0.00E+00 0.00E+00          0.00E+00            0   2
 15.00  39  91 4.55E+00 0.00E+00 0.00E+00          0.00E+00            0   2
 16.00  39  91 5.14E+00 0.00E+00 0.00E+00          0.00E+00            0   2
 17.00  39  91 6.74E+00 0.00E+00 0.00E+00          0.00E+00            0   2
 18.00  39  91 7.74E+00 0.00E+00 0.00E+00          0.00E+00            0   2
 19.00  39  91 9.95E+00 0.00E+00 0.00E+00          0.00E+00            0   2
 20.00  39  91 1.14E+01 0.00E+00 0.00E+00          0.00E+00            0   2
 21.00  39  91 1.30E+01 0.00E+00 0.00E+00          0.00E+00            0   2
 22.00  39  91 1.48E+01 0.00E+00 0.00E+00          0.00E+00            0   2
 23.00  39  91 1.70E+01 0.00E+00 0.00E+00          0.00E+00            0   2
 24.00  39  91 1.76E+01 0.00E+00 0.00E+00          0.00E+00            0   2
 25.00  39  91 1.76E+01 0.00E+00 0.00E+00          0.00E+00            0   2
 26.00  39  91 1.81E+01 0.00E+00 0.00E+00          0.00E+00            0   2
 27.00  39  91 1.82E+01 0.00E+00 0.00E+00          0.00E+00            0   2
 28.00  39  91 1.88E+01 0.00E+00 0.00E+00          0.00E+00            0   2
 29.00  39  91 1.74E+01 0.00E+00 0.00E+00          0.00E+00            0   2
 30.00  39  91 1.89E+01 0.00E+00 0.00E+00          0.00E+00            0   2
 31.00  39  91 1.80E+01 0.00E+00 0.00E+00          0.00E+00            0   2
 32.00  39  91 1.94E+01 0.00E+00 0.00E+00          0.00E+00            0   2
 33.00  39  91 1.87E+01 0.00E+00 0.00E+00          0.00E+00            0   2
 34.00  39  91 1.75E+01 0.00E+00 0.00E+00          0.00E+00            0   2
 35.00  39  91 1.93E+01 0.00E+00 0.00E+00          0.00E+00            0   2
 36.00  39  91 1.93E+01 0.00E+00 0.00E+00          0.00E+00            0   2
 37.00  39  91 2.08E+01 0.00E+00 0.00E+00          0.00E+00            0   2
 38.00  39  91 2.23E+01 0.00E+00 0.00E+00          0.00E+00            0   2
 39.00  39  91 2.32E+01 0.00E+00 0.00E+00          0.00E+00            0   2
  5.00  39  90 2.14E-02 0.00E+00 0.00E+00          0.00E+00            0   2
  6.00  39  90 4.13E-01 0.00E+00 0.00E+00          0.00E+00            0   2
  7.00  39  90 1.50E+00 0.00E+00 0.00E+00          0.00E+00            0   2
  8.00  39  90 3.08E+00 0.00E+00 0.00E+00          0.00E+00            0   2
  9.00  39  90 5.33E+00 0.00E+00 0.00E+00          0.00E+00            0   2
 10.00  39  90 8.33E+00 0.00E+00 0.00E+00          0.00E+00            0   2
 11.00  39  90 1.12E+01 0.00E+00 0.00E+00          0.00E+00            0   2
 12.00  39  90 1.41E+01 0.00E+00 0.00E+00          0.00E+00            0   2
 13.00  39  90 1.62E+01 0.00E+00 0.00E+00          0.00E+00            0   2
 14.00  39  90 2.06E+01 0.00E+00 0.00E+00          0.00E+00            0   2
 15.00  39  90 2.11E+01 0.00E+00 0.00E+00          0.00E+00            0   2
 16.00  39  90 2.23E+01 0.00E+00 0.00E+00          0.00E+00            0   2
 17.00  39  90 2.11E+01 0.00E+00 0.00E+00          0.00E+00            0   2
 18.00  39  90 2.20E+01 0.00E+00 0.00E+00          0.00E+00            0   2
 19.00  39  90 2.25E+01 0.00E+00 0.00E+00          0.00E+00            0   2
 20.00  39  90 2.35E+01 0.00E+00 0.00E+00          0.00E+00            0   2
 21.00  39  90 2.35E+01 0.00E+00 0.00E+00          0.00E+00            0   2
 22.00  39  90 2.39E+01 0.00E+00 0.00E+00          0.00E+00            0   2
 23.00  39  90 2.56E+01 0.00E+00 0.00E+00          0.00E+00            0   2
 24.00  39  90 2.37E+01 0.00E+00 0.00E+00          0.00E+00            0   2
 25.00  39  90 2.44E+01 0.00E+00 0.00E+00          0.00E+00            0   2
 26.00  39  90 2.45E+01 0.00E+00 0.00E+00          0.00E+00            0   2
 27.00  39  90 2.63E+01 0.00E+00 0.00E+00          0.00E+00            0   2
 28.00  39  90 2.76E+01 0.00E+00 0.00E+00          0.00E+00            0   2
 29.00  39  90 2.81E+01 0.00E+00 0.00E+00          0.00E+00            0   2
 30.00  39  90 2.92E+01 0.00E+00 0.00E+00          0.00E+00            0   2
 31.00  39  90 3.10E+01 0.00E+00 0.00E+00          0.00E+00            0   2
 32.00  39  90 2.99E+01 0.00E+00 0.00E+00          0.00E+00            0   2
 33.00  39  90 3.19E+01 0.00E+00 0.00E+00          0.00E+00            0   2
 34.00  39  90 3.12E+01 0.00E+00 0.00E+00          0.00E+00            0   2
 35.00  39  90 3.40E+01 0.00E+00 0.00E+00          0.00E+00            0   2
 36.00  39  90 3.09E+01 0.00E+00 0.00E+00          0.00E+00            0   2
 37.00  39  90 3.17E+01 0.00E+00 0.00E+00          0.00E+00            0   2
 38.00  39  90 3.11E+01 0.00E+00 0.00E+00          0.00E+00            0   2
 39.00  39  90 3.08E+01 0.00E+00 0.00E+00          0.00E+00            0   2
 12.00  39  89 1.33E-01 0.00E+00 0.00E+00          0.00E+00            0   2
 13.00  39  89 1.23E+01 0.00E+00 0.00E+00          0.00E+00            0   2
 14.00  39  89 3.16E+01 0.00E+00 0.00E+00          0.00E+00            0   2
 15.00  39  89 4.97E+01 0.00E+00 0.00E+00          0.00E+00            0   2
 16.00  39  89 6.54E+01 0.00E+00 0.00E+00          0.00E+00            0   2
 17.00  39  89 8.46E+01 0.00E+00 0.00E+00          0.00E+00            0   2
 18.00  39  89 9.79E+01 0.00E+00 0.00E+00          0.00E+00            0   2
 19.00  39  89 1.11E+02 0.00E+00 0.00E+00          0.00E+00            0   2
 20.00  39  89 1.21E+02 0.00E+00 0.00E+00          0.00E+00            0   2
 21.00  39  89 1.30E+02 0.00E+00 0.00E+00          0.00E+00            0   2
 22.00  39  89 1.43E+02 0.00E+00 0.00E+00          0.00E+00            0   2
 23.00  39  89 1.54E+02 0.00E+00 0.00E+00          0.00E+00            0   2
 24.00  39  89 1.62E+02 0.00E+00 0.00E+00          0.00E+00            0   2
 25.00  39  89 1.72E+02 0.00E+00 0.00E+00          0.00E+00            0   2
 26.00  39  89 1.75E+02 0.00E+00 0.00E+00          0.00E+00            0   2
 27.00  39  89 1.68E+02 0.00E+00 0.00E+00          0.00E+00            0   2
 28.00  39  89 1.61E+02 0.00E+00 0.00E+00          0.00E+00            0   2
 29.00  39  89 1.53E+02 0.00E+00 0.00E+00          0.00E+00            0   2
 30.00  39  89 1.44E+02 0.00E+00 0.00E+00          0.00E+00            0   2
 31.00  39  89 1.36E+02 0.00E+00 0.00E+00          0.00E+00            0   2
 32.00  39  89 1.32E+02 0.00E+00 0.00E+00          0.00E+00            0   2
 33.00  39  89 1.27E+02 0.00E+00 0.00E+00          0.00E+00            0   2
 34.00  39  89 1.25E+02 0.00E+00 0.00E+00          0.00E+00            0   2
 35.00  39  89 1.24E+02 0.00E+00 0.00E+00          0.00E+00            0   2
 36.00  39  89 1.23E+02 0.00E+00 0.00E+00          0.00E+00            0   2
 37.00  39  89 1.21E+02 0.00E+00 0.00E+00          0.00E+00            0   2
 38.00  39  89 1.24E+02 0.00E+00 0.00E+00          0.00E+00            0   2
 39.00  39  89 1.22E+02 0.00E+00 0.00E+00          0.00E+00            0   2
 20.00  39  88 3.55E-02 0.00E+00 0.00E+00          0.00E+00            0   2
 21.00  39  88 1.23E-01 0.00E+00 0.00E+00          0.00E+00            0   2
 22.00  39  88 5.22E-02 0.00E+00 0.00E+00          0.00E+00            0   2
 23.00  39  88 4.14E-01 0.00E+00 0.00E+00          0.00E+00            0   2
 24.00  39  88 9.93E-01 0.00E+00 0.00E+00          0.00E+00            0   2
 25.00  39  88 4.08E+00 0.00E+00 0.00E+00          0.00E+00            0   2
 26.00  39  88 1.24E+01 0.00E+00 0.00E+00          0.00E+00            0   2
 27.00  39  88 2.72E+01 0.00E+00 0.00E+00          0.00E+00            0   2
 28.00  39  88 5.02E+01 0.00E+00 0.00E+00          0.00E+00            0   2
 29.00  39  88 7.39E+01 0.00E+00 0.00E+00          0.00E+00            0   2
 30.00  39  88 9.70E+01 0.00E+00 0.00E+00          0.00E+00            0   2
 31.00  39  88 1.21E+02 0.00E+00 0.00E+00          0.00E+00            0   2
 32.00  39  88 1.40E+02 0.00E+00 0.00E+00          0.00E+00            0   2
 33.00  39  88 1.54E+02 0.00E+00 0.00E+00          0.00E+00            0   2
 34.00  39  88 1.68E+02 0.00E+00 0.00E+00          0.00E+00            0   2
 35.00  39  88 1.81E+02 0.00E+00 0.00E+00          0.00E+00            0   2
 36.00  39  88 1.90E+02 0.00E+00 0.00E+00          0.00E+00            0   2
 37.00  39  88 2.04E+02 0.00E+00 0.00E+00          0.00E+00            0   2
 38.00  39  88 2.06E+02 0.00E+00 0.00E+00          0.00E+00            0   2
 39.00  39  88 2.07E+02 0.00E+00 0.00E+00          0.00E+00            0   2
 28.00  39  87 6.66E-02 0.00E+00 0.00E+00          0.00E+00            0   2
 29.00  39  87 1.16E-01 0.00E+00 0.00E+00          0.00E+00            0   2
 30.00  39  87 1.64E-01 0.00E+00 0.00E+00          0.00E+00            0   2
 31.00  39  87 3.91E-01 0.00E+00 0.00E+00          0.00E+00            0   2
 32.00  39  87 5.50E-01 0.00E+00 0.00E+00          0.00E+00            0   2
 33.00  39  87 5.62E-01 0.00E+00 0.00E+00          0.00E+00            0   2
 34.00  39  87 1.04E+00 0.00E+00 0.00E+00          0.00E+00            0   2
 35.00  39  87 2.17E+00 0.00E+00 0.00E+00          0.00E+00            0   2
 36.00  39  87 7.52E+00 0.00E+00 0.00E+00          0.00E+00            0   2
 37.00  39  87 1.73E+01 0.00E+00 0.00E+00          0.00E+00            0   2
 38.00  39  87 3.32E+01 0.00E+00 0.00E+00          0.00E+00            0   2
 39.00  39  87 4.97E+01 0.00E+00 0.00E+00          0.00E+00            0   2
 30.00  38  94 1.73E-02                                                    1
 31.00  38  94 1.72E-02                                                    1
 34.00  38  94 1.69E-02                                                    1
 35.00  38  94 3.36E-02                                                    1
 36.00  38  94 1.67E-02                                                    1
 38.00  38  94 4.95E-02                                                    1
 39.00  38  94 1.64E-02                                                    1
 16.00  38  93 1.93E-02                                                    1
 17.00  38  93 1.91E-02                                                    1
 21.00  38  93 3.68E-02                                                    1
 22.00  38  93 1.83E-02                                                    1
 25.00  38  93 1.80E-02                                                    1
 27.00  38  93 1.77E-02                                                    1
 28.00  38  93 3.52E-02                                                    1
 35.00  38  93 1.65E-02                                                    1
 36.00  38  93 1.67E-02                                                    1
 37.00  38  93 1.66E-02                                                    1
 38.00  38  93 1.65E-02                                                    1
 39.00  38  93 8.20E-02                                                    1
 15.00  38  92 1.94E-02                                                    1
 17.00  38  92 1.91E-02                                                    1
 18.00  38  92 5.70E-02                                                    1
 19.00  38  92 1.13E-01                                                    1
 20.00  38  92 1.12E-01                                                    1
 21.00  38  92 1.11E-01                                                    1
 22.00  38  92 1.28E-01                                                    1
 23.00  38  92 2.37E-01                                                    1
 24.00  38  92 1.81E-01                                                    1
 25.00  38  92 1.62E-01                                                    1
 26.00  38  92 2.14E-01                                                    1
 27.00  38  92 2.47E-01                                                    1
 28.00  38  92 1.41E-01                                                    1
 29.00  38  92 1.91E-01                                                    1
 30.00  38  92 2.58E-01                                                    1
 31.00  38  92 2.22E-01                                                    1
 32.00  38  92 2.38E-01                                                    1
 33.00  38  92 2.88E-01                                                    1
 34.00  38  92 3.01E-01                                                    1
 35.00  38  92 3.33E-01                                                    1
 36.00  38  92 2.47E-01                                                    1
 37.00  38  92 1.80E-01                                                    1
 38.00  38  92 3.10E-01                                                    1
 39.00  38  92 2.58E-01                                                    1
  9.00  38  91 4.09E-02                                                    1
 10.00  38  91 2.21E-01                                                    1
 11.00  38  91 7.91E-02                                                    1
 12.00  38  91 1.95E-01                                                    1
 13.00  38  91 4.43E-01                                                    1
 14.00  38  91 4.40E-01                                                    1
 15.00  38  91 3.62E-01                                                    1
 16.00  38  91 2.27E-01                                                    1
 17.00  38  91 3.95E-01                                                    1
 18.00  38  91 1.68E-01                                                    1
 19.00  38  91 1.11E-01                                                    1
 20.00  38  91 1.10E-01                                                    1
 21.00  38  91 9.07E-02                                                    1
 22.00  38  91 8.99E-02                                                    1
 23.00  38  91 8.94E-02                                                    1
 24.00  38  91 5.33E-02                                                    1
 25.00  38  91 7.10E-02                                                    1
 26.00  38  91 1.79E-01                                                    1
 27.00  38  91 1.59E-01                                                    1
 28.00  38  91 2.11E-01                                                    1
 29.00  38  91 2.45E-01                                                    1
 30.00  38  91 2.76E-01                                                    1
 31.00  38  91 2.74E-01                                                    1
 32.00  38  91 3.93E-01                                                    1
 33.00  38  91 4.92E-01                                                    1
 34.00  38  91 4.72E-01                                                    1
 35.00  38  91 7.03E-01                                                    1
 36.00  38  91 7.31E-01                                                    1
 37.00  38  91 6.10E-01                                                    1
 38.00  38  91 6.54E-01                                                    1
 39.00  38  91 3.58E-01                                                    1
 14.00  38  90 5.73E-02                                                    1
 15.00  38  90 2.09E-01                                                    1
 16.00  38  90 5.30E-01                                                    1
 17.00  38  90 9.04E-01                                                    1
 18.00  38  90 1.18E+00                                                    1
 19.00  38  90 1.46E+00                                                    1
 20.00  38  90 1.92E+00                                                    1
 21.00  38  90 2.21E+00                                                    1
 22.00  38  90 2.39E+00                                                    1
 23.00  38  90 2.97E+00                                                    1
 24.00  38  90 2.86E+00                                                    1
 25.00  38  90 3.23E+00                                                    1
 26.00  38  90 2.58E+00                                                    1
 27.00  38  90 2.12E+00                                                    1
 28.00  38  90 2.32E+00                                                    1
 29.00  38  90 1.73E+00                                                    1
 30.00  38  90 1.49E+00                                                    1
 31.00  38  90 1.47E+00                                                    1
 32.00  38  90 1.34E+00                                                    1
 33.00  38  90 1.36E+00                                                    1
 34.00  38  90 1.39E+00                                                    1
 35.00  38  90 1.49E+00                                                    1
 36.00  38  90 1.28E+00                                                    1
 37.00  38  90 1.45E+00                                                    1
 38.00  38  90 1.56E+00                                                    1
 39.00  38  90 1.58E+00                                                    1
  5.00  38  89 2.16E-02                                                    1
  6.00  38  89 8.40E-02                                                    1
  7.00  38  89 1.03E-01                                                    1
  8.00  38  89 2.65E-01                                                    1
  9.00  38  89 5.03E-01                                                    1
 10.00  38  89 9.11E-01                                                    1
 11.00  38  89 8.20E-01                                                    1
 12.00  38  89 1.31E+00                                                    1
 13.00  38  89 1.57E+00                                                    1
 14.00  38  89 1.41E+00                                                    1
 15.00  38  89 1.46E+00                                                    1
 16.00  38  89 6.31E-01                                                    1
 17.00  38  89 3.88E-01                                                    1
 18.00  38  89 2.39E-01                                                    1
 19.00  38  89 3.28E-01                                                    1
 20.00  38  89 1.26E-01                                                    1
 21.00  38  89 2.50E-01                                                    1
 22.00  38  89 1.60E-01                                                    1
 23.00  38  89 3.01E-01                                                    1
 24.00  38  89 8.50E-01                                                    1
 25.00  38  89 1.20E+00                                                    1
 26.00  38  89 1.94E+00                                                    1
 27.00  38  89 2.53E+00                                                    1
 28.00  38  89 3.51E+00                                                    1
 29.00  38  89 4.20E+00                                                    1
 30.00  38  89 5.04E+00                                                    1
 31.00  38  89 5.65E+00                                                    1
 32.00  38  89 6.06E+00                                                    1
 33.00  38  89 6.29E+00                                                    1
 34.00  38  89 6.13E+00                                                    1
 35.00  38  89 5.95E+00                                                    1
 36.00  38  89 4.91E+00                                                    1
 37.00  38  89 4.96E+00                                                    1
 38.00  38  89 4.02E+00                                                    1
 39.00  38  89 4.07E+00                                                    1
  4.00  38  88 2.25E-02                                                    1
  5.00  38  88 4.29E-02                                                    1
  6.00  38  88 8.33E-02                                                    1
  7.00  38  88 2.45E-01                                                    1
  8.00  38  88 3.44E-01                                                    1
  9.00  38  88 7.38E-01                                                    1
 10.00  38  88 6.49E-01                                                    1
 11.00  38  88 1.32E+00                                                    1
 12.00  38  88 1.39E+00                                                    1
 13.00  38  88 1.96E+00                                                    1
 14.00  38  88 2.91E+00                                                    1
 15.00  38  88 3.53E+00                                                    1
 16.00  38  88 4.86E+00                                                    1
 17.00  38  88 5.24E+00                                                    1
 18.00  38  88 5.80E+00                                                    1
 19.00  38  88 5.77E+00                                                    1
 20.00  38  88 6.58E+00                                                    1
 21.00  38  88 7.28E+00                                                    1
 22.00  38  88 7.74E+00                                                    1
 23.00  38  88 8.08E+00                                                    1
 24.00  38  88 1.04E+01                                                    1
 25.00  38  88 1.29E+01                                                    1
 26.00  38  88 1.68E+01                                                    1
 27.00  38  88 2.00E+01                                                    1
 28.00  38  88 2.12E+01                                                    1
 29.00  38  88 2.22E+01                                                    1
 30.00  38  88 2.08E+01                                                    1
 31.00  38  88 1.94E+01                                                    1
 32.00  38  88 1.74E+01                                                    1
 33.00  38  88 1.67E+01                                                    1
 34.00  38  88 1.63E+01                                                    1
 35.00  38  88 1.88E+01                                                    1
 36.00  38  88 1.88E+01                                                    1
 37.00  38  88 1.96E+01                                                    1
 38.00  38  88 2.07E+01                                                    1
 39.00  38  88 2.32E+01                                                    1
  9.00  38  87 9.88E-02 0.00E+00 0.00E+00          0.00E+00            0   2
 10.00  38  87 2.34E-01 0.00E+00 0.00E+00          0.00E+00            0   2
 11.00  38  87 3.47E-01 0.00E+00 0.00E+00          0.00E+00            0   2
 12.00  38  87 6.45E-01 0.00E+00 0.00E+00          0.00E+00            0   2
 13.00  38  87 7.48E-01 0.00E+00 0.00E+00          0.00E+00            0   2
 14.00  38  87 8.30E-01 0.00E+00 0.00E+00          0.00E+00            0   2
 15.00  38  87 1.69E+00 0.00E+00 0.00E+00          0.00E+00            0   2
 16.00  38  87 2.31E+00 0.00E+00 0.00E+00          0.00E+00            0   2
 17.00  38  87 3.30E+00 0.00E+00 0.00E+00          0.00E+00            0   2
 18.00  38  87 3.94E+00 0.00E+00 0.00E+00          0.00E+00            0   2
 19.00  38  87 4.46E+00 0.00E+00 0.00E+00          0.00E+00            0   2
 20.00  38  87 4.68E+00 0.00E+00 0.00E+00          0.00E+00            0   2
 21.00  38  87 4.92E+00 0.00E+00 0.00E+00          0.00E+00            0   2
 22.00  38  87 5.39E+00 0.00E+00 0.00E+00          0.00E+00            0   2
 23.00  38  87 5.97E+00 0.00E+00 0.00E+00          0.00E+00            0   2
 24.00  38  87 6.70E+00 0.00E+00 0.00E+00          0.00E+00            0   2
 25.00  38  87 6.14E+00 0.00E+00 0.00E+00          0.00E+00            0   2
 26.00  38  87 6.46E+00 0.00E+00 0.00E+00          0.00E+00            0   2
 27.00  38  87 7.40E+00 0.00E+00 0.00E+00          0.00E+00            0   2
 28.00  38  87 8.39E+00 0.00E+00 0.00E+00          0.00E+00            0   2
 29.00  38  87 9.21E+00 0.00E+00 0.00E+00          0.00E+00            0   2
 30.00  38  87 9.79E+00 0.00E+00 0.00E+00          0.00E+00            0   2
 31.00  38  87 1.04E+01 0.00E+00 0.00E+00          0.00E+00            0   2
 32.00  38  87 1.16E+01 0.00E+00 0.00E+00          0.00E+00            0   2
 33.00  38  87 1.31E+01 0.00E+00 0.00E+00          0.00E+00            0   2
 34.00  38  87 1.45E+01 0.00E+00 0.00E+00          0.00E+00            0   2
 35.00  38  87 1.43E+01 0.00E+00 0.00E+00          0.00E+00            0   2
 36.00  38  87 1.43E+01 0.00E+00 0.00E+00          0.00E+00            0   2
 37.00  38  87 1.47E+01 0.00E+00 0.00E+00          0.00E+00            0   2
 38.00  38  87 1.48E+01 0.00E+00 0.00E+00          0.00E+00            0   2
 39.00  38  87 1.45E+01 0.00E+00 0.00E+00          0.00E+00            0   2
 16.00  38  86 5.46E-02                                                    1
 17.00  38  86 3.44E-01                                                    1
 18.00  38  86 9.72E-01                                                    1
 19.00  38  86 1.81E+00                                                    1
 20.00  38  86 3.27E+00                                                    1
 21.00  38  86 3.88E+00                                                    1
 22.00  38  86 5.01E+00                                                    1
 23.00  38  86 6.51E+00                                                    1
 24.00  38  86 8.28E+00                                                    1
 25.00  38  86 8.79E+00                                                    1
 26.00  38  86 9.62E+00                                                    1
 27.00  38  86 1.17E+01                                                    1
 28.00  38  86 1.53E+01                                                    1
 29.00  38  86 1.70E+01                                                    1
 30.00  38  86 1.82E+01                                                    1
 31.00  38  86 1.87E+01                                                    1
 32.00  38  86 1.84E+01                                                    1
 33.00  38  86 1.95E+01                                                    1
 34.00  38  86 1.78E+01                                                    1
 35.00  38  86 1.68E+01                                                    1
 36.00  38  86 1.61E+01                                                    1
 37.00  38  86 1.62E+01                                                    1
 38.00  38  86 1.69E+01                                                    1
 39.00  38  86 1.70E+01                                                    1
 28.00  38  85 4.99E-02 0.00E+00 0.00E+00          0.00E+00            0   2
 29.00  38  85 2.15E-01 0.00E+00 0.00E+00          0.00E+00            0   2
 30.00  38  85 6.90E-01 0.00E+00 0.00E+00          0.00E+00            0   2
 31.00  38  85 1.86E+00 0.00E+00 0.00E+00          0.00E+00            0   2
 32.00  38  85 3.12E+00 0.00E+00 0.00E+00          0.00E+00            0   2
 33.00  38  85 5.48E+00 0.00E+00 0.00E+00          0.00E+00            0   2
 34.00  38  85 8.45E+00 0.00E+00 0.00E+00          0.00E+00            0   2
 35.00  38  85 1.06E+01 0.00E+00 0.00E+00          0.00E+00            0   2
 36.00  38  85 1.28E+01 0.00E+00 0.00E+00          0.00E+00            0   2
 37.00  38  85 1.45E+01 0.00E+00 0.00E+00          0.00E+00            0   2
 38.00  38  85 1.72E+01 0.00E+00 0.00E+00          0.00E+00            0   2
 39.00  38  85 1.91E+01 0.00E+00 0.00E+00          0.00E+00            0   2
 38.00  38  84 4.67E-02                                                    1
 39.00  38  84 2.78E-01                                                    1
 29.00  37  90 1.72E-02 0.00E+00 0.00E+00          0.00E+00            0   2
 34.00  37  90 4.98E-02 0.00E+00 0.00E+00          0.00E+00            0   2
 37.00  37  90 4.89E-02 0.00E+00 0.00E+00          0.00E+00            0   2
 38.00  37  90 1.62E-02 0.00E+00 0.00E+00          0.00E+00            0   2
 39.00  37  90 6.44E-02 0.00E+00 0.00E+00          0.00E+00            0   2
 38.00  37  89 3.24E-02                                                    1
 39.00  37  89 4.83E-02                                                    1
 27.00  37  88 1.71E-02                                                    1
 29.00  37  88 1.69E-02                                                    1
 30.00  37  88 1.67E-02                                                    1
 31.00  37  88 4.98E-02                                                    1
 32.00  37  88 1.65E-02                                                    1
 34.00  37  88 8.14E-02                                                    1
 35.00  37  88 8.09E-02                                                    1
 36.00  37  88 1.61E-02                                                    1
 37.00  37  88 3.20E-02                                                    1
 38.00  37  88 3.18E-02                                                    1
 39.00  37  88 3.16E-02                                                    1
 23.00  37  87 1.74E-02                                                    1
 24.00  37  87 1.73E-02                                                    1
 25.00  37  87 3.43E-02                                                    1
 28.00  37  87 6.72E-02                                                    1
 29.00  37  87 6.68E-02                                                    1
 30.00  37  87 6.63E-02                                                    1
 31.00  37  87 9.88E-02                                                    1
 32.00  37  87 8.17E-02                                                    1
 33.00  37  87 8.13E-02                                                    1
 34.00  37  87 6.50E-02                                                    1
 35.00  37  87 1.29E-01                                                    1
 36.00  37  87 2.72E-01                                                    1
 37.00  37  87 1.91E-01                                                    1
 38.00  37  87 2.21E-01                                                    1
 39.00  37  87 2.83E-01                                                    1
 23.00  37  86 1.72E-02 0.00E+00 0.00E+00          0.00E+00            0   2
 25.00  37  86 3.40E-02 0.00E+00 0.00E+00          0.00E+00            0   2
 26.00  37  86 1.69E-02 0.00E+00 0.00E+00          0.00E+00            0   2
 28.00  37  86 6.66E-02 0.00E+00 0.00E+00          0.00E+00            0   2
 29.00  37  86 9.93E-02 0.00E+00 0.00E+00          0.00E+00            0   2
 30.00  37  86 1.81E-01 0.00E+00 0.00E+00          0.00E+00            0   2
 31.00  37  86 1.63E-01 0.00E+00 0.00E+00          0.00E+00            0   2
 32.00  37  86 2.43E-01 0.00E+00 0.00E+00          0.00E+00            0   2
 33.00  37  86 2.73E-01 0.00E+00 0.00E+00          0.00E+00            0   2
 34.00  37  86 3.36E-01 0.00E+00 0.00E+00          0.00E+00            0   2
 35.00  37  86 4.93E-01 0.00E+00 0.00E+00          0.00E+00            0   2
 36.00  37  86 5.22E-01 0.00E+00 0.00E+00          0.00E+00            0   2
 37.00  37  86 4.40E-01 0.00E+00 0.00E+00          0.00E+00            0   2
 38.00  37  86 4.21E-01 0.00E+00 0.00E+00          0.00E+00            0   2
 39.00  37  86 5.43E-01 0.00E+00 0.00E+00          0.00E+00            0   2
 33.00  37  85 1.61E-02                                                    1
 34.00  37  85 6.38E-02                                                    1
 35.00  37  85 1.43E-01                                                    1
 36.00  37  85 2.36E-01                                                    1
 37.00  37  85 3.76E-01                                                    1
 38.00  37  85 3.74E-01                                                    1
 39.00  37  85 4.95E-01                                                    1
 29.00  36  87 1.72E-02                                                    1
 34.00  36  86 3.32E-02                                                    1
 27.00  36  84 1.69E-02                                                    1
 33.00  36  84 1.64E-02                                                    1
 34.00  36  84 1.61E-02                                                    1
 35.00  36  84 1.60E-02                                                    1
 36.00  36  84 1.61E-02                                                    1
 37.00  36  84 1.58E-02                                                    1
 39.00  36  84 3.14E-02                                                    1
 32.00  36  83 1.62E-02 0.00E+00 0.00E+00          0.00E+00            0   2
 35.00  36  83 1.59E-02 0.00E+00 0.00E+00          0.00E+00            0   2
 37.00  36  83 1.57E-02 0.00E+00 0.00E+00          0.00E+00            0   2
 38.00  36  83 3.13E-02 0.00E+00 0.00E+00          0.00E+00            0   2
 36.00  36  82 1.58E-02                                                    1
 39.00  36  82 3.09E-02                                                    1
 ----------------------------------------------------
 Ebeam =     1.00 Sum evaporation residue cs =  2582.71
 Ebeam =     2.00 Sum evaporation residue cs =  2405.89
 Ebeam =     3.00 Sum evaporation residue cs =  2368.53
 Ebeam =     4.00 Sum evaporation residue cs =  2255.33
 Ebeam =     5.00 Sum evaporation residue cs =  2152.97
 Ebeam =     6.00 Sum evaporation residue cs =  2089.90
 Ebeam =     7.00 Sum evaporation residue cs =  2050.40
 Ebeam =     8.00 Sum evaporation residue cs =  2020.10
 Ebeam =     9.00 Sum evaporation residue cs =  1991.89
 Ebeam =    10.00 Sum evaporation residue cs =  1965.12
 Ebeam =    11.00 Sum evaporation residue cs =  1940.71
 Ebeam =    12.00 Sum evaporation residue cs =  1912.50
 Ebeam =    13.00 Sum evaporation residue cs =  1886.57
 Ebeam =    14.00 Sum evaporation residue cs =  1865.89
 Ebeam =    15.00 Sum evaporation residue cs =  1853.88
 Ebeam =    16.00 Sum evaporation residue cs =  1842.30
 Ebeam =    17.00 Sum evaporation residue cs =  1829.63
 Ebeam =    18.00 Sum evaporation residue cs =  1813.04
 Ebeam =    19.00 Sum evaporation residue cs =  1800.07
 Ebeam =    20.00 Sum evaporation residue cs =  1782.97
 Ebeam =    21.00 Sum evaporation residue cs =  1768.26
 Ebeam =    22.00 Sum evaporation residue cs =  1751.81
 Ebeam =    23.00 Sum evaporation residue cs =  1737.04
 Ebeam =    24.00 Sum evaporation residue cs =  1723.10
 Ebeam =    25.00 Sum evaporation residue cs =  1709.71
 Ebeam =    26.00 Sum evaporation residue cs =  1698.45
 Ebeam =    27.00 Sum evaporation residue cs =  1688.04
 Ebeam =    28.00 Sum evaporation residue cs =  1678.03
 Ebeam =    29.00 Sum evaporation residue cs =  1668.97
 Ebeam =    30.00 Sum evaporation residue cs =  1657.72
 Ebeam =    31.00 Sum evaporation residue cs =  1646.45
 Ebeam =    32.00 Sum evaporation residue cs =  1634.96
 Ebeam =    33.00 Sum evaporation residue cs =  1623.71
 Ebeam =    34.00 Sum evaporation residue cs =  1612.87
 Ebeam =    35.00 Sum evaporation residue cs =  1602.78
 Ebeam =    36.00 Sum evaporation residue cs =  1592.64
 Ebeam =    37.00 Sum evaporation residue cs =  1582.81
 Ebeam =    38.00 Sum evaporation residue cs =  1572.08
 Ebeam =    39.00 Sum evaporation residue cs =  1562.70
 ----------------------------------------------------
