  ldopt set internally =           1
 Kataria-Ramamurthy shell dependent ld

   0.0000000000000000        1.0000000000000000        39.000000000000000        89.000000000000000                1           1  ZP,AP,ZT,AT,ISOT,LEVNO


1Neutrons on yttrium
  Ebeam  Rx.cs used  Rx. cs algo fiss cs (mb) capture cs (mb)
   1.00  2.534E+03    0.00E+00    0.00E+00    0.00E+00
   2.00  2.370E+03    0.00E+00    0.00E+00    0.00E+00
   3.00  2.350E+03    0.00E+00    0.00E+00    0.00E+00
   4.00  2.245E+03    0.00E+00    0.00E+00    0.00E+00
   5.00  2.136E+03    0.00E+00    0.00E+00    0.00E+00
   6.00  2.067E+03    0.00E+00    0.00E+00    0.00E+00
   7.00  2.024E+03    0.00E+00    0.00E+00    0.00E+00
   8.00  2.001E+03    0.00E+00    0.00E+00    0.00E+00
   9.00  1.977E+03    0.00E+00    0.00E+00    0.00E+00
  10.00  1.952E+03    0.00E+00    0.00E+00    0.00E+00
  11.00  1.928E+03    0.00E+00    0.00E+00    0.00E+00
  12.00  1.899E+03    0.00E+00    0.00E+00    0.00E+00
  13.00  1.870E+03    0.00E+00    0.00E+00    0.00E+00
  14.00  1.846E+03    0.00E+00    0.00E+00    0.00E+00
  15.00  1.832E+03    0.00E+00    0.00E+00    0.00E+00
  16.00  1.820E+03    0.00E+00    0.00E+00    0.00E+00
  17.00  1.811E+03    0.00E+00    0.00E+00    0.00E+00
  18.00  1.801E+03    0.00E+00    0.00E+00    0.00E+00
  19.00  1.791E+03    0.00E+00    0.00E+00    0.00E+00
  20.00  1.776E+03    0.00E+00    0.00E+00    0.00E+00
  21.00  1.758E+03    0.00E+00    0.00E+00    0.00E+00
  22.00  1.741E+03    0.00E+00    0.00E+00    0.00E+00
  23.00  1.724E+03    0.00E+00    0.00E+00    0.00E+00
  24.00  1.713E+03    0.00E+00    0.00E+00    0.00E+00
  25.00  1.700E+03    0.00E+00    0.00E+00    0.00E+00
  26.00  1.689E+03    0.00E+00    0.00E+00    0.00E+00
  27.00  1.678E+03    0.00E+00    0.00E+00    0.00E+00
  28.00  1.666E+03    0.00E+00    0.00E+00    0.00E+00
  29.00  1.656E+03    0.00E+00    0.00E+00    0.00E+00
  30.00  1.644E+03    0.00E+00    0.00E+00    0.00E+00
  31.00  1.632E+03    0.00E+00    0.00E+00    0.00E+00
  32.00  1.619E+03    0.00E+00    0.00E+00    0.00E+00
  33.00  1.607E+03    0.00E+00    0.00E+00    0.00E+00
  34.00  1.597E+03    0.00E+00    0.00E+00    0.00E+00
  35.00  1.588E+03    0.00E+00    0.00E+00    0.00E+00
  36.00  1.578E+03    0.00E+00    0.00E+00    0.00E+00
  37.00  1.568E+03    0.00E+00    0.00E+00    0.00E+00
  38.00  1.558E+03    0.00E+00    0.00E+00    0.00E+00
  39.00  1.548E+03    0.00E+00    0.00E+00    0.00E+00
 Ebeam (MeV) Rx cs (mb) fiss cs (mb) capture cs (mb)

  Ebeam  Z   A   Total    grnd st  isomer1 isomer2  isomer1  isomer2  didl nolevs
  (MeV)           cs.      cs.      cs.     cs.     to total to total
  1.00  39  89 2.53E+03 2.11E+03 4.21E+02          1.66E-01            0   2
  2.00  39  89 2.37E+03 1.46E+03 9.06E+02          3.82E-01            0   2
  3.00  39  89 2.35E+03 1.18E+03 1.17E+03          4.97E-01            0   2
  4.00  39  89 2.24E+03 9.88E+02 1.26E+03          5.60E-01            0   2
  5.00  39  89 2.14E+03 8.56E+02 1.28E+03          5.99E-01            0   2
  6.00  39  89 2.07E+03 7.48E+02 1.32E+03          6.38E-01            0   2
  7.00  39  89 2.02E+03 6.58E+02 1.36E+03          6.74E-01            0   2
  8.00  39  89 1.99E+03 5.93E+02 1.40E+03          7.02E-01            0   2
  9.00  39  89 1.96E+03 5.36E+02 1.42E+03          7.27E-01            0   2
 10.00  39  89 1.93E+03 4.91E+02 1.43E+03          7.45E-01            0   2
 11.00  39  89 1.89E+03 4.45E+02 1.44E+03          7.64E-01            0   2
 12.00  39  89 1.59E+03 3.63E+02 1.23E+03          7.72E-01            0   2
 13.00  39  89 1.14E+03 2.57E+02 8.85E+02          7.75E-01            0   2
 14.00  39  89 7.88E+02 1.77E+02 6.11E+02          7.75E-01            0   2
 15.00  39  89 5.63E+02 1.21E+02 4.42E+02          7.85E-01            0   2
 16.00  39  89 4.28E+02 8.98E+01 3.38E+02          7.90E-01            0   2
 17.00  39  89 3.39E+02 6.78E+01 2.71E+02          8.00E-01            0   2
 18.00  39  89 2.80E+02 5.68E+01 2.23E+02          7.97E-01            0   2
 19.00  39  89 2.45E+02 5.01E+01 1.95E+02          7.95E-01            0   2
 20.00  39  89 2.12E+02 4.31E+01 1.69E+02          7.97E-01            0   2
 21.00  39  89 1.89E+02 3.77E+01 1.51E+02          8.01E-01            0   2
 22.00  39  89 1.71E+02 3.48E+01 1.36E+02          7.96E-01            0   2
 23.00  39  89 1.58E+02 2.99E+01 1.28E+02          8.11E-01            0   2
 24.00  39  89 1.44E+02 2.77E+01 1.16E+02          8.08E-01            0   2
 25.00  39  89 1.32E+02 2.45E+01 1.07E+02          8.14E-01            0   2
 26.00  39  89 1.25E+02 2.39E+01 1.01E+02          8.09E-01            0   2
 27.00  39  89 1.16E+02 2.19E+01 9.44E+01          8.12E-01            0   2
 28.00  39  89 1.08E+02 1.96E+01 8.85E+01          8.19E-01            0   2
 29.00  39  89 9.92E+01 1.97E+01 7.95E+01          8.02E-01            0   2
 30.00  39  89 9.24E+01 1.78E+01 7.46E+01          8.07E-01            0   2
 31.00  39  89 8.83E+01 1.65E+01 7.18E+01          8.13E-01            0   2
 32.00  39  89 8.19E+01 1.57E+01 6.62E+01          8.08E-01            0   2
 33.00  39  89 7.72E+01 1.42E+01 6.31E+01          8.17E-01            0   2
 34.00  39  89 7.38E+01 1.36E+01 6.02E+01          8.16E-01            0   2
 35.00  39  89 7.12E+01 1.42E+01 5.70E+01          8.01E-01            0   2
 36.00  39  89 6.77E+01 1.26E+01 5.50E+01          8.13E-01            0   2
 37.00  39  89 6.29E+01 1.21E+01 5.08E+01          8.07E-01            0   2
 38.00  39  89 6.08E+01 1.12E+01 4.96E+01          8.16E-01            0   2
 39.00  39  89 5.74E+01 1.08E+01 4.67E+01          8.12E-01            0   2
 10.00  39  88 1.95E-02 1.95E-02 0.00E+00          0.00E+00            0   2
 11.00  39  88 3.86E-02 1.93E-02 1.93E-02          5.00E-01            0   2
 12.00  39  88 1.33E-01 1.33E-01 0.00E+00          0.00E+00            0   2
 13.00  39  88 1.45E+02 1.24E+02 2.08E+01          1.43E-01            0   2
 14.00  39  88 4.30E+02 3.41E+02 8.92E+01          2.07E-01            0   2
 15.00  39  88 6.77E+02 5.02E+02 1.74E+02          2.58E-01            0   2
 16.00  39  88 8.61E+02 6.06E+02 2.55E+02          2.96E-01            0   2
 17.00  39  88 9.75E+02 6.58E+02 3.17E+02          3.25E-01            0   2
 18.00  39  88 1.05E+03 6.70E+02 3.78E+02          3.61E-01            0   2
 19.00  39  88 1.08E+03 6.69E+02 4.12E+02          3.81E-01            0   2
 20.00  39  88 1.10E+03 6.57E+02 4.42E+02          4.02E-01            0   2
 21.00  39  88 1.10E+03 6.37E+02 4.62E+02          4.20E-01            0   2
 22.00  39  88 1.09E+03 6.15E+02 4.77E+02          4.37E-01            0   2
 23.00  39  88 1.06E+03 5.85E+02 4.77E+02          4.49E-01            0   2
 24.00  39  88 9.84E+02 5.31E+02 4.53E+02          4.61E-01            0   2
 25.00  39  88 8.73E+02 4.68E+02 4.05E+02          4.64E-01            0   2
 26.00  39  88 7.55E+02 4.05E+02 3.49E+02          4.63E-01            0   2
 27.00  39  88 6.32E+02 3.42E+02 2.90E+02          4.59E-01            0   2
 28.00  39  88 5.32E+02 2.95E+02 2.37E+02          4.46E-01            0   2
 29.00  39  88 4.55E+02 2.56E+02 1.99E+02          4.37E-01            0   2
 30.00  39  88 3.90E+02 2.25E+02 1.65E+02          4.24E-01            0   2
 31.00  39  88 3.40E+02 2.02E+02 1.38E+02          4.05E-01            0   2
 32.00  39  88 3.03E+02 1.84E+02 1.18E+02          3.91E-01            0   2
 33.00  39  88 2.72E+02 1.70E+02 1.02E+02          3.74E-01            0   2
 34.00  39  88 2.54E+02 1.64E+02 9.08E+01          3.57E-01            0   2
 35.00  39  88 2.33E+02 1.51E+02 8.24E+01          3.53E-01            0   2
 36.00  39  88 2.18E+02 1.43E+02 7.45E+01          3.42E-01            0   2
 37.00  39  88 2.06E+02 1.37E+02 6.85E+01          3.33E-01            0   2
 38.00  39  88 1.96E+02 1.32E+02 6.34E+01          3.24E-01            0   2
 39.00  39  88 1.88E+02 1.27E+02 6.12E+01          3.25E-01            0   2
  0.00  39  87 0.00E+00 0.00E+00 0.00E+00          0.00E+00            0   2
  1.00  39  87 0.00E+00 0.00E+00 0.00E+00          0.00E+00            0   2
  2.00  39  87 0.00E+00 0.00E+00 0.00E+00          0.00E+00            0   2
  3.00  39  87 0.00E+00 0.00E+00 0.00E+00          0.00E+00            0   2
  4.00  39  87 0.00E+00 0.00E+00 0.00E+00          0.00E+00            0   2
  5.00  39  87 0.00E+00 0.00E+00 0.00E+00          0.00E+00            0   2
  6.00  39  87 0.00E+00 0.00E+00 0.00E+00          0.00E+00            0   2
  7.00  39  87 0.00E+00 0.00E+00 0.00E+00          0.00E+00            0   2
  8.00  39  87 0.00E+00 0.00E+00 0.00E+00          0.00E+00            0   2
  9.00  39  87 0.00E+00 0.00E+00 0.00E+00          0.00E+00            0   2
 10.00  39  87 0.00E+00 0.00E+00 0.00E+00          0.00E+00            0   2
 11.00  39  87 0.00E+00 0.00E+00 0.00E+00          0.00E+00            0   2
 12.00  39  87 0.00E+00 0.00E+00 0.00E+00          0.00E+00            0   2
 13.00  39  87 0.00E+00 0.00E+00 0.00E+00          0.00E+00            0   2
 14.00  39  87 0.00E+00 0.00E+00 0.00E+00          0.00E+00            0   2
 15.00  39  87 0.00E+00 0.00E+00 0.00E+00          0.00E+00            0   2
 16.00  39  87 0.00E+00 0.00E+00 0.00E+00          0.00E+00            0   2
 17.00  39  87 0.00E+00 0.00E+00 0.00E+00          0.00E+00            0   2
 18.00  39  87 0.00E+00 0.00E+00 0.00E+00          0.00E+00            0   2
 19.00  39  87 1.79E-02 0.00E+00 1.79E-02          1.00E+00            0   2
 20.00  39  87 2.49E-01 1.78E-02 2.31E-01          9.29E-01            0   2
 21.00  39  87 5.45E-01 6.15E-02 4.84E-01          8.87E-01            0   2
 22.00  39  87 1.17E+00 1.13E-01 1.05E+00          9.03E-01            0   2
 23.00  39  87 1.63E+01 1.94E+00 1.44E+01          8.81E-01            0   2
 24.00  39  87 7.60E+01 8.37E+00 6.77E+01          8.90E-01            0   2
 25.00  39  87 1.73E+02 1.89E+01 1.54E+02          8.91E-01            0   2
 26.00  39  87 2.77E+02 3.03E+01 2.47E+02          8.90E-01            0   2
 27.00  39  87 3.78E+02 4.27E+01 3.35E+02          8.87E-01            0   2
 28.00  39  87 4.58E+02 5.25E+01 4.06E+02          8.85E-01            0   2
 29.00  39  87 5.18E+02 6.05E+01 4.57E+02          8.83E-01            0   2
 30.00  39  87 5.60E+02 6.55E+01 4.95E+02          8.83E-01            0   2
 31.00  39  87 5.77E+02 6.62E+01 5.11E+02          8.85E-01            0   2
 32.00  39  87 5.95E+02 6.92E+01 5.25E+02          8.84E-01            0   2
 33.00  39  87 6.01E+02 6.98E+01 5.31E+02          8.84E-01            0   2
 34.00  39  87 5.87E+02 6.83E+01 5.19E+02          8.84E-01            0   2
 35.00  39  87 5.71E+02 6.52E+01 5.06E+02          8.86E-01            0   2
 36.00  39  87 5.41E+02 6.08E+01 4.81E+02          8.88E-01            0   2
 37.00  39  87 5.03E+02 5.83E+01 4.44E+02          8.84E-01            0   2
 38.00  39  87 4.57E+02 5.23E+01 4.05E+02          8.86E-01            0   2
 39.00  39  87 4.15E+02 5.02E+01 3.65E+02          8.79E-01            0   2
 33.00  39  86 1.61E-02 0.00E+00 1.61E-02          1.00E+00            0   2
 34.00  39  86 1.60E-02 0.00E+00 1.60E-02          1.00E+00            0   2
 35.00  39  86 1.11E-01 3.97E-02 7.14E-02          6.43E-01            0   2
 36.00  39  86 3.79E-01 1.97E-01 1.81E-01          4.79E-01            0   2
 37.00  39  86 1.16E+00 3.06E-01 8.54E-01          7.36E-01            0   2
 38.00  39  86 3.49E+00 1.06E+00 2.43E+00          6.96E-01            0   2
 39.00  39  86 8.31E+00 2.81E+00 5.50E+00          6.62E-01            0   2
  5.00  38  89 1.07E-01                                                    1
  6.00  38  89 1.03E+00                                                    1
  7.00  38  89 3.42E+00                                                    1
  8.00  38  89 1.00E+01                                                    1
  9.00  38  89 1.68E+01                                                    1
 10.00  38  89 2.58E+01                                                    1
 11.00  38  89 4.10E+01                                                    1
 12.00  38  89 5.27E+01                                                    1
 13.00  38  89 5.76E+01                                                    1
 14.00  38  89 5.79E+01                                                    1
 15.00  38  89 5.18E+01                                                    1
 16.00  38  89 4.54E+01                                                    1
 17.00  38  89 4.14E+01                                                    1
 18.00  38  89 3.57E+01                                                    1
 19.00  38  89 3.36E+01                                                    1
 20.00  38  89 3.02E+01                                                    1
 21.00  38  89 2.88E+01                                                    1
 22.00  38  89 2.55E+01                                                    1
 23.00  38  89 2.29E+01                                                    1
 24.00  38  89 2.21E+01                                                    1
 25.00  38  89 2.08E+01                                                    1
 26.00  38  89 2.01E+01                                                    1
 27.00  38  89 1.84E+01                                                    1
 28.00  38  89 1.77E+01                                                    1
 29.00  38  89 1.68E+01                                                    1
 30.00  38  89 1.60E+01                                                    1
 31.00  38  89 1.50E+01                                                    1
 32.00  38  89 1.42E+01                                                    1
 33.00  38  89 1.31E+01                                                    1
 34.00  38  89 1.23E+01                                                    1
 35.00  38  89 1.25E+01                                                    1
 36.00  38  89 1.22E+01                                                    1
 37.00  38  89 1.05E+01                                                    1
 38.00  38  89 1.06E+01                                                    1
 39.00  38  89 1.01E+01                                                    1
 10.00  38  88 7.81E-02                                                    1
 11.00  38  88 3.47E-01                                                    1
 12.00  38  88 2.56E+02                                                    1
 13.00  38  88 5.26E+02                                                    1
 14.00  38  88 5.69E+02                                                    1
 15.00  38  88 5.38E+02                                                    1
 16.00  38  88 4.83E+02                                                    1
 17.00  38  88 4.52E+02                                                    1
 18.00  38  88 4.31E+02                                                    1
 19.00  38  88 4.25E+02                                                    1
 20.00  38  88 4.25E+02                                                    1
 21.00  38  88 4.29E+02                                                    1
 22.00  38  88 4.39E+02                                                    1
 23.00  38  88 4.49E+02                                                    1
 24.00  38  88 4.64E+02                                                    1
 25.00  38  88 4.66E+02                                                    1
 26.00  38  88 4.51E+02                                                    1
 27.00  38  88 4.34E+02                                                    1
 28.00  38  88 3.99E+02                                                    1
 29.00  38  88 3.62E+02                                                    1
 30.00  38  88 3.23E+02                                                    1
 31.00  38  88 2.94E+02                                                    1
 32.00  38  88 2.61E+02                                                    1
 33.00  38  88 2.38E+02                                                    1
 34.00  38  88 2.18E+02                                                    1
 35.00  38  88 2.04E+02                                                    1
 36.00  38  88 1.93E+02                                                    1
 37.00  38  88 1.81E+02                                                    1
 38.00  38  88 1.72E+02                                                    1
 39.00  38  88 1.67E+02                                                    1
 17.00  38  87 3.62E-02 3.62E-02 0.00E+00          0.00E+00            0   2
 18.00  38  87 3.60E-02 2.70E-02 9.00E-03          2.50E-01            0   2
 19.00  38  87 1.79E-01 1.79E-01 0.00E+00          0.00E+00            0   2
 20.00  38  87 3.37E-01 3.20E-01 1.78E-02          5.26E-02            0   2
 21.00  38  87 2.99E-01 2.99E-01 0.00E+00          0.00E+00            0   2
 22.00  38  87 6.62E-01 6.53E-01 8.70E-03          1.32E-02            0   2
 23.00  38  87 1.88E+00 1.80E+00 7.76E-02          4.13E-02            0   2
 24.00  38  87 5.34E+00 4.94E+00 4.02E-01          7.53E-02            0   2
 25.00  38  87 1.64E+01 1.52E+01 1.20E+00          7.32E-02            0   2
 26.00  38  87 3.95E+01 3.56E+01 3.84E+00          9.73E-02            0   2
 27.00  38  87 7.58E+01 6.83E+01 7.48E+00          9.87E-02            0   2
 28.00  38  87 1.23E+02 1.10E+02 1.27E+01          1.03E-01            0   2
 29.00  38  87 1.75E+02 1.57E+02 1.85E+01          1.05E-01            0   2
 30.00  38  87 2.29E+02 2.05E+02 2.42E+01          1.05E-01            0   2
 31.00  38  87 2.79E+02 2.50E+02 2.90E+01          1.04E-01            0   2
 32.00  38  87 3.23E+02 2.90E+02 3.27E+01          1.01E-01            0   2
 33.00  38  87 3.58E+02 3.22E+02 3.62E+01          1.01E-01            0   2
 34.00  38  87 3.88E+02 3.46E+02 4.19E+01          1.08E-01            0   2
 35.00  38  87 4.06E+02 3.63E+02 4.27E+01          1.05E-01            0   2
 36.00  38  87 4.10E+02 3.68E+02 4.22E+01          1.03E-01            0   2
 37.00  38  87 4.12E+02 3.68E+02 4.38E+01          1.06E-01            0   2
 38.00  38  87 3.98E+02 3.55E+02 4.35E+01          1.09E-01            0   2
 39.00  38  87 3.75E+02 3.33E+02 4.20E+01          1.12E-01            0   2
 25.00  38  86 6.80E-02                                                    1
 26.00  38  86 2.03E-01                                                    1
 27.00  38  86 3.52E-01                                                    1
 28.00  38  86 5.33E-01                                                    1
 29.00  38  86 8.28E-01                                                    1
 30.00  38  86 1.15E+00                                                    1
 31.00  38  86 1.55E+00                                                    1
 32.00  38  86 2.49E+00                                                    1
 33.00  38  86 6.03E+00                                                    1
 34.00  38  86 1.81E+01                                                    1
 35.00  38  86 4.26E+01                                                    1
 36.00  38  86 8.22E+01                                                    1
 37.00  38  86 1.37E+02                                                    1
 38.00  38  86 2.00E+02                                                    1
 39.00  38  86 2.63E+02                                                    1
 38.00  38  85 7.79E-02 7.79E-02 0.00E+00          0.00E+00            0   2
 39.00  38  85 7.74E-02 7.74E-02 0.00E+00          0.00E+00            0   2
 26.00  37  88 5.07E-02                                                    1
 27.00  37  88 1.85E-01                                                    1
 28.00  37  88 2.17E-01                                                    1
 29.00  37  88 2.82E-01                                                    1
 30.00  37  88 5.26E-01                                                    1
 31.00  37  88 7.02E-01                                                    1
 32.00  37  88 5.67E-01                                                    1
 33.00  37  88 6.11E-01                                                    1
 34.00  37  88 5.91E-01                                                    1
 35.00  37  88 4.60E-01                                                    1
 36.00  37  88 5.05E-01                                                    1
 37.00  37  88 5.02E-01                                                    1
 38.00  37  88 3.12E-01                                                    1
 39.00  37  88 2.01E-01                                                    1
 23.00  37  87 3.45E-02                                                    1
 24.00  37  87 1.20E-01                                                    1
 25.00  37  87 2.04E-01                                                    1
 26.00  37  87 2.53E-01                                                    1
 27.00  37  87 4.53E-01                                                    1
 28.00  37  87 7.50E-01                                                    1
 29.00  37  87 9.28E-01                                                    1
 30.00  37  87 1.05E+00                                                    1
 31.00  37  87 1.53E+00                                                    1
 32.00  37  87 2.88E+00                                                    1
 33.00  37  87 3.54E+00                                                    1
 34.00  37  87 4.30E+00                                                    1
 35.00  37  87 5.78E+00                                                    1
 36.00  37  87 7.02E+00                                                    1
 37.00  37  87 8.62E+00                                                    1
 38.00  37  87 1.01E+01                                                    1
 39.00  37  87 1.26E+01                                                    1
 10.00  37  86 7.81E-02 2.93E-02 4.88E-02          6.25E-01            0   2
 11.00  37  86 2.89E-01 1.06E-01 1.83E-01          6.33E-01            0   2
 12.00  37  86 5.32E-01 2.56E-01 2.75E-01          5.18E-01            0   2
 13.00  37  86 9.73E-01 3.37E-01 6.36E-01          6.54E-01            0   2
 14.00  37  86 1.48E+00 4.34E-01 1.04E+00          7.06E-01            0   2
 15.00  37  86 2.97E+00 1.08E+00 1.89E+00          6.36E-01            0   2
 16.00  37  86 3.39E+00 9.47E-01 2.44E+00          7.20E-01            0   2
 17.00  37  86 3.95E+00 1.03E+00 2.92E+00          7.39E-01            0   2
 18.00  37  86 5.08E+00 1.31E+00 3.76E+00          7.41E-01            0   2
 19.00  37  86 5.64E+00 1.25E+00 4.39E+00          7.78E-01            0   2
 20.00  37  86 5.58E+00 1.26E+00 4.32E+00          7.74E-01            0   2
 21.00  37  86 4.84E+00 8.44E-01 3.99E+00          8.25E-01            0   2
 22.00  37  86 3.59E+00 7.22E-01 2.86E+00          7.99E-01            0   2
 23.00  37  86 2.91E+00 3.62E-01 2.55E+00          8.76E-01            0   2
 24.00  37  86 1.87E+00 1.71E-01 1.70E+00          9.08E-01            0   2
 25.00  37  86 1.65E+00 1.87E-01 1.46E+00          8.87E-01            0   2
 26.00  37  86 1.42E+00 7.60E-02 1.34E+00          9.46E-01            0   2
 27.00  37  86 1.07E+00 1.51E-01 9.23E-01          8.59E-01            0   2
 28.00  37  86 7.83E-01 1.17E-01 6.66E-01          8.51E-01            0   2
 29.00  37  86 6.96E-01 4.97E-02 6.46E-01          9.29E-01            0   2
 30.00  37  86 5.92E-01 4.11E-02 5.51E-01          9.31E-01            0   2
 31.00  37  86 4.73E-01 3.26E-02 4.41E-01          9.31E-01            0   2
 32.00  37  86 3.89E-01 0.00E+00 3.89E-01          1.00E+00            0   2
 33.00  37  86 7.72E-01 4.02E-02 7.31E-01          9.48E-01            0   2
 34.00  37  86 6.23E-01 7.99E-02 5.43E-01          8.72E-01            0   2
 35.00  37  86 7.46E-01 3.18E-02 7.14E-01          9.57E-01            0   2
 36.00  37  86 1.17E+00 1.10E-01 1.06E+00          9.05E-01            0   2
 37.00  37  86 1.43E+00 1.41E-01 1.29E+00          9.01E-01            0   2
 38.00  37  86 1.67E+00 2.96E-01 1.37E+00          8.22E-01            0   2
 39.00  37  86 1.98E+00 1.16E-01 1.86E+00          9.41E-01            0   2
 18.00  37  85 3.78E-01                                                    1
 19.00  37  85 1.36E+00                                                    1
 20.00  37  85 3.16E+00                                                    1
 21.00  37  85 6.30E+00                                                    1
 22.00  37  85 8.95E+00                                                    1
 23.00  37  85 1.17E+01                                                    1
 24.00  37  85 1.45E+01                                                    1
 25.00  37  85 1.78E+01                                                    1
 26.00  37  85 1.94E+01                                                    1
 27.00  37  85 2.10E+01                                                    1
 28.00  37  85 2.50E+01                                                    1
 29.00  37  85 2.71E+01                                                    1
 30.00  37  85 2.83E+01                                                    1
 31.00  37  85 3.02E+01                                                    1
 32.00  37  85 2.93E+01                                                    1
 33.00  37  85 2.64E+01                                                    1
 34.00  37  85 2.41E+01                                                    1
 35.00  37  85 2.02E+01                                                    1
 36.00  37  85 1.80E+01                                                    1
 37.00  37  85 1.52E+01                                                    1
 38.00  37  85 1.31E+01                                                    1
 39.00  37  85 1.20E+01                                                    1
 28.00  37  84 1.67E-02 0.00E+00 1.67E-02          1.00E+00            0   2
 29.00  37  84 2.82E-01 3.31E-02 2.48E-01          8.82E-01            0   2
 30.00  37  84 8.22E-01 1.48E-01 6.74E-01          8.20E-01            0   2
 31.00  37  84 2.68E+00 3.83E-01 2.29E+00          8.57E-01            0   2
 32.00  37  84 4.84E+00 7.93E-01 4.05E+00          8.36E-01            0   2
 33.00  37  84 9.10E+00 1.33E+00 7.77E+00          8.54E-01            0   2
 34.00  37  84 1.34E+01 1.78E+00 1.17E+01          8.67E-01            0   2
 35.00  37  84 1.71E+01 2.45E+00 1.47E+01          8.57E-01            0   2
 36.00  37  84 2.23E+01 3.05E+00 1.93E+01          8.63E-01            0   2
 37.00  37  84 2.48E+01 2.93E+00 2.18E+01          8.82E-01            0   2
 38.00  37  84 2.86E+01 3.76E+00 2.48E+01          8.68E-01            0   2
 39.00  37  84 3.00E+01 3.62E+00 2.64E+01          8.79E-01            0   2
 38.00  37  83 1.56E-02                                                    1
 39.00  37  83 1.39E-01                                                    1
 25.00  36  85 3.40E-02 1.70E-02 1.70E-02          5.00E-01            0   2
 26.00  36  85 8.44E-02 8.44E-02 0.00E+00          0.00E+00            0   2
 27.00  36  85 8.39E-02 7.55E-02 8.39E-03          1.00E-01            0   2
 28.00  36  85 1.00E-01 1.00E-01 0.00E+00          0.00E+00            0   2
 29.00  36  85 2.48E-01 1.57E-01 9.11E-02          3.67E-01            0   2
 30.00  36  85 2.47E-01 1.73E-01 7.40E-02          3.00E-01            0   2
 31.00  36  85 3.75E-01 2.53E-01 1.22E-01          3.26E-01            0   2
 32.00  36  85 8.10E-01 6.15E-01 1.94E-01          2.40E-01            0   2
 33.00  36  85 6.59E-01 5.63E-01 9.64E-02          1.46E-01            0   2
 34.00  36  85 6.07E-01 4.87E-01 1.20E-01          1.97E-01            0   2
 35.00  36  85 6.99E-01 5.87E-01 1.11E-01          1.59E-01            0   2
 36.00  36  85 8.05E-01 6.63E-01 1.42E-01          1.76E-01            0   2
 37.00  36  85 7.84E-01 7.21E-01 6.27E-02          8.00E-02            0   2
 38.00  36  85 4.98E-01 4.28E-01 7.01E-02          1.41E-01            0   2
 39.00  36  85 6.65E-01 6.58E-01 7.74E-03          1.16E-02            0   2
 29.00  36  84 6.63E-02                                                    1
 30.00  36  84 1.81E-01                                                    1
 31.00  36  84 3.59E-01                                                    1
 32.00  36  84 6.15E-01                                                    1
 33.00  36  84 8.04E-01                                                    1
 34.00  36  84 1.61E+00                                                    1
 35.00  36  84 2.22E+00                                                    1
 36.00  36  84 2.79E+00                                                    1
 37.00  36  84 3.86E+00                                                    1
 38.00  36  84 5.23E+00                                                    1
 39.00  36  84 5.91E+00                                                    1
 38.00  36  83 1.56E-02 1.56E-02 0.00E+00          0.00E+00            0   2
 39.00  36  83 1.55E-02 1.55E-02 0.00E+00          0.00E+00            0   2
 34.00  35  82 1.60E-02 0.00E+00 1.60E-02          1.00E+00            0   2
 35.00  35  82 3.18E-02 3.18E-02 0.00E+00          0.00E+00            0   2
 36.00  35  82 1.58E-02 0.00E+00 1.58E-02          1.00E+00            0   2
 37.00  35  82 3.14E-02 3.14E-02 0.00E+00          0.00E+00            0   2
 38.00  35  82 4.67E-02 4.67E-02 0.00E+00          0.00E+00            0   2
 39.00  35  82 4.64E-02 4.64E-02 0.00E+00          0.00E+00            0   2
 37.00  35  81 1.57E-02                                                    1
 39.00  35  81 4.64E-02                                                    1
  Ebeam =   1.0000000000000000      sumcs=   2534.4119722232817
  Ebeam =   2.0000000000000000      sumcs=   2370.4506048864964
  Ebeam =   3.0000000000000000      sumcs=   2349.6395696236150
  Ebeam =   4.0000000000000000      sumcs=   2244.5171768631944
  Ebeam =   5.0000000000000000      sumcs=   2136.3430571323970
  Ebeam =   6.0000000000000000      sumcs=   2067.3317585247537
  Ebeam =   7.0000000000000000      sumcs=   2024.4793834140155
  Ebeam =   8.0000000000000000      sumcs=   2001.1792247708365
  Ebeam =   9.0000000000000000      sumcs=   1977.3410801938323
  Ebeam =   10.000000000000000      sumcs=   1951.7582756602656
  Ebeam =   11.000000000000000      sumcs=   1927.5628385654097
  Ebeam =   12.000000000000000      sumcs=   1898.5701333717680
  Ebeam =   13.000000000000000      sumcs=   1870.4505450431648
  Ebeam =   14.000000000000000      sumcs=   1846.3357566475147
  Ebeam =   15.000000000000000      sumcs=   1832.1308038595239
  Ebeam =   16.000000000000000      sumcs=   1820.2106086389979
  Ebeam =   17.000000000000000      sumcs=   1810.8982309451876
  Ebeam =   18.000000000000000      sumcs=   1800.9094007798167
  Ebeam =   19.000000000000000      sumcs=   1791.2799694554640
  Ebeam =   20.000000000000000      sumcs=   1775.9145327650340
  Ebeam =   21.000000000000000      sumcs=   1758.4836339013464
  Ebeam =   22.000000000000000      sumcs=   1740.7909481332829
  Ebeam =   23.000000000000000      sumcs=   1724.2751417115419
  Ebeam =   24.000000000000000      sumcs=   1712.6938943618845
  Ebeam =   25.000000000000000      sumcs=   1700.3517549054295
  Ebeam =   26.000000000000000      sumcs=   1688.9748412072024
  Ebeam =   27.000000000000000      sumcs=   1677.7340653658953
  Ebeam =   28.000000000000000      sumcs=   1666.0335958160024
  Ebeam =   29.000000000000000      sumcs=   1656.3055953057751
  Ebeam =   30.000000000000000      sumcs=   1643.9894887475375
  Ebeam =   31.000000000000000      sumcs=   1631.5397516035559
  Ebeam =   32.000000000000000      sumcs=   1619.2880000034879
  Ebeam =   33.000000000000000      sumcs=   1607.4562854195633
  Ebeam =   34.000000000000000      sumcs=   1597.2120113067235
  Ebeam =   35.000000000000000      sumcs=   1587.6835754617064
  Ebeam =   36.000000000000000      sumcs=   1577.5061720983178
  Ebeam =   37.000000000000000      sumcs=   1567.5052344595356
  Ebeam =   38.000000000000000      sumcs=   1557.5622981901602
  Ebeam =   39.000000000000000      sumcs=   1547.6142859864246
