
  An isotopic target is assumed:
  At# Mass# % abundance % uncertainty
  49 113 In    4.290000  0.050000
  49 115 In   95.710000  0.050000
  ldopt set internally =           1
 Kataria-Ramamurthy shell dependent ld

   0.0000000000000000        1.0000000000000000        49.000000000000000        115.00000000000000                1           1  ZP,AP,ZT,AT,ISOT,LEVNO


1Neutrons on Indium
  Ebeam  Rx.cs used  Rx. cs algo fiss cs (mb) capture cs (mb)
   1.00  2.771E+03    0.00E+00    0.00E+00    0.00E+00
   2.00  2.548E+03    0.00E+00    0.00E+00    0.00E+00
   3.00  2.442E+03    0.00E+00    0.00E+00    0.00E+00
   4.00  2.379E+03    0.00E+00    0.00E+00    0.00E+00
   5.00  2.364E+03    0.00E+00    0.00E+00    0.00E+00
   6.00  2.330E+03    0.00E+00    0.00E+00    0.00E+00
   7.00  2.279E+03    0.00E+00    0.00E+00    0.00E+00
   8.00  2.221E+03    0.00E+00    0.00E+00    0.00E+00
   9.00  2.172E+03    0.00E+00    0.00E+00    0.00E+00
  10.00  2.142E+03    0.00E+00    0.00E+00    0.00E+00
  11.00  2.120E+03    0.00E+00    0.00E+00    0.00E+00
  12.00  2.104E+03    0.00E+00    0.00E+00    0.00E+00
  13.00  2.092E+03    0.00E+00    0.00E+00    0.00E+00
  14.00  2.077E+03    0.00E+00    0.00E+00    0.00E+00
  15.00  2.055E+03    0.00E+00    0.00E+00    0.00E+00
  16.00  2.030E+03    0.00E+00    0.00E+00    0.00E+00
  17.00  2.010E+03    0.00E+00    0.00E+00    0.00E+00
  18.00  1.991E+03    0.00E+00    0.00E+00    0.00E+00
  19.00  1.976E+03    0.00E+00    0.00E+00    0.00E+00
  20.00  1.966E+03    0.00E+00    0.00E+00    0.00E+00
  21.00  1.959E+03    0.00E+00    0.00E+00    0.00E+00
  22.00  1.948E+03    0.00E+00    0.00E+00    0.00E+00
  23.00  1.936E+03    0.00E+00    0.00E+00    0.00E+00
  24.00  1.921E+03    0.00E+00    0.00E+00    0.00E+00
  25.00  1.905E+03    0.00E+00    0.00E+00    0.00E+00
  26.00  1.892E+03    0.00E+00    0.00E+00    0.00E+00
  27.00  1.878E+03    0.00E+00    0.00E+00    0.00E+00
  28.00  1.866E+03    0.00E+00    0.00E+00    0.00E+00
  29.00  1.855E+03    0.00E+00    0.00E+00    0.00E+00
  30.00  1.843E+03    0.00E+00    0.00E+00    0.00E+00
  31.00  1.834E+03    0.00E+00    0.00E+00    0.00E+00
  32.00  1.823E+03    0.00E+00    0.00E+00    0.00E+00
  33.00  1.811E+03    0.00E+00    0.00E+00    0.00E+00
  34.00  1.799E+03    0.00E+00    0.00E+00    0.00E+00
  35.00  1.787E+03    0.00E+00    0.00E+00    0.00E+00
  36.00  1.775E+03    0.00E+00    0.00E+00    0.00E+00
  37.00  1.767E+03    0.00E+00    0.00E+00    0.00E+00
  38.00  1.756E+03    0.00E+00    0.00E+00    0.00E+00
  39.00  1.746E+03    0.00E+00    0.00E+00    0.00E+00
 Ebeam (MeV) Rx cs (mb) fiss cs (mb) capture cs (mb)

  Ebeam  Z   A   Total    grnd st  isomer1 isomer2  isomer1  isomer2  didl nolevs
  (MeV)           cs.      cs.      cs.     cs.     to total to total
  1.00  49 115 2.63E+03 2.63E+03 0.00E+00          0.00E+00            0   2
  2.00  49 115 2.44E+03 2.44E+03 0.00E+00          0.00E+00            0   2
  3.00  49 115 2.35E+03 2.35E+03 0.00E+00          0.00E+00            0   2
  4.00  49 115 2.31E+03 2.31E+03 1.36E+00          5.90E-04            0   2
  5.00  49 115 2.30E+03 2.30E+03 2.42E+00          1.05E-03            0   2
  6.00  49 115 2.26E+03 2.26E+03 3.70E+00          1.64E-03            0   2
  7.00  49 115 2.21E+03 2.20E+03 4.28E+00          1.94E-03            0   2
  8.00  49 115 2.15E+03 2.14E+03 4.77E+00          2.22E-03            0   2
  9.00  49 115 2.10E+03 2.10E+03 4.20E+00          2.00E-03            0   2
 10.00  49 115 2.01E+03 2.00E+03 4.34E+00          2.16E-03            0   2
 11.00  49 115 1.41E+03 1.41E+03 4.71E+00          3.34E-03            0   2
 12.00  49 115 8.94E+02 8.90E+02 4.52E+00          5.06E-03            0   2
 13.00  49 115 5.87E+02 5.84E+02 3.30E+00          5.62E-03            0   2
 14.00  49 115 4.21E+02 4.19E+02 1.77E+00          4.20E-03            0   2
 15.00  49 115 3.21E+02 3.20E+02 1.10E+00          3.43E-03            0   2
 16.00  49 115 2.65E+02 2.64E+02 9.03E-01          3.41E-03            0   2
 17.00  49 115 2.25E+02 2.25E+02 4.88E-01          2.17E-03            0   2
 18.00  49 115 1.95E+02 1.95E+02 1.92E-01          9.82E-04            0   2
 19.00  49 115 1.77E+02 1.77E+02 7.02E-02          3.96E-04            0   2
 20.00  49 115 1.61E+02 1.61E+02 2.00E-02          1.24E-04            0   2
 21.00  49 115 1.49E+02 1.49E+02 1.99E-02          1.33E-04            0   2
 22.00  49 115 1.36E+02 1.36E+02 0.00E+00          0.00E+00            0   2
 23.00  49 115 1.27E+02 1.27E+02 0.00E+00          0.00E+00            0   2
 24.00  49 115 1.16E+02 1.16E+02 0.00E+00          0.00E+00            0   2
 25.00  49 115 1.07E+02 1.07E+02 0.00E+00          0.00E+00            0   2
 26.00  49 115 9.94E+01 9.94E+01 0.00E+00          0.00E+00            0   2
 27.00  49 115 9.22E+01 9.22E+01 0.00E+00          0.00E+00            0   2
 28.00  49 115 8.69E+01 8.69E+01 0.00E+00          0.00E+00            0   2
 29.00  49 115 8.03E+01 8.03E+01 0.00E+00          0.00E+00            0   2
 30.00  49 115 7.60E+01 7.60E+01 0.00E+00          0.00E+00            0   2
 31.00  49 115 7.06E+01 7.06E+01 0.00E+00          0.00E+00            0   2
 32.00  49 115 6.89E+01 6.89E+01 0.00E+00          0.00E+00            0   2
 33.00  49 115 6.53E+01 6.53E+01 0.00E+00          0.00E+00            0   2
 34.00  49 115 6.20E+01 6.20E+01 0.00E+00          0.00E+00            0   2
 35.00  49 115 5.78E+01 5.78E+01 0.00E+00          0.00E+00            0   2
 36.00  49 115 5.51E+01 5.51E+01 0.00E+00          0.00E+00            0   2
 37.00  49 115 5.28E+01 5.28E+01 0.00E+00          0.00E+00            0   2
 38.00  49 115 4.91E+01 4.91E+01 0.00E+00          0.00E+00            0   2
 39.00  49 115 4.55E+01 4.55E+01 0.00E+00          0.00E+00            0   2
 10.00  49 114 6.71E+01 0.00E+00 3.20E+01 3.51E+01 4.77E-01 5.23E-01   0   3
 11.00  49 114 6.43E+02 0.00E+00 1.72E+02 4.71E+02 2.67E-01 7.33E-01   0   3
 12.00  49 114 1.14E+03 0.00E+00 2.28E+02 9.10E+02 2.00E-01 8.00E-01   0   3
 13.00  49 114 1.42E+03 0.00E+00 2.24E+02 1.20E+03 1.57E-01 8.43E-01   0   3
 14.00  49 114 1.56E+03 0.00E+00 2.14E+02 1.35E+03 1.37E-01 8.63E-01   0   3
 15.00  49 114 1.63E+03 0.00E+00 2.04E+02 1.43E+03 1.25E-01 8.75E-01   0   3
 16.00  49 114 1.65E+03 0.00E+00 1.89E+02 1.46E+03 1.15E-01 8.85E-01   0   3
 17.00  49 114 1.66E+03 0.00E+00 1.81E+02 1.48E+03 1.09E-01 8.91E-01   0   3
 18.00  49 114 1.63E+03 0.00E+00 1.68E+02 1.46E+03 1.03E-01 8.97E-01   0   3
 19.00  49 114 1.47E+03 0.00E+00 1.49E+02 1.32E+03 1.02E-01 8.98E-01   0   3
 20.00  49 114 1.23E+03 0.00E+00 1.25E+02 1.10E+03 1.02E-01 8.98E-01   0   3
 21.00  49 114 9.76E+02 0.00E+00 9.99E+01 8.76E+02 1.02E-01 8.98E-01   0   3
 22.00  49 114 7.63E+02 0.00E+00 7.90E+01 6.84E+02 1.03E-01 8.97E-01   0   3
 23.00  49 114 5.97E+02 0.00E+00 6.51E+01 5.32E+02 1.09E-01 8.91E-01   0   3
 24.00  49 114 4.80E+02 0.00E+00 5.49E+01 4.25E+02 1.14E-01 8.86E-01   0   3
 25.00  49 114 3.97E+02 0.00E+00 4.74E+01 3.50E+02 1.19E-01 8.81E-01   0   3
 26.00  49 114 3.39E+02 0.00E+00 4.33E+01 2.95E+02 1.28E-01 8.72E-01   0   3
 27.00  49 114 3.01E+02 0.00E+00 3.89E+01 2.62E+02 1.29E-01 8.71E-01   0   3
 28.00  49 114 2.68E+02 0.00E+00 3.65E+01 2.31E+02 1.36E-01 8.64E-01   0   3
 29.00  49 114 2.44E+02 0.00E+00 3.36E+01 2.10E+02 1.38E-01 8.62E-01   0   3
 30.00  49 114 2.28E+02 0.00E+00 3.16E+01 1.97E+02 1.38E-01 8.62E-01   0   3
 31.00  49 114 2.11E+02 0.00E+00 2.95E+01 1.81E+02 1.40E-01 8.60E-01   0   3
 32.00  49 114 1.99E+02 0.00E+00 2.84E+01 1.71E+02 1.43E-01 8.57E-01   0   3
 33.00  49 114 1.89E+02 0.00E+00 2.75E+01 1.61E+02 1.45E-01 8.55E-01   0   3
 34.00  49 114 1.78E+02 0.00E+00 2.64E+01 1.51E+02 1.49E-01 8.51E-01   0   3
 35.00  49 114 1.69E+02 0.00E+00 2.60E+01 1.43E+02 1.54E-01 8.46E-01   0   3
 36.00  49 114 1.60E+02 0.00E+00 2.47E+01 1.35E+02 1.54E-01 8.46E-01   0   3
 37.00  49 114 1.54E+02 0.00E+00 2.47E+01 1.30E+02 1.60E-01 8.40E-01   0   3
 38.00  49 114 1.48E+02 0.00E+00 2.37E+01 1.24E+02 1.60E-01 8.40E-01   0   3
 39.00  49 114 1.44E+02 0.00E+00 2.37E+01 1.20E+02 1.65E-01 8.35E-01   0   3
  1.00  49 113 1.19E+02 1.19E+02 0.00E+00          0.00E+00            0   2
  2.00  49 113 1.09E+02 1.09E+02 0.00E+00          0.00E+00            0   2
  3.00  49 113 1.05E+02 1.05E+02 0.00E+00          0.00E+00            0   2
  4.00  49 113 1.02E+02 1.02E+02 3.57E-02          3.50E-04            0   2
  5.00  49 113 1.01E+02 1.01E+02 1.77E-01          1.75E-03            0   2
  6.00  49 113 9.99E+01 9.97E+01 1.86E-01          1.87E-03            0   2
  7.00  49 113 9.76E+01 9.73E+01 3.08E-01          3.15E-03            0   2
  8.00  49 113 9.50E+01 9.48E+01 1.44E-01          1.52E-03            0   2
  9.00  49 113 9.28E+01 9.25E+01 2.39E-01          2.57E-03            0   2
 10.00  49 113 9.13E+01 9.11E+01 2.78E-01          3.05E-03            0   2
 11.00  49 113 7.38E+01 7.36E+01 2.33E-01          3.16E-03            0   2
 12.00  49 113 4.81E+01 4.79E+01 2.10E-01          4.38E-03            0   2
 13.00  49 113 3.08E+01 3.06E+01 2.09E-01          6.78E-03            0   2
 14.00  49 113 2.05E+01 2.04E+01 9.35E-02          4.55E-03            0   2
 15.00  49 113 1.51E+01 1.50E+01 1.03E-01          6.82E-03            0   2
 16.00  49 113 1.21E+01 1.20E+01 1.02E-02          8.42E-04            0   2
 17.00  49 113 1.08E+01 1.08E+01 2.01E-02          1.86E-03            0   2
 18.00  49 113 3.86E+01 3.85E+01 4.01E-02          1.04E-03            0   2
 19.00  49 113 1.88E+02 1.88E+02 2.51E-01          1.33E-03            0   2
 20.00  49 113 4.25E+02 4.24E+02 7.59E-01          1.79E-03            0   2
 21.00  49 113 6.63E+02 6.60E+02 2.59E+00          3.90E-03            0   2
 22.00  49 113 8.61E+02 8.57E+02 3.94E+00          4.57E-03            0   2
 23.00  49 113 1.01E+03 1.00E+03 5.97E+00          5.93E-03            0   2
 24.00  49 113 1.10E+03 1.09E+03 6.73E+00          6.13E-03            0   2
 25.00  49 113 1.16E+03 1.15E+03 8.95E+00          7.72E-03            0   2
 26.00  49 113 1.20E+03 1.19E+03 9.43E+00          7.88E-03            0   2
 27.00  49 113 1.21E+03 1.20E+03 9.40E+00          7.75E-03            0   2
 28.00  49 113 1.22E+03 1.21E+03 1.01E+01          8.24E-03            0   2
 29.00  49 113 1.21E+03 1.20E+03 9.88E+00          8.19E-03            0   2
 30.00  49 113 1.15E+03 1.14E+03 9.36E+00          8.12E-03            0   2
 31.00  49 113 1.07E+03 1.06E+03 8.64E+00          8.06E-03            0   2
 32.00  49 113 9.59E+02 9.49E+02 9.37E+00          9.77E-03            0   2
 33.00  49 113 8.38E+02 8.29E+02 8.16E+00          9.74E-03            0   2
 34.00  49 113 7.25E+02 7.18E+02 6.64E+00          9.16E-03            0   2
 35.00  49 113 6.22E+02 6.16E+02 6.34E+00          1.02E-02            0   2
 36.00  49 113 5.37E+02 5.32E+02 5.18E+00          9.65E-03            0   2
 37.00  49 113 4.71E+02 4.67E+02 4.03E+00          8.56E-03            0   2
 38.00  49 113 4.05E+02 4.02E+02 3.21E+00          7.93E-03            0   2
 39.00  49 113 3.62E+02 3.59E+02 2.93E+00          8.09E-03            0   2
 11.00  49 112 1.60E+01 0.00E+00 1.60E+01          1.00E+00            0   2
 12.00  49 112 4.08E+01 0.00E+00 4.08E+01          1.00E+00            0   2
 13.00  49 112 5.65E+01 0.00E+00 5.65E+01          1.00E+00            0   2
 14.00  49 112 6.59E+01 0.00E+00 6.59E+01          1.00E+00            0   2
 15.00  49 112 6.97E+01 0.00E+00 6.97E+01          1.00E+00            0   2
 16.00  49 112 7.03E+01 0.00E+00 7.03E+01          1.00E+00            0   2
 17.00  49 112 6.97E+01 0.00E+00 6.97E+01          1.00E+00            0   2
 18.00  49 112 6.97E+01 0.00E+00 6.97E+01          1.00E+00            0   2
 19.00  49 112 6.82E+01 0.00E+00 6.82E+01          1.00E+00            0   2
 20.00  49 112 5.98E+01 0.00E+00 5.98E+01          1.00E+00            0   2
 21.00  49 112 5.10E+01 0.00E+00 5.10E+01          1.00E+00            0   2
 22.00  49 112 4.03E+01 0.00E+00 4.03E+01          1.00E+00            0   2
 23.00  49 112 3.21E+01 0.00E+00 3.21E+01          1.00E+00            0   2
 24.00  49 112 2.63E+01 0.00E+00 2.63E+01          1.00E+00            0   2
 25.00  49 112 1.97E+01 0.00E+00 1.97E+01          1.00E+00            0   2
 26.00  49 112 1.68E+01 0.00E+00 1.68E+01          1.00E+00            0   2
 27.00  49 112 1.37E+01 0.00E+00 1.37E+01          1.00E+00            0   2
 28.00  49 112 1.60E+01 0.00E+00 1.60E+01          1.00E+00            0   2
 29.00  49 112 3.38E+01 0.00E+00 3.38E+01          1.00E+00            0   2
 30.00  49 112 8.01E+01 0.00E+00 8.01E+01          1.00E+00            0   2
 31.00  49 112 1.59E+02 0.00E+00 1.59E+02          1.00E+00            0   2
 32.00  49 112 2.56E+02 0.00E+00 2.56E+02          1.00E+00            0   2
 33.00  49 112 3.58E+02 0.00E+00 3.58E+02          1.00E+00            0   2
 34.00  49 112 4.54E+02 0.00E+00 4.54E+02          1.00E+00            0   2
 35.00  49 112 5.36E+02 0.00E+00 5.36E+02          1.00E+00            0   2
 36.00  49 112 6.06E+02 0.00E+00 6.06E+02          1.00E+00            0   2
 37.00  49 112 6.52E+02 0.00E+00 6.52E+02          1.00E+00            0   2
 38.00  49 112 6.84E+02 0.00E+00 6.84E+02          1.00E+00            0   2
 39.00  49 112 6.95E+02 0.00E+00 6.95E+02          1.00E+00            0   2
  0.00  49 111 0.00E+00 0.00E+00 0.00E+00          0.00E+00            0   2
  1.00  49 111 0.00E+00 0.00E+00 0.00E+00          0.00E+00            0   2
  2.00  49 111 0.00E+00 0.00E+00 0.00E+00          0.00E+00            0   2
  3.00  49 111 0.00E+00 0.00E+00 0.00E+00          0.00E+00            0   2
  4.00  49 111 0.00E+00 0.00E+00 0.00E+00          0.00E+00            0   2
  5.00  49 111 0.00E+00 0.00E+00 0.00E+00          0.00E+00            0   2
  6.00  49 111 0.00E+00 0.00E+00 0.00E+00          0.00E+00            0   2
  7.00  49 111 0.00E+00 0.00E+00 0.00E+00          0.00E+00            0   2
  8.00  49 111 0.00E+00 0.00E+00 0.00E+00          0.00E+00            0   2
  9.00  49 111 0.00E+00 0.00E+00 0.00E+00          0.00E+00            0   2
 10.00  49 111 0.00E+00 0.00E+00 0.00E+00          0.00E+00            0   2
 11.00  49 111 0.00E+00 0.00E+00 0.00E+00          0.00E+00            0   2
 12.00  49 111 0.00E+00 0.00E+00 0.00E+00          0.00E+00            0   2
 13.00  49 111 0.00E+00 0.00E+00 0.00E+00          0.00E+00            0   2
 14.00  49 111 0.00E+00 0.00E+00 0.00E+00          0.00E+00            0   2
 15.00  49 111 0.00E+00 0.00E+00 0.00E+00          0.00E+00            0   2
 16.00  49 111 0.00E+00 0.00E+00 0.00E+00          0.00E+00            0   2
 17.00  49 111 0.00E+00 0.00E+00 0.00E+00          0.00E+00            0   2
 18.00  49 111 0.00E+00 0.00E+00 0.00E+00          0.00E+00            0   2
 19.00  49 111 1.46E+00 1.46E+00 0.00E+00          0.00E+00            0   2
 20.00  49 111 8.79E+00 8.79E+00 0.00E+00          0.00E+00            0   2
 21.00  49 111 1.76E+01 1.76E+01 4.90E-02          2.77E-03            0   2
 22.00  49 111 2.69E+01 2.68E+01 7.79E-02          2.89E-03            0   2
 23.00  49 111 3.44E+01 3.42E+01 2.13E-01          6.18E-03            0   2
 24.00  49 111 4.02E+01 3.99E+01 2.40E-01          5.98E-03            0   2
 25.00  49 111 4.36E+01 4.33E+01 2.57E-01          5.90E-03            0   2
 26.00  49 111 4.62E+01 4.58E+01 4.45E-01          9.62E-03            0   2
 27.00  49 111 4.73E+01 4.70E+01 3.47E-01          7.34E-03            0   2
 28.00  49 111 4.81E+01 4.78E+01 3.55E-01          7.37E-03            0   2
 29.00  49 111 4.74E+01 4.70E+01 3.71E-01          7.83E-03            0   2
 30.00  49 111 4.72E+01 4.70E+01 2.95E-01          6.24E-03            0   2
 31.00  49 111 4.50E+01 4.45E+01 4.59E-01          1.02E-02            0   2
 32.00  49 111 4.07E+01 4.02E+01 4.47E-01          1.10E-02            0   2
 33.00  49 111 3.81E+01 3.78E+01 3.62E-01          9.50E-03            0   2
 34.00  49 111 3.35E+01 3.33E+01 2.61E-01          7.78E-03            0   2
 35.00  49 111 2.87E+01 2.84E+01 2.95E-01          1.03E-02            0   2
 36.00  49 111 2.49E+01 2.46E+01 2.84E-01          1.14E-02            0   2
 37.00  49 111 2.32E+01 2.31E+01 1.24E-01          5.32E-03            0   2
 38.00  49 111 2.73E+01 2.71E+01 1.32E-01          4.84E-03            0   2
 39.00  49 111 4.08E+01 4.05E+01 3.07E-01          7.52E-03            0   2
 29.00  49 110 7.42E-02 7.42E-02 0.00E+00          0.00E+00            0   2
 30.00  49 110 3.50E-01 3.50E-01 0.00E+00          0.00E+00            0   2
 31.00  49 110 1.60E+00 1.60E+00 0.00E+00          0.00E+00            0   2
 32.00  49 110 3.48E+00 3.48E+00 0.00E+00          0.00E+00            0   2
 33.00  49 110 6.32E+00 6.32E+00 0.00E+00          0.00E+00            0   2
 34.00  49 110 9.48E+00 9.47E+00 9.00E-03          9.49E-04            0   2
 35.00  49 110 1.31E+01 1.31E+01 1.79E-02          1.37E-03            0   2
 36.00  49 110 1.55E+01 1.55E+01 1.78E-02          1.14E-03            0   2
 37.00  49 110 1.78E+01 1.78E+01 1.77E-02          9.91E-04            0   2
 38.00  49 110 2.02E+01 2.01E+01 3.51E-02          1.74E-03            0   2
 39.00  49 110 2.11E+01 2.10E+01 6.11E-02          2.90E-03            0   2
 38.00  49 109 1.76E-02 1.76E-02 0.00E+00 0.00E+00 0.00E+00 0.00E+00   0   3
 39.00  49 109 1.05E-01 1.05E-01 0.00E+00 0.00E+00 0.00E+00 0.00E+00   0   3
  7.00  48 115 3.69E-01 0.00E+00 3.69E-01          1.00E+00            0   2
  8.00  48 115 1.21E+00 0.00E+00 1.21E+00          1.00E+00            0   2
  9.00  48 115 2.20E+00 0.00E+00 2.20E+00          1.00E+00            0   2
 10.00  48 115 5.70E+00 0.00E+00 5.70E+00          1.00E+00            0   2
 11.00  48 115 8.71E+00 0.00E+00 8.71E+00          1.00E+00            0   2
 12.00  48 115 1.42E+01 0.00E+00 1.42E+01          1.00E+00            0   2
 13.00  48 115 1.85E+01 0.00E+00 1.85E+01          1.00E+00            0   2
 14.00  48 115 2.32E+01 0.00E+00 2.32E+01          1.00E+00            0   2
 15.00  48 115 2.36E+01 0.00E+00 2.36E+01          1.00E+00            0   2
 16.00  48 115 2.45E+01 2.05E-02 2.45E+01          9.99E-01            0   2
 17.00  48 115 2.54E+01 2.03E-02 2.53E+01          9.99E-01            0   2
 18.00  48 115 2.59E+01 0.00E+00 2.59E+01          1.00E+00            0   2
 19.00  48 115 2.66E+01 2.01E-02 2.66E+01          9.99E-01            0   2
 20.00  48 115 2.40E+01 0.00E+00 2.40E+01          1.00E+00            0   2
 21.00  48 115 2.17E+01 0.00E+00 2.17E+01          1.00E+00            0   2
 22.00  48 115 2.26E+01 0.00E+00 2.26E+01          1.00E+00            0   2
 23.00  48 115 2.12E+01 0.00E+00 2.12E+01          1.00E+00            0   2
 24.00  48 115 2.03E+01 0.00E+00 2.03E+01          1.00E+00            0   2
 25.00  48 115 1.88E+01 0.00E+00 1.88E+01          1.00E+00            0   2
 26.00  48 115 1.83E+01 0.00E+00 1.83E+01          1.00E+00            0   2
 27.00  48 115 1.71E+01 0.00E+00 1.71E+01          1.00E+00            0   2
 28.00  48 115 1.61E+01 0.00E+00 1.61E+01          1.00E+00            0   2
 29.00  48 115 1.56E+01 0.00E+00 1.56E+01          1.00E+00            0   2
 30.00  48 115 1.36E+01 0.00E+00 1.36E+01          1.00E+00            0   2
 31.00  48 115 1.35E+01 0.00E+00 1.35E+01          1.00E+00            0   2
 32.00  48 115 1.23E+01 0.00E+00 1.23E+01          1.00E+00            0   2
 33.00  48 115 1.19E+01 0.00E+00 1.19E+01          1.00E+00            0   2
 34.00  48 115 1.16E+01 0.00E+00 1.16E+01          1.00E+00            0   2
 35.00  48 115 1.04E+01 0.00E+00 1.04E+01          1.00E+00            0   2
 36.00  48 115 1.14E+01 0.00E+00 1.14E+01          1.00E+00            0   2
 37.00  48 115 1.07E+01 0.00E+00 1.07E+01          1.00E+00            0   2
 38.00  48 115 1.03E+01 0.00E+00 1.03E+01          1.00E+00            0   2
 39.00  48 115 9.30E+00 0.00E+00 9.30E+00          1.00E+00            0   2
 11.00  48 114 6.47E-02                                                    1
 12.00  48 114 5.99E-01                                                    1
 13.00  48 114 2.95E+00                                                    1
 14.00  48 114 7.51E+00                                                    1
 15.00  48 114 1.33E+01                                                    1
 16.00  48 114 2.42E+01                                                    1
 17.00  48 114 3.47E+01                                                    1
 18.00  48 114 4.92E+01                                                    1
 19.00  48 114 6.06E+01                                                    1
 20.00  48 114 7.49E+01                                                    1
 21.00  48 114 9.00E+01                                                    1
 22.00  48 114 1.02E+02                                                    1
 23.00  48 114 1.13E+02                                                    1
 24.00  48 114 1.23E+02                                                    1
 25.00  48 114 1.27E+02                                                    1
 26.00  48 114 1.25E+02                                                    1
 27.00  48 114 1.21E+02                                                    1
 28.00  48 114 1.20E+02                                                    1
 29.00  48 114 1.18E+02                                                    1
 30.00  48 114 1.15E+02                                                    1
 31.00  48 114 1.10E+02                                                    1
 32.00  48 114 1.07E+02                                                    1
 33.00  48 114 1.05E+02                                                    1
 34.00  48 114 1.06E+02                                                    1
 35.00  48 114 1.02E+02                                                    1
 36.00  48 114 9.89E+01                                                    1
 37.00  48 114 9.90E+01                                                    1
 38.00  48 114 9.85E+01                                                    1
 39.00  48 114 9.54E+01                                                    1
  5.00  48 113 2.36E-02 0.00E+00 2.36E-02          1.00E+00            0   2
  6.00  48 113 4.66E-02 0.00E+00 4.66E-02          1.00E+00            0   2
  7.00  48 113 1.82E-01 0.00E+00 1.82E-01          1.00E+00            0   2
  8.00  48 113 2.89E-01 0.00E+00 2.89E-01          1.00E+00            0   2
  9.00  48 113 3.69E-01 0.00E+00 3.69E-01          1.00E+00            0   2
 10.00  48 113 5.14E-01 0.00E+00 5.14E-01          1.00E+00            0   2
 11.00  48 113 1.04E+00 0.00E+00 1.04E+00          1.00E+00            0   2
 12.00  48 113 1.22E+00 0.00E+00 1.22E+00          1.00E+00            0   2
 13.00  48 113 1.61E+00 0.00E+00 1.61E+00          1.00E+00            0   2
 14.00  48 113 1.25E+00 0.00E+00 1.25E+00          1.00E+00            0   2
 15.00  48 113 1.34E+00 0.00E+00 1.34E+00          1.00E+00            0   2
 16.00  48 113 1.81E+00 0.00E+00 1.81E+00          1.00E+00            0   2
 17.00  48 113 1.51E+00 0.00E+00 1.51E+00          1.00E+00            0   2
 18.00  48 113 1.68E+00 0.00E+00 1.68E+00          1.00E+00            0   2
 19.00  48 113 1.87E+00 0.00E+00 1.87E+00          1.00E+00            0   2
 20.00  48 113 1.66E+00 0.00E+00 1.66E+00          1.00E+00            0   2
 21.00  48 113 2.09E+00 0.00E+00 2.09E+00          1.00E+00            0   2
 22.00  48 113 3.17E+00 0.00E+00 3.17E+00          1.00E+00            0   2
 23.00  48 113 6.70E+00 1.96E-02 6.68E+00          9.97E-01            0   2
 24.00  48 113 1.25E+01 0.00E+00 1.25E+01          1.00E+00            0   2
 25.00  48 113 2.17E+01 1.54E-01 2.16E+01          9.93E-01            0   2
 26.00  48 113 3.63E+01 1.34E-01 3.62E+01          9.96E-01            0   2
 27.00  48 113 5.05E+01 4.19E-01 5.01E+01          9.92E-01            0   2
 28.00  48 113 6.50E+01 3.22E-01 6.47E+01          9.95E-01            0   2
 29.00  48 113 8.01E+01 4.52E-01 7.96E+01          9.94E-01            0   2
 30.00  48 113 9.57E+01 5.05E-01 9.52E+01          9.95E-01            0   2
 31.00  48 113 1.06E+02 7.45E-01 1.06E+02          9.93E-01            0   2
 32.00  48 113 1.14E+02 6.48E-01 1.13E+02          9.94E-01            0   2
 33.00  48 113 1.22E+02 7.54E-01 1.21E+02          9.94E-01            0   2
 34.00  48 113 1.21E+02 8.22E-01 1.21E+02          9.93E-01            0   2
 35.00  48 113 1.20E+02 1.02E+00 1.19E+02          9.92E-01            0   2
 36.00  48 113 1.18E+02 9.75E-01 1.17E+02          9.92E-01            0   2
 37.00  48 113 1.11E+02 1.18E+00 1.10E+02          9.89E-01            0   2
 38.00  48 113 1.06E+02 8.39E-01 1.05E+02          9.92E-01            0   2
 39.00  48 113 1.02E+02 7.27E-01 1.01E+02          9.93E-01            0   2
 11.00  48 112 6.36E-02                                                    1
 12.00  48 112 1.89E-01                                                    1
 13.00  48 112 6.28E-01                                                    1
 14.00  48 112 1.27E+00                                                    1
 15.00  48 112 1.95E+00                                                    1
 16.00  48 112 2.64E+00                                                    1
 17.00  48 112 4.08E+00                                                    1
 18.00  48 112 4.26E+00                                                    1
 19.00  48 112 5.71E+00                                                    1
 20.00  48 112 6.03E+00                                                    1
 21.00  48 112 6.68E+00                                                    1
 22.00  48 112 7.83E+00                                                    1
 23.00  48 112 8.21E+00                                                    1
 24.00  48 112 8.02E+00                                                    1
 25.00  48 112 9.00E+00                                                    1
 26.00  48 112 7.94E+00                                                    1
 27.00  48 112 9.54E+00                                                    1
 28.00  48 112 8.36E+00                                                    1
 29.00  48 112 9.70E+00                                                    1
 30.00  48 112 1.04E+01                                                    1
 31.00  48 112 1.41E+01                                                    1
 32.00  48 112 2.14E+01                                                    1
 33.00  48 112 3.24E+01                                                    1
 34.00  48 112 4.68E+01                                                    1
 35.00  48 112 6.56E+01                                                    1
 36.00  48 112 8.13E+01                                                    1
 37.00  48 112 1.03E+02                                                    1
 38.00  48 112 1.25E+02                                                    1
 39.00  48 112 1.45E+02                                                    1
 19.00  48 111 3.95E-02 0.00E+00 3.95E-02          1.00E+00            0   2
 20.00  48 111 7.86E-02 0.00E+00 7.86E-02          1.00E+00            0   2
 21.00  48 111 3.92E-02 0.00E+00 3.92E-02          1.00E+00            0   2
 22.00  48 111 2.73E-01 0.00E+00 2.73E-01          1.00E+00            0   2
 23.00  48 111 6.39E-01 0.00E+00 6.39E-01          1.00E+00            0   2
 24.00  48 111 9.60E-01 0.00E+00 9.60E-01          1.00E+00            0   2
 25.00  48 111 2.04E+00 0.00E+00 2.04E+00          1.00E+00            0   2
 26.00  48 111 3.12E+00 0.00E+00 3.12E+00          1.00E+00            0   2
 27.00  48 111 4.36E+00 3.76E-02 4.32E+00          9.91E-01            0   2
 28.00  48 111 4.94E+00 5.60E-02 4.89E+00          9.89E-01            0   2
 29.00  48 111 6.08E+00 1.85E-02 6.06E+00          9.97E-01            0   2
 30.00  48 111 6.75E+00 7.37E-02 6.67E+00          9.89E-01            0   2
 31.00  48 111 7.72E+00 3.67E-02 7.69E+00          9.95E-01            0   2
 32.00  48 111 7.88E+00 1.09E-01 7.77E+00          9.86E-01            0   2
 33.00  48 111 7.77E+00 1.81E-02 7.75E+00          9.98E-01            0   2
 34.00  48 111 7.34E+00 3.60E-02 7.31E+00          9.95E-01            0   2
 35.00  48 111 7.89E+00 1.07E-01 7.78E+00          9.86E-01            0   2
 36.00  48 111 8.16E+00 7.10E-02 8.09E+00          9.91E-01            0   2
 37.00  48 111 7.38E+00 1.77E-01 7.20E+00          9.76E-01            0   2
 38.00  48 111 7.67E+00 8.78E-02 7.59E+00          9.89E-01            0   2
 39.00  48 111 6.83E+00 1.75E-02 6.82E+00          9.97E-01            0   2
 25.00  48 110 1.90E-02                                                    1
 26.00  48 110 1.89E-02                                                    1
 27.00  48 110 1.88E-02                                                    1
 28.00  48 110 7.46E-02                                                    1
 29.00  48 110 1.67E-01                                                    1
 30.00  48 110 5.90E-01                                                    1
 31.00  48 110 1.47E+00                                                    1
 32.00  48 110 2.64E+00                                                    1
 33.00  48 110 4.18E+00                                                    1
 34.00  48 110 5.43E+00                                                    1
 35.00  48 110 6.68E+00                                                    1
 36.00  48 110 7.99E+00                                                    1
 37.00  48 110 9.35E+00                                                    1
 38.00  48 110 1.06E+01                                                    1
 39.00  48 110 1.18E+01                                                    1
 35.00  48 109 1.79E-02                                                    1
 36.00  48 109 3.55E-02                                                    1
 37.00  48 109 7.07E-02                                                    1
 38.00  48 109 8.78E-02                                                    1
 39.00  48 109 1.05E-01                                                    1
 31.00  47 114 1.86E-02                                                    1
 35.00  47 114 1.81E-02                                                    1
 36.00  47 114 1.80E-02                                                    1
 37.00  47 114 1.79E-02                                                    1
 39.00  47 114 1.77E-02                                                    1
 25.00  47 113 1.16E-01 0.00E+00 1.16E-01          1.00E+00            0   2
 26.00  47 113 9.59E-02 0.00E+00 9.59E-02          1.00E+00            0   2
 27.00  47 113 2.86E-01 0.00E+00 2.86E-01          1.00E+00            0   2
 28.00  47 113 3.41E-01 0.00E+00 3.41E-01          1.00E+00            0   2
 29.00  47 113 4.14E-01 0.00E+00 4.14E-01          1.00E+00            0   2
 30.00  47 113 7.67E-01 0.00E+00 7.67E-01          1.00E+00            0   2
 31.00  47 113 7.82E-01 0.00E+00 7.82E-01          1.00E+00            0   2
 32.00  47 113 7.40E-01 0.00E+00 7.40E-01          1.00E+00            0   2
 33.00  47 113 1.07E+00 0.00E+00 1.07E+00          1.00E+00            0   2
 34.00  47 113 1.15E+00 0.00E+00 1.15E+00          1.00E+00            0   2
 35.00  47 113 1.49E+00 0.00E+00 1.49E+00          1.00E+00            0   2
 36.00  47 113 1.46E+00 0.00E+00 1.46E+00          1.00E+00            0   2
 37.00  47 113 1.49E+00 0.00E+00 1.49E+00          1.00E+00            0   2
 38.00  47 113 1.89E+00 0.00E+00 1.89E+00          1.00E+00            0   2
 39.00  47 113 2.13E+00 0.00E+00 2.13E+00          1.00E+00            0   2
 11.00  47 112 6.47E-02                                                    1
 12.00  47 112 1.71E-01                                                    1
 13.00  47 112 4.25E-01                                                    1
 14.00  47 112 7.57E-01                                                    1
 15.00  47 112 1.12E+00                                                    1
 16.00  47 112 1.58E+00                                                    1
 17.00  47 112 1.53E+00                                                    1
 18.00  47 112 1.63E+00                                                    1
 19.00  47 112 1.18E+00                                                    1
 20.00  47 112 1.12E+00                                                    1
 21.00  47 112 8.36E-01                                                    1
 22.00  47 112 6.53E-01                                                    1
 23.00  47 112 4.71E-01                                                    1
 24.00  47 112 3.89E-01                                                    1
 25.00  47 112 4.05E-01                                                    1
 26.00  47 112 3.45E-01                                                    1
 27.00  47 112 4.76E-01                                                    1
 28.00  47 112 2.84E-01                                                    1
 29.00  47 112 2.45E-01                                                    1
 30.00  47 112 2.43E-01                                                    1
 31.00  47 112 1.68E-01                                                    1
 32.00  47 112 2.03E-01                                                    1
 33.00  47 112 2.57E-01                                                    1
 34.00  47 112 2.92E-01                                                    1
 35.00  47 112 5.26E-01                                                    1
 36.00  47 112 5.23E-01                                                    1
 37.00  47 112 7.89E-01                                                    1
 38.00  47 112 1.36E+00                                                    1
 39.00  47 112 1.37E+00                                                    1
 15.00  47 111 8.31E-02 4.16E-02 4.16E-02          5.00E-01            0   2
 16.00  47 111 4.10E-01 6.16E-02 3.49E-01          8.50E-01            0   2
 17.00  47 111 1.24E+00 1.42E-01 1.10E+00          8.85E-01            0   2
 18.00  47 111 2.08E+00 2.82E-01 1.80E+00          8.64E-01            0   2
 19.00  47 111 3.63E+00 7.62E-01 2.87E+00          7.90E-01            0   2
 20.00  47 111 6.27E+00 1.10E+00 5.17E+00          8.25E-01            0   2
 21.00  47 111 9.45E+00 1.59E+00 7.86E+00          8.32E-01            0   2
 22.00  47 111 1.11E+01 1.80E+00 9.26E+00          8.37E-01            0   2
 23.00  47 111 1.36E+01 2.28E+00 1.13E+01          8.33E-01            0   2
 24.00  47 111 1.86E+01 2.73E+00 1.58E+01          8.53E-01            0   2
 25.00  47 111 2.20E+01 3.36E+00 1.86E+01          8.47E-01            0   2
 26.00  47 111 2.48E+01 3.84E+00 2.10E+01          8.45E-01            0   2
 27.00  47 111 2.58E+01 4.54E+00 2.12E+01          8.24E-01            0   2
 28.00  47 111 2.41E+01 3.75E+00 2.03E+01          8.44E-01            0   2
 29.00  47 111 2.17E+01 3.28E+00 1.84E+01          8.49E-01            0   2
 30.00  47 111 1.77E+01 2.45E+00 1.53E+01          8.62E-01            0   2
 31.00  47 111 1.57E+01 2.01E+00 1.37E+01          8.72E-01            0   2
 32.00  47 111 1.33E+01 1.54E+00 1.17E+01          8.84E-01            0   2
 33.00  47 111 1.12E+01 1.08E+00 1.01E+01          9.03E-01            0   2
 34.00  47 111 8.67E+00 7.67E-01 7.90E+00          9.12E-01            0   2
 35.00  47 111 7.53E+00 3.81E-01 7.15E+00          9.49E-01            0   2
 36.00  47 111 5.92E+00 2.89E-01 5.63E+00          9.51E-01            0   2
 37.00  47 111 5.02E+00 1.61E-01 4.86E+00          9.68E-01            0   2
 38.00  47 111 4.48E+00 1.43E-01 4.33E+00          9.68E-01            0   2
 39.00  47 111 4.40E+00 1.42E-01 4.26E+00          9.68E-01            0   2
  9.00  47 110 2.17E-02 0.00E+00 2.17E-02          1.00E+00            0   2
 10.00  47 110 4.28E-02 0.00E+00 4.28E-02          1.00E+00            0   2
 11.00  47 110 4.24E-02 0.00E+00 4.24E-02          1.00E+00            0   2
 12.00  47 110 2.10E-02 0.00E+00 2.10E-02          1.00E+00            0   2
 13.00  47 110 1.26E-01 0.00E+00 1.26E-01          1.00E+00            0   2
 14.00  47 110 1.25E-01 0.00E+00 1.25E-01          1.00E+00            0   2
 15.00  47 110 1.23E-01 0.00E+00 1.23E-01          1.00E+00            0   2
 16.00  47 110 2.03E-01 0.00E+00 2.03E-01          1.00E+00            0   2
 17.00  47 110 2.41E-01 0.00E+00 2.41E-01          1.00E+00            0   2
 18.00  47 110 7.96E-02 0.00E+00 7.96E-02          1.00E+00            0   2
 19.00  47 110 1.19E-01 0.00E+00 1.19E-01          1.00E+00            0   2
 20.00  47 110 9.83E-02 0.00E+00 9.83E-02          1.00E+00            0   2
 21.00  47 110 3.92E-02 0.00E+00 3.92E-02          1.00E+00            0   2
 22.00  47 110 5.85E-02 0.00E+00 5.85E-02          1.00E+00            0   2
 23.00  47 110 1.94E-02 0.00E+00 1.94E-02          1.00E+00            0   2
 24.00  47 110 5.81E-02 0.00E+00 5.81E-02          1.00E+00            0   2
 25.00  47 110 4.43E-01 0.00E+00 4.43E-01          1.00E+00            0   2
 26.00  47 110 1.76E+00 0.00E+00 1.76E+00          1.00E+00            0   2
 27.00  47 110 4.55E+00 0.00E+00 4.55E+00          1.00E+00            0   2
 28.00  47 110 8.98E+00 0.00E+00 8.98E+00          1.00E+00            0   2
 29.00  47 110 1.52E+01 0.00E+00 1.52E+01          1.00E+00            0   2
 30.00  47 110 2.21E+01 0.00E+00 2.21E+01          1.00E+00            0   2
 31.00  47 110 2.86E+01 0.00E+00 2.86E+01          1.00E+00            0   2
 32.00  47 110 3.75E+01 0.00E+00 3.75E+01          1.00E+00            0   2
 33.00  47 110 4.27E+01 0.00E+00 4.27E+01          1.00E+00            0   2
 34.00  47 110 4.85E+01 0.00E+00 4.85E+01          1.00E+00            0   2
 35.00  47 110 5.47E+01 0.00E+00 5.47E+01          1.00E+00            0   2
 36.00  47 110 5.55E+01 0.00E+00 5.55E+01          1.00E+00            0   2
 37.00  47 110 5.15E+01 0.00E+00 5.15E+01          1.00E+00            0   2
 38.00  47 110 4.96E+01 0.00E+00 4.96E+01          1.00E+00            0   2
 39.00  47 110 4.22E+01 0.00E+00 4.22E+01          1.00E+00            0   2
 14.00  47 109 2.08E-02 0.00E+00 2.08E-02          1.00E+00            0   2
 16.00  47 109 1.22E-01 0.00E+00 1.22E-01          1.00E+00            0   2
 17.00  47 109 2.41E-01 0.00E+00 2.41E-01          1.00E+00            0   2
 18.00  47 109 3.98E-01 5.97E-02 3.38E-01          8.50E-01            0   2
 19.00  47 109 5.34E-01 1.19E-01 4.15E-01          7.78E-01            0   2
 20.00  47 109 8.26E-01 1.38E-01 6.88E-01          8.33E-01            0   2
 21.00  47 109 8.42E-01 1.96E-01 6.46E-01          7.67E-01            0   2
 22.00  47 109 1.11E+00 2.34E-01 8.77E-01          7.89E-01            0   2
 23.00  47 109 1.63E+00 2.71E-01 1.35E+00          8.33E-01            0   2
 24.00  47 109 1.56E+00 1.73E-01 1.38E+00          8.89E-01            0   2
 25.00  47 109 1.73E+00 2.86E-01 1.45E+00          8.35E-01            0   2
 26.00  47 109 1.91E+00 2.65E-01 1.65E+00          8.61E-01            0   2
 27.00  47 109 1.71E+00 3.94E-01 1.31E+00          7.69E-01            0   2
 28.00  47 109 1.79E+00 2.24E-01 1.57E+00          8.75E-01            0   2
 29.00  47 109 1.80E+00 2.41E-01 1.56E+00          8.66E-01            0   2
 30.00  47 109 1.35E+00 2.03E-01 1.14E+00          8.49E-01            0   2
 31.00  47 109 1.06E+00 1.65E-01 8.99E-01          8.45E-01            0   2
 32.00  47 109 1.30E+00 2.01E-01 1.10E+00          8.45E-01            0   2
 33.00  47 109 1.15E+00 1.45E-01 1.00E+00          8.73E-01            0   2
 34.00  47 109 2.39E+00 2.01E-01 2.18E+00          9.16E-01            0   2
 35.00  47 109 5.25E+00 3.26E-01 4.93E+00          9.38E-01            0   2
 36.00  47 109 1.08E+01 9.75E-01 9.87E+00          9.10E-01            0   2
 37.00  47 109 1.76E+01 2.40E+00 1.52E+01          8.63E-01            0   2
 38.00  47 109 2.73E+01 2.93E+00 2.44E+01          8.93E-01            0   2
 39.00  47 109 3.74E+01 4.42E+00 3.29E+01          8.82E-01            0   2
 25.00  47 108 1.90E-02 0.00E+00 1.90E-02          1.00E+00            0   2
 26.00  47 108 1.89E-01 0.00E+00 1.89E-01          1.00E+00            0   2
 27.00  47 108 3.76E-01 0.00E+00 3.76E-01          1.00E+00            0   2
 28.00  47 108 7.28E-01 0.00E+00 7.28E-01          1.00E+00            0   2
 29.00  47 108 1.22E+00 0.00E+00 1.22E+00          1.00E+00            0   2
 30.00  47 108 1.64E+00 0.00E+00 1.64E+00          1.00E+00            0   2
 31.00  47 108 2.31E+00 0.00E+00 2.31E+00          1.00E+00            0   2
 32.00  47 108 3.01E+00 0.00E+00 3.01E+00          1.00E+00            0   2
 33.00  47 108 3.24E+00 0.00E+00 3.24E+00          1.00E+00            0   2
 34.00  47 108 3.58E+00 0.00E+00 3.58E+00          1.00E+00            0   2
 35.00  47 108 3.82E+00 0.00E+00 3.82E+00          1.00E+00            0   2
 36.00  47 108 3.91E+00 0.00E+00 3.91E+00          1.00E+00            0   2
 37.00  47 108 3.82E+00 0.00E+00 3.82E+00          1.00E+00            0   2
 38.00  47 108 3.16E+00 0.00E+00 3.16E+00          1.00E+00            0   2
 39.00  47 108 3.06E+00 0.00E+00 3.06E+00          1.00E+00            0   2
 33.00  47 107 1.81E-02 0.00E+00 1.81E-02          1.00E+00            0   2
 34.00  47 107 5.40E-02 0.00E+00 5.40E-02          1.00E+00            0   2
 35.00  47 107 3.22E-01 1.79E-02 3.04E-01          9.44E-01            0   2
 36.00  47 107 7.46E-01 5.33E-02 6.92E-01          9.29E-01            0   2
 37.00  47 107 1.20E+00 1.24E-01 1.08E+00          8.97E-01            0   2
 38.00  47 107 1.53E+00 1.23E-01 1.41E+00          9.20E-01            0   2
 39.00  47 107 2.29E+00 4.37E-01 1.85E+00          8.09E-01            0   2
 28.00  46 111 5.68E-02 1.89E-02 3.79E-02          6.67E-01            0   2
 29.00  46 111 1.88E-02 0.00E+00 1.88E-02          1.00E+00            0   2
 30.00  46 111 1.87E-02 0.00E+00 1.87E-02          1.00E+00            0   2
 31.00  46 111 3.72E-02 1.86E-02 1.86E-02          5.00E-01            0   2
 32.00  46 111 3.70E-02 1.85E-02 1.85E-02          5.00E-01            0   2
 33.00  46 111 3.68E-02 0.00E+00 3.68E-02          1.00E+00            0   2
 34.00  46 111 5.48E-02 0.00E+00 5.48E-02          1.00E+00            0   2
 35.00  46 111 5.44E-02 1.81E-02 3.63E-02          6.67E-01            0   2
 36.00  46 111 1.26E-01 5.41E-02 7.22E-02          5.71E-01            0   2
 37.00  46 111 1.08E-01 0.00E+00 1.08E-01          1.00E+00            0   2
 38.00  46 111 8.92E-02 1.78E-02 7.14E-02          8.00E-01            0   2
 39.00  46 111 8.87E-02 0.00E+00 8.87E-02          1.00E+00            0   2
 29.00  46 110 1.88E-02                                                    1
 31.00  46 110 5.59E-02                                                    1
 32.00  46 110 1.30E-01                                                    1
 33.00  46 110 2.02E-01                                                    1
 34.00  46 110 2.37E-01                                                    1
 35.00  46 110 3.63E-01                                                    1
 36.00  46 110 6.86E-01                                                    1
 37.00  46 110 1.06E+00                                                    1
 38.00  46 110 1.61E+00                                                    1
 39.00  46 110 1.58E+00                                                    1
 27.00  46 109 1.88E-02 1.88E-02 0.00E+00          0.00E+00            0   2
 30.00  46 109 1.84E-02 0.00E+00 1.84E-02          1.00E+00            0   2
 32.00  46 109 1.82E-02 1.82E-02 0.00E+00          0.00E+00            0   2
 35.00  46 109 1.79E-02 0.00E+00 1.79E-02          1.00E+00            0   2
 38.00  46 109 3.54E-02 0.00E+00 3.54E-02          1.00E+00            0   2
 39.00  46 109 5.32E-02 0.00E+00 5.32E-02          1.00E+00            0   2
 30.00  46 108 1.84E-02                                                    1
 32.00  46 108 3.65E-02                                                    1
 33.00  46 108 7.24E-02                                                    1
 34.00  46 108 3.60E-02                                                    1
 35.00  46 108 7.15E-02                                                    1
 36.00  46 108 1.07E-01                                                    1
 37.00  46 108 2.12E-01                                                    1
 38.00  46 108 1.41E-01                                                    1
 39.00  46 108 3.32E-01                                                    1
 33.00  45 108 1.84E-02 1.84E-02 0.00E+00          0.00E+00            0   2
 34.00  45 108 1.83E-02 1.83E-02 0.00E+00          0.00E+00            0   2
 37.00  45 108 1.79E-02 1.79E-02 0.00E+00          0.00E+00            0   2
 33.00  45 107 1.84E-02                                                    1
 35.00  45 107 1.81E-02                                                    1
 36.00  45 107 5.41E-02                                                    1
 37.00  45 107 5.38E-02                                                    1
 38.00  45 107 1.43E-01                                                    1
 39.00  45 107 8.87E-02                                                    1
 32.00  45 106 1.82E-02 0.00E+00 1.82E-02          1.00E+00            0   2
 33.00  45 105 1.81E-02 0.00E+00 1.81E-02          1.00E+00            0   2
 34.00  45 105 1.80E-02 1.80E-02 0.00E+00          0.00E+00            0   2
 35.00  45 105 1.79E-02 1.79E-02 0.00E+00          0.00E+00            0   2
 38.00  45 105 5.27E-02 5.27E-02 0.00E+00          0.00E+00            0   2
 39.00  45 105 1.75E-02 1.75E-02 0.00E+00          0.00E+00            0   2
  Ebeam =   1.0000000000000000      sumcs=   2750.7207413219480
  Ebeam =   2.0000000000000000      sumcs=   2552.5594276464358
  Ebeam =   3.0000000000000000      sumcs=   2455.7838406816818
  Ebeam =   4.0000000000000000      sumcs=   2413.7741726857012
  Ebeam =   5.0000000000000000      sumcs=   2405.4349433041607
  Ebeam =   6.0000000000000000      sumcs=   2363.1397138467864
  Ebeam =   7.0000000000000000      sumcs=   2305.2235087950285
  Ebeam =   8.0000000000000000      sumcs=   2245.3937215178462
  Ebeam =   9.0000000000000000      sumcs=   2199.1488837538964
  Ebeam =   10.000000000000000      sumcs=   2173.5373115242264
  Ebeam =   11.000000000000000      sumcs=   2153.7689288860061
  Ebeam =   12.000000000000000      sumcs=   2137.4800318949083
  Ebeam =   13.000000000000000      sumcs=   2123.6239943576552
  Ebeam =   14.000000000000000      sumcs=   2102.3301740547481
  Ebeam =   15.000000000000000      sumcs=   2077.0296065099819
  Ebeam =   16.000000000000000      sumcs=   2051.1834986795857
  Ebeam =   17.000000000000000      sumcs=   2032.6688896129306
  Ebeam =   18.000000000000000      sumcs=   2016.4245985184064
  Ebeam =   19.000000000000000      sumcs=   2004.8068456380940
  Ebeam =   20.000000000000000      sumcs=   1995.3180422429093
  Ebeam =   21.000000000000000      sumcs=   1988.3899148404021
  Ebeam =   22.000000000000000      sumcs=   1976.3805048879719
  Ebeam =   23.000000000000000      sumcs=   1961.6406895639352
  Ebeam =   24.000000000000000      sumcs=   1945.3621711078406
  Ebeam =   25.000000000000000      sumcs=   1929.1169361889972
  Ebeam =   26.000000000000000      sumcs=   1917.2814134292551
  Ebeam =   27.000000000000000      sumcs=   1904.5151379284396
  Ebeam =   28.000000000000000      sumcs=   1892.9612313629643
  Ebeam =   29.000000000000000      sumcs=   1881.8582540502971
  Ebeam =   30.000000000000000      sumcs=   1870.4889478977116
  Ebeam =   31.000000000000000      sumcs=   1861.2726974332522
  Ebeam =   32.000000000000000      sumcs=   1849.2224796242310
  Ebeam =   33.000000000000000      sumcs=   1836.8932335131074
  Ebeam =   34.000000000000000      sumcs=   1824.6499518843812
  Ebeam =   35.000000000000000      sumcs=   1812.7718961459520
  Ebeam =   36.000000000000000      sumcs=   1803.5628536184277
  Ebeam =   37.000000000000000      sumcs=   1793.1172494592574
  Ebeam =   38.000000000000000      sumcs=   1782.8991947518857
  Ebeam =   39.000000000000000      sumcs=   1772.8138659257679
