
  An isotopic target is assumed:
  At# Mass# % abundance % uncertainty
  30  64 Zn   48.630000  0.600000
  30  66 Zn   27.900000  0.270000
  30  67 Zn    4.100000  0.130000
  30  68 Zn   18.750000  0.510000
  30  70 Zn    0.620000  0.030000
  ldopt set internally =           1
 Kataria-Ramamurthy shell dependent ld

   0.0000000000000000        1.0000000000000000        30.000000000000000        70.000000000000000                1           0  ZP,AP,ZT,AT,ISOT,LEVNO
 
 
1neutrons on Zink                                                                
  Ebeam  Rx.cs used  Rx. cs algo fiss cs (mb) capture cs (mb)
   1.00  2.345E+03    0.00E+00    0.00E+00    1.45E+01
   2.00  2.150E+03    0.00E+00    0.00E+00    2.21E-02
   3.00  1.946E+03    0.00E+00    0.00E+00    4.77E-03
   4.00  1.855E+03    0.00E+00    0.00E+00    1.64E-03
   5.00  1.809E+03    0.00E+00    0.00E+00    8.39E-04
   6.00  1.777E+03    0.00E+00    0.00E+00    5.66E-04
   7.00  1.747E+03    0.00E+00    0.00E+00    3.76E-04
   8.00  1.716E+03    0.00E+00    0.00E+00    2.57E-04
   9.00  1.685E+03    0.00E+00    0.00E+00    1.95E-04
  10.00  1.660E+03    0.00E+00    0.00E+00    1.11E-04
  11.00  1.631E+03    0.00E+00    0.00E+00    9.46E-05
  12.00  1.605E+03    0.00E+00    0.00E+00    7.66E-05
  13.00  1.586E+03    0.00E+00    0.00E+00    7.19E-05
  14.00  1.573E+03    0.00E+00    0.00E+00    6.23E-05
  15.00  1.562E+03    0.00E+00    0.00E+00    4.96E-05
  16.00  1.551E+03    0.00E+00    0.00E+00    4.25E-05
  17.00  1.539E+03    0.00E+00    0.00E+00    3.51E-05
  18.00  1.527E+03    0.00E+00    0.00E+00    3.17E-05
  19.00  1.510E+03    0.00E+00    0.00E+00    2.50E-05
  20.00  1.492E+03    0.00E+00    0.00E+00    2.22E-05
  21.00  1.474E+03    0.00E+00    0.00E+00    1.96E-05
  22.00  1.458E+03    0.00E+00    0.00E+00    1.57E-05
  23.00  1.446E+03    0.00E+00    0.00E+00    1.42E-05
  24.00  1.434E+03    0.00E+00    0.00E+00    1.16E-05
  25.00  1.422E+03    0.00E+00    0.00E+00    1.02E-05
  26.00  1.410E+03    0.00E+00    0.00E+00    8.84E-06
  27.00  1.399E+03    0.00E+00    0.00E+00    7.93E-06
  28.00  1.389E+03    0.00E+00    0.00E+00    7.11E-06
  29.00  1.377E+03    0.00E+00    0.00E+00    5.73E-06
  30.00  1.366E+03    0.00E+00    0.00E+00    4.94E-06
  31.00  1.354E+03    0.00E+00    0.00E+00    4.48E-06
  32.00  1.343E+03    0.00E+00    0.00E+00    3.78E-06
  33.00  1.332E+03    0.00E+00    0.00E+00    3.30E-06
  34.00  1.323E+03    0.00E+00    0.00E+00    2.98E-06
  35.00  1.313E+03    0.00E+00    0.00E+00    2.52E-06
  36.00  1.304E+03    0.00E+00    0.00E+00    2.14E-06
  37.00  1.294E+03    0.00E+00    0.00E+00    1.90E-06
  38.00  1.285E+03    0.00E+00    0.00E+00    1.72E-06
  39.00  1.276E+03    0.00E+00    0.00E+00    1.33E-06
 Ebeam (MeV) Rx cs (mb) fiss cs (mb) capture cs (mb)

  Ebeam  Z   A   Total    grnd st  isomer1 isomer2  isomer1  isomer2  didl nolevs
  (MeV)           cs.      cs.      cs.     cs.     to total to total
  1.00  30  71 1.45E+01 0.00E+00 0.00E+00          0.00E+00            0   2
  2.00  30  71 2.21E-02 0.00E+00 0.00E+00          0.00E+00            0   2
  3.00  30  71 4.77E-03 0.00E+00 0.00E+00          0.00E+00            0   2
  4.00  30  71 1.64E-03 0.00E+00 0.00E+00          0.00E+00            0   2
  5.00  30  71 8.39E-04 0.00E+00 0.00E+00          0.00E+00            0   2
  6.00  30  71 5.66E-04 0.00E+00 0.00E+00          0.00E+00            0   2
  7.00  30  71 3.76E-04 0.00E+00 0.00E+00          0.00E+00            0   2
  8.00  30  71 2.57E-04 0.00E+00 0.00E+00          0.00E+00            0   2
  9.00  30  71 1.95E-04 0.00E+00 0.00E+00          0.00E+00            0   2
 10.00  30  71 1.11E-04 0.00E+00 0.00E+00          0.00E+00            0   2
 11.00  30  71 9.46E-05 0.00E+00 0.00E+00          0.00E+00            0   2
 12.00  30  71 7.66E-05 0.00E+00 0.00E+00          0.00E+00            0   2
 13.00  30  71 7.19E-05 0.00E+00 0.00E+00          0.00E+00            0   2
 14.00  30  71 6.23E-05 0.00E+00 0.00E+00          0.00E+00            0   2
 15.00  30  71 4.96E-05 0.00E+00 0.00E+00          0.00E+00            0   2
 16.00  30  71 4.25E-05 0.00E+00 0.00E+00          0.00E+00            0   2
 17.00  30  71 3.51E-05 0.00E+00 0.00E+00          0.00E+00            0   2
 18.00  30  71 3.17E-05 0.00E+00 0.00E+00          0.00E+00            0   2
 19.00  30  71 2.50E-05 0.00E+00 0.00E+00          0.00E+00            0   2
 20.00  30  71 2.22E-05 0.00E+00 0.00E+00          0.00E+00            0   2
 21.00  30  71 1.96E-05 0.00E+00 0.00E+00          0.00E+00            0   2
 22.00  30  71 1.57E-05 0.00E+00 0.00E+00          0.00E+00            0   2
 23.00  30  71 1.42E-05 0.00E+00 0.00E+00          0.00E+00            0   2
 24.00  30  71 1.16E-05 0.00E+00 0.00E+00          0.00E+00            0   2
 25.00  30  71 1.02E-05 0.00E+00 0.00E+00          0.00E+00            0   2
 26.00  30  71 8.84E-06 0.00E+00 0.00E+00          0.00E+00            0   2
 27.00  30  71 7.93E-06 0.00E+00 0.00E+00          0.00E+00            0   2
 28.00  30  71 7.11E-06 0.00E+00 0.00E+00          0.00E+00            0   2
 29.00  30  71 5.73E-06 0.00E+00 0.00E+00          0.00E+00            0   2
 30.00  30  71 4.94E-06 0.00E+00 0.00E+00          0.00E+00            0   2
 31.00  30  71 4.48E-06 0.00E+00 0.00E+00          0.00E+00            0   2
 32.00  30  71 3.78E-06 0.00E+00 0.00E+00          0.00E+00            0   2
 33.00  30  71 3.30E-06 0.00E+00 0.00E+00          0.00E+00            0   2
 34.00  30  71 2.98E-06 0.00E+00 0.00E+00          0.00E+00            0   2
 35.00  30  71 2.52E-06 0.00E+00 0.00E+00          0.00E+00            0   2
 36.00  30  71 2.14E-06 0.00E+00 0.00E+00          0.00E+00            0   2
 37.00  30  71 1.90E-06 0.00E+00 0.00E+00          0.00E+00            0   2
 38.00  30  71 1.72E-06 0.00E+00 0.00E+00          0.00E+00            0   2
 39.00  30  71 1.33E-06 0.00E+00 0.00E+00          0.00E+00            0   2
  2.00  30  70 1.32E+01                                                    1
  3.00  30  70 1.27E+01                                                    1
  4.00  30  70 1.26E+01                                                    1
  5.00  30  70 1.23E+01                                                    1
  6.00  30  70 1.19E+01                                                    1
  7.00  30  70 1.16E+01                                                    1
  8.00  30  70 1.13E+01                                                    1
  9.00  30  70 1.11E+01                                                    1
 10.00  30  70 1.09E+01                                                    1
 11.00  30  70 1.07E+01                                                    1
 12.00  30  70 8.05E+00                                                    1
 13.00  30  70 5.75E+00                                                    1
 14.00  30  70 3.95E+00                                                    1
 15.00  30  70 3.35E+00                                                    1
 16.00  30  70 2.54E+00                                                    1
 17.00  30  70 1.98E+00                                                    1
 18.00  30  70 1.27E+00                                                    1
 19.00  30  70 1.16E+00                                                    1
 20.00  30  70 1.33E+00                                                    1
 21.00  30  70 1.15E+00                                                    1
 22.00  30  70 6.33E-01                                                    1
 23.00  30  70 9.27E-01                                                    1
 24.00  30  70 7.64E-01                                                    1
 25.00  30  70 6.95E-01                                                    1
 26.00  30  70 6.29E-01                                                    1
 27.00  30  70 5.47E-01                                                    1
 28.00  30  70 5.57E-01                                                    1
 29.00  30  70 5.53E-01                                                    1
 30.00  30  70 4.59E-01                                                    1
 31.00  30  70 5.15E-01                                                    1
 32.00  30  70 5.26E-01                                                    1
 33.00  30  70 5.08E-01                                                    1
 34.00  30  70 4.32E-01                                                    1
 35.00  30  70 4.72E-01                                                    1
 36.00  30  70 3.98E-01                                                    1
 37.00  30  70 2.40E-01                                                    1
 38.00  30  70 3.09E-01                                                    1
 39.00  30  70 2.92E-01                                                    1
 11.00  30  69 6.98E-02 0.00E+00 0.00E+00          0.00E+00            0   2
 12.00  30  69 2.71E+00 0.00E+00 0.00E+00          0.00E+00            0   2
 13.00  30  69 4.88E+00 0.00E+00 0.00E+00          0.00E+00            0   2
 14.00  30  69 6.63E+00 0.00E+00 0.00E+00          0.00E+00            0   2
 15.00  30  69 7.05E+00 0.00E+00 0.00E+00          0.00E+00            0   2
 16.00  30  69 7.67E+00 0.00E+00 0.00E+00          0.00E+00            0   2
 17.00  30  69 8.00E+00 0.00E+00 0.00E+00          0.00E+00            0   2
 18.00  30  69 8.48E+00 0.00E+00 0.00E+00          0.00E+00            0   2
 19.00  30  69 8.20E+00 0.00E+00 0.00E+00          0.00E+00            0   2
 20.00  30  69 7.34E+00 0.00E+00 0.00E+00          0.00E+00            0   2
 21.00  30  69 6.42E+00 0.00E+00 0.00E+00          0.00E+00            0   2
 22.00  30  69 5.54E+00 0.00E+00 0.00E+00          0.00E+00            0   2
 23.00  30  69 4.15E+00 0.00E+00 0.00E+00          0.00E+00            0   2
 24.00  30  69 3.63E+00 0.00E+00 0.00E+00          0.00E+00            0   2
 25.00  30  69 2.95E+00 0.00E+00 0.00E+00          0.00E+00            0   2
 26.00  30  69 2.58E+00 0.00E+00 0.00E+00          0.00E+00            0   2
 27.00  30  69 2.26E+00 0.00E+00 0.00E+00          0.00E+00            0   2
 28.00  30  69 1.94E+00 0.00E+00 0.00E+00          0.00E+00            0   2
 29.00  30  69 1.73E+00 0.00E+00 0.00E+00          0.00E+00            0   2
 30.00  30  69 1.65E+00 0.00E+00 0.00E+00          0.00E+00            0   2
 31.00  30  69 1.26E+00 0.00E+00 0.00E+00          0.00E+00            0   2
 32.00  30  69 1.30E+00 0.00E+00 0.00E+00          0.00E+00            0   2
 33.00  30  69 1.18E+00 0.00E+00 0.00E+00          0.00E+00            0   2
 34.00  30  69 9.51E-01 0.00E+00 0.00E+00          0.00E+00            0   2
 35.00  30  69 1.17E+00 0.00E+00 0.00E+00          0.00E+00            0   2
 36.00  30  69 1.08E+00 0.00E+00 0.00E+00          0.00E+00            0   2
 37.00  30  69 1.02E+00 0.00E+00 0.00E+00          0.00E+00            0   2
 38.00  30  69 6.73E-01 0.00E+00 0.00E+00          0.00E+00            0   2
 39.00  30  69 1.09E+00 0.00E+00 0.00E+00          0.00E+00            0   2
  1.00  30  68 4.40E+02                                                    1
  2.00  30  68 3.99E+02                                                    1
  3.00  30  68 3.75E+02                                                    1
  4.00  30  68 3.69E+02                                                    1
  5.00  30  68 3.61E+02                                                    1
  6.00  30  68 3.53E+02                                                    1
  7.00  30  68 3.44E+02                                                    1
  8.00  30  68 3.35E+02                                                    1
  9.00  30  68 3.29E+02                                                    1
 10.00  30  68 3.22E+02                                                    1
 11.00  30  68 3.17E+02                                                    1
 12.00  30  68 2.73E+02                                                    1
 13.00  30  68 2.10E+02                                                    1
 14.00  30  68 1.54E+02                                                    1
 15.00  30  68 1.16E+02                                                    1
 16.00  30  68 8.89E+01                                                    1
 17.00  30  68 6.98E+01                                                    1
 18.00  30  68 5.74E+01                                                    1
 19.00  30  68 4.94E+01                                                    1
 20.00  30  68 4.20E+01                                                    1
 21.00  30  68 3.83E+01                                                    1
 22.00  30  68 3.64E+01                                                    1
 23.00  30  68 3.40E+01                                                    1
 24.00  30  68 3.11E+01                                                    1
 25.00  30  68 2.95E+01                                                    1
 26.00  30  68 2.85E+01                                                    1
 27.00  30  68 2.80E+01                                                    1
 28.00  30  68 2.56E+01                                                    1
 29.00  30  68 2.33E+01                                                    1
 30.00  30  68 2.26E+01                                                    1
 31.00  30  68 2.13E+01                                                    1
 32.00  30  68 2.02E+01                                                    1
 33.00  30  68 1.91E+01                                                    1
 34.00  30  68 1.80E+01                                                    1
 35.00  30  68 1.71E+01                                                    1
 36.00  30  68 1.59E+01                                                    1
 37.00  30  68 1.54E+01                                                    1
 38.00  30  68 1.39E+01                                                    1
 39.00  30  68 1.35E+01                                                    1
  1.00  30  67 9.64E+01                                                    1
  2.00  30  67 8.73E+01                                                    1
  3.00  30  67 8.08E+01                                                    1
  4.00  30  67 7.86E+01                                                    1
  5.00  30  67 7.68E+01                                                    1
  6.00  30  67 7.48E+01                                                    1
  7.00  30  67 7.28E+01                                                    1
  8.00  30  67 6.91E+01                                                    1
  9.00  30  67 5.17E+01                                                    1
 10.00  30  67 3.29E+01                                                    1
 11.00  30  67 2.15E+01                                                    1
 12.00  30  67 5.36E+01                                                    1
 13.00  30  67 1.10E+02                                                    1
 14.00  30  67 1.59E+02                                                    1
 15.00  30  67 1.91E+02                                                    1
 16.00  30  67 2.11E+02                                                    1
 17.00  30  67 2.22E+02                                                    1
 18.00  30  67 2.26E+02                                                    1
 19.00  30  67 2.27E+02                                                    1
 20.00  30  67 2.20E+02                                                    1
 21.00  30  67 2.00E+02                                                    1
 22.00  30  67 1.75E+02                                                    1
 23.00  30  67 1.50E+02                                                    1
 24.00  30  67 1.28E+02                                                    1
 25.00  30  67 1.08E+02                                                    1
 26.00  30  67 8.89E+01                                                    1
 27.00  30  67 7.67E+01                                                    1
 28.00  30  67 6.70E+01                                                    1
 29.00  30  67 5.93E+01                                                    1
 30.00  30  67 5.30E+01                                                    1
 31.00  30  67 4.84E+01                                                    1
 32.00  30  67 4.43E+01                                                    1
 33.00  30  67 4.06E+01                                                    1
 34.00  30  67 3.91E+01                                                    1
 35.00  30  67 3.63E+01                                                    1
 36.00  30  67 3.47E+01                                                    1
 37.00  30  67 3.34E+01                                                    1
 38.00  30  67 3.21E+01                                                    1
 39.00  30  67 3.07E+01                                                    1
  1.00  30  66 6.57E+02                                                    1
  2.00  30  66 5.96E+02                                                    1
  3.00  30  66 5.48E+02                                                    1
  4.00  30  66 5.32E+02                                                    1
  5.00  30  66 5.21E+02                                                    1
  6.00  30  66 5.10E+02                                                    1
  7.00  30  66 4.99E+02                                                    1
  8.00  30  66 4.87E+02                                                    1
  9.00  30  66 4.91E+02                                                    1
 10.00  30  66 4.96E+02                                                    1
 11.00  30  66 4.94E+02                                                    1
 12.00  30  66 4.49E+02                                                    1
 13.00  30  66 3.61E+02                                                    1
 14.00  30  66 2.81E+02                                                    1
 15.00  30  66 2.24E+02                                                    1
 16.00  30  66 1.85E+02                                                    1
 17.00  30  66 1.58E+02                                                    1
 18.00  30  66 1.38E+02                                                    1
 19.00  30  66 1.22E+02                                                    1
 20.00  30  66 1.21E+02                                                    1
 21.00  30  66 1.26E+02                                                    1
 22.00  30  66 1.37E+02                                                    1
 23.00  30  66 1.49E+02                                                    1
 24.00  30  66 1.59E+02                                                    1
 25.00  30  66 1.69E+02                                                    1
 26.00  30  66 1.78E+02                                                    1
 27.00  30  66 1.76E+02                                                    1
 28.00  30  66 1.79E+02                                                    1
 29.00  30  66 1.77E+02                                                    1
 30.00  30  66 1.76E+02                                                    1
 31.00  30  66 1.73E+02                                                    1
 32.00  30  66 1.71E+02                                                    1
 33.00  30  66 1.66E+02                                                    1
 34.00  30  66 1.57E+02                                                    1
 35.00  30  66 1.46E+02                                                    1
 36.00  30  66 1.39E+02                                                    1
 37.00  30  66 1.28E+02                                                    1
 38.00  30  66 1.19E+02                                                    1
 39.00  30  66 1.10E+02                                                    1
 10.00  30  65 3.38E-02                                                    1
 12.00  30  65 6.23E+00                                                    1
 13.00  30  65 6.25E+01                                                    1
 14.00  30  65 1.34E+02                                                    1
 15.00  30  65 1.86E+02                                                    1
 16.00  30  65 2.21E+02                                                    1
 17.00  30  65 2.40E+02                                                    1
 18.00  30  65 2.53E+02                                                    1
 19.00  30  65 2.59E+02                                                    1
 20.00  30  65 2.59E+02                                                    1
 21.00  30  65 2.57E+02                                                    1
 22.00  30  65 2.47E+02                                                    1
 23.00  30  65 2.31E+02                                                    1
 24.00  30  65 2.12E+02                                                    1
 25.00  30  65 1.89E+02                                                    1
 26.00  30  65 1.67E+02                                                    1
 27.00  30  65 1.48E+02                                                    1
 28.00  30  65 1.31E+02                                                    1
 29.00  30  65 1.20E+02                                                    1
 30.00  30  65 1.07E+02                                                    1
 31.00  30  65 9.79E+01                                                    1
 32.00  30  65 9.17E+01                                                    1
 33.00  30  65 8.63E+01                                                    1
 34.00  30  65 8.26E+01                                                    1
 35.00  30  65 7.98E+01                                                    1
 36.00  30  65 7.85E+01                                                    1
 37.00  30  65 7.91E+01                                                    1
 38.00  30  65 8.06E+01                                                    1
 39.00  30  65 8.21E+01                                                    1
  1.00  30  64 1.14E+03                                                    1
  2.00  30  64 1.05E+03                                                    1
  3.00  30  64 9.46E+02                                                    1
  4.00  30  64 8.99E+02                                                    1
  5.00  30  64 8.69E+02                                                    1
  6.00  30  64 8.41E+02                                                    1
  7.00  30  64 8.13E+02                                                    1
  8.00  30  64 7.84E+02                                                    1
  9.00  30  64 7.53E+02                                                    1
 10.00  30  64 7.26E+02                                                    1
 11.00  30  64 6.75E+02                                                    1
 12.00  30  64 5.25E+02                                                    1
 13.00  30  64 3.75E+02                                                    1
 14.00  30  64 2.77E+02                                                    1
 15.00  30  64 2.08E+02                                                    1
 16.00  30  64 1.60E+02                                                    1
 17.00  30  64 1.26E+02                                                    1
 18.00  30  64 1.05E+02                                                    1
 19.00  30  64 9.03E+01                                                    1
 20.00  30  64 7.95E+01                                                    1
 21.00  30  64 6.94E+01                                                    1
 22.00  30  64 7.16E+01                                                    1
 23.00  30  64 8.38E+01                                                    1
 24.00  30  64 1.01E+02                                                    1
 25.00  30  64 1.19E+02                                                    1
 26.00  30  64 1.35E+02                                                    1
 27.00  30  64 1.48E+02                                                    1
 28.00  30  64 1.56E+02                                                    1
 29.00  30  64 1.63E+02                                                    1
 30.00  30  64 1.68E+02                                                    1
 31.00  30  64 1.69E+02                                                    1
 32.00  30  64 1.73E+02                                                    1
 33.00  30  64 1.71E+02                                                    1
 34.00  30  64 1.69E+02                                                    1
 35.00  30  64 1.61E+02                                                    1
 36.00  30  64 1.56E+02                                                    1
 37.00  30  64 1.50E+02                                                    1
 38.00  30  64 1.41E+02                                                    1
 39.00  30  64 1.34E+02                                                    1
 13.00  30  63 2.08E+00                                                    1
 14.00  30  63 1.99E+01                                                    1
 15.00  30  63 4.76E+01                                                    1
 16.00  30  63 8.33E+01                                                    1
 17.00  30  63 1.18E+02                                                    1
 18.00  30  63 1.43E+02                                                    1
 19.00  30  63 1.64E+02                                                    1
 20.00  30  63 1.79E+02                                                    1
 21.00  30  63 1.89E+02                                                    1
 22.00  30  63 1.98E+02                                                    1
 23.00  30  63 1.98E+02                                                    1
 24.00  30  63 1.95E+02                                                    1
 25.00  30  63 1.84E+02                                                    1
 26.00  30  63 1.67E+02                                                    1
 27.00  30  63 1.51E+02                                                    1
 28.00  30  63 1.31E+02                                                    1
 29.00  30  63 1.16E+02                                                    1
 30.00  30  63 1.02E+02                                                    1
 31.00  30  63 8.81E+01                                                    1
 32.00  30  63 8.03E+01                                                    1
 33.00  30  63 7.21E+01                                                    1
 34.00  30  63 6.59E+01                                                    1
 35.00  30  63 6.05E+01                                                    1
 36.00  30  63 5.72E+01                                                    1
 37.00  30  63 5.54E+01                                                    1
 38.00  30  63 5.05E+01                                                    1
 39.00  30  63 5.06E+01                                                    1
 20.00  30  62 2.98E-02                                                    1
 21.00  30  62 8.85E-02                                                    1
 22.00  30  62 2.04E-01                                                    1
 23.00  30  62 2.02E+00                                                    1
 24.00  30  62 9.55E+00                                                    1
 25.00  30  62 2.15E+01                                                    1
 26.00  30  62 3.85E+01                                                    1
 27.00  30  62 5.48E+01                                                    1
 28.00  30  62 6.83E+01                                                    1
 29.00  30  62 8.03E+01                                                    1
 30.00  30  62 8.90E+01                                                    1
 31.00  30  62 9.53E+01                                                    1
 32.00  30  62 1.01E+02                                                    1
 33.00  30  62 1.02E+02                                                    1
 34.00  30  62 1.04E+02                                                    1
 35.00  30  62 1.03E+02                                                    1
 36.00  30  62 9.81E+01                                                    1
 37.00  30  62 9.66E+01                                                    1
 38.00  30  62 9.00E+01                                                    1
 39.00  30  62 8.60E+01                                                    1
 38.00  30  61 2.57E-02                                                    1
 39.00  30  61 5.10E-02                                                    1
 13.00  29  70 5.18E-02 0.00E+00 0.00E+00          0.00E+00            0   2
 14.00  29  70 1.71E-02 0.00E+00 0.00E+00          0.00E+00            0   2
 15.00  29  70 6.78E-02 0.00E+00 0.00E+00          0.00E+00            0   2
 16.00  29  70 5.02E-02 0.00E+00 0.00E+00          0.00E+00            0   2
 17.00  29  70 9.92E-02 0.00E+00 0.00E+00          0.00E+00            0   2
 18.00  29  70 1.31E-01 0.00E+00 0.00E+00          0.00E+00            0   2
 19.00  29  70 1.78E-01 0.00E+00 0.00E+00          0.00E+00            0   2
 20.00  29  70 1.12E-01 0.00E+00 0.00E+00          0.00E+00            0   2
 21.00  29  70 7.97E-02 0.00E+00 0.00E+00          0.00E+00            0   2
 22.00  29  70 1.11E-01 0.00E+00 0.00E+00          0.00E+00            0   2
 23.00  29  70 4.71E-02 0.00E+00 0.00E+00          0.00E+00            0   2
 24.00  29  70 1.71E-01 0.00E+00 0.00E+00          0.00E+00            0   2
 25.00  29  70 1.08E-01 0.00E+00 0.00E+00          0.00E+00            0   2
 26.00  29  70 1.38E-01 0.00E+00 0.00E+00          0.00E+00            0   2
 27.00  29  70 6.08E-02 0.00E+00 0.00E+00          0.00E+00            0   2
 28.00  29  70 1.20E-01 0.00E+00 0.00E+00          0.00E+00            0   2
 29.00  29  70 1.19E-01 0.00E+00 0.00E+00          0.00E+00            0   2
 30.00  29  70 5.93E-02 0.00E+00 0.00E+00          0.00E+00            0   2
 31.00  29  70 7.35E-02 0.00E+00 0.00E+00          0.00E+00            0   2
 32.00  29  70 4.39E-02 0.00E+00 0.00E+00          0.00E+00            0   2
 34.00  29  70 5.77E-02 0.00E+00 0.00E+00          0.00E+00            0   2
 35.00  29  70 5.72E-02 0.00E+00 0.00E+00          0.00E+00            0   2
 36.00  29  70 8.52E-02 0.00E+00 0.00E+00          0.00E+00            0   2
 37.00  29  70 9.87E-02 0.00E+00 0.00E+00          0.00E+00            0   2
 38.00  29  70 1.12E-01 0.00E+00 0.00E+00          0.00E+00            0   2
 39.00  29  70 8.36E-02 0.00E+00 0.00E+00          0.00E+00            0   2
 17.00  29  69 8.27E-02                                                    1
 18.00  29  69 8.17E-02                                                    1
 19.00  29  69 9.70E-02                                                    1
 20.00  29  69 1.76E-01                                                    1
 21.00  29  69 1.43E-01                                                    1
 22.00  29  69 2.37E-01                                                    1
 23.00  29  69 3.77E-01                                                    1
 24.00  29  69 3.27E-01                                                    1
 25.00  29  69 5.41E-01                                                    1
 26.00  29  69 5.21E-01                                                    1
 27.00  29  69 5.93E-01                                                    1
 28.00  29  69 6.18E-01                                                    1
 29.00  29  69 6.12E-01                                                    1
 30.00  29  69 5.63E-01                                                    1
 31.00  29  69 6.47E-01                                                    1
 32.00  29  69 7.02E-01                                                    1
 33.00  29  69 5.23E-01                                                    1
 34.00  29  69 5.05E-01                                                    1
 35.00  29  69 4.44E-01                                                    1
 36.00  29  69 5.83E-01                                                    1
 37.00  29  69 4.94E-01                                                    1
 38.00  29  69 5.89E-01                                                    1
 39.00  29  69 4.74E-01                                                    1
  7.00  29  68 1.83E-02 0.00E+00 0.00E+00          0.00E+00            0   2
  8.00  29  68 8.94E-02 0.00E+00 0.00E+00          0.00E+00            0   2
  9.00  29  68 2.28E-01 0.00E+00 0.00E+00          0.00E+00            0   2
 10.00  29  68 5.52E-01 0.00E+00 0.00E+00          0.00E+00            0   2
 11.00  29  68 1.00E+00 0.00E+00 0.00E+00          0.00E+00            0   2
 12.00  29  68 2.18E+00 0.00E+00 0.00E+00          0.00E+00            0   2
 13.00  29  68 2.92E+00 0.00E+00 0.00E+00          0.00E+00            0   2
 14.00  29  68 3.97E+00 0.00E+00 0.00E+00          0.00E+00            0   2
 15.00  29  68 5.21E+00 0.00E+00 0.00E+00          0.00E+00            0   2
 16.00  29  68 5.83E+00 0.00E+00 0.00E+00          0.00E+00            0   2
 17.00  29  68 6.58E+00 0.00E+00 0.00E+00          0.00E+00            0   2
 18.00  29  68 6.20E+00 0.00E+00 0.00E+00          0.00E+00            0   2
 19.00  29  68 5.55E+00 0.00E+00 0.00E+00          0.00E+00            0   2
 20.00  29  68 5.73E+00 0.00E+00 0.00E+00          0.00E+00            0   2
 21.00  29  68 5.01E+00 0.00E+00 0.00E+00          0.00E+00            0   2
 22.00  29  68 4.87E+00 0.00E+00 0.00E+00          0.00E+00            0   2
 23.00  29  68 4.33E+00 0.00E+00 0.00E+00          0.00E+00            0   2
 24.00  29  68 4.51E+00 0.00E+00 0.00E+00          0.00E+00            0   2
 25.00  29  68 3.78E+00 0.00E+00 0.00E+00          0.00E+00            0   2
 26.00  29  68 3.94E+00 0.00E+00 0.00E+00          0.00E+00            0   2
 27.00  29  68 3.81E+00 0.00E+00 0.00E+00          0.00E+00            0   2
 28.00  29  68 3.76E+00 0.00E+00 0.00E+00          0.00E+00            0   2
 29.00  29  68 3.02E+00 0.00E+00 0.00E+00          0.00E+00            0   2
 30.00  29  68 3.14E+00 0.00E+00 0.00E+00          0.00E+00            0   2
 31.00  29  68 2.93E+00 0.00E+00 0.00E+00          0.00E+00            0   2
 32.00  29  68 3.12E+00 0.00E+00 0.00E+00          0.00E+00            0   2
 33.00  29  68 2.62E+00 0.00E+00 0.00E+00          0.00E+00            0   2
 34.00  29  68 2.93E+00 0.00E+00 0.00E+00          0.00E+00            0   2
 35.00  29  68 2.68E+00 0.00E+00 0.00E+00          0.00E+00            0   2
 36.00  29  68 2.88E+00 0.00E+00 0.00E+00          0.00E+00            0   2
 37.00  29  68 2.99E+00 0.00E+00 0.00E+00          0.00E+00            0   2
 38.00  29  68 2.49E+00 0.00E+00 0.00E+00          0.00E+00            0   2
 39.00  29  68 2.56E+00 0.00E+00 0.00E+00          0.00E+00            0   2
  4.00  29  67 9.68E-02                                                    1
  5.00  29  67 2.28E-01                                                    1
  6.00  29  67 2.42E-01                                                    1
  7.00  29  67 4.53E-01                                                    1
  8.00  29  67 9.57E-01                                                    1
  9.00  29  67 9.03E-01                                                    1
 10.00  29  67 1.45E+00                                                    1
 11.00  29  67 1.75E+00                                                    1
 12.00  29  67 2.00E+00                                                    1
 13.00  29  67 2.57E+00                                                    1
 14.00  29  67 3.11E+00                                                    1
 15.00  29  67 3.06E+00                                                    1
 16.00  29  67 3.71E+00                                                    1
 17.00  29  67 5.94E+00                                                    1
 18.00  29  67 8.20E+00                                                    1
 19.00  29  67 9.47E+00                                                    1
 20.00  29  67 1.24E+01                                                    1
 21.00  29  67 1.54E+01                                                    1
 22.00  29  67 1.79E+01                                                    1
 23.00  29  67 2.03E+01                                                    1
 24.00  29  67 2.18E+01                                                    1
 25.00  29  67 2.31E+01                                                    1
 26.00  29  67 2.51E+01                                                    1
 27.00  29  67 2.65E+01                                                    1
 28.00  29  67 2.61E+01                                                    1
 29.00  29  67 2.66E+01                                                    1
 30.00  29  67 2.65E+01                                                    1
 31.00  29  67 2.44E+01                                                    1
 32.00  29  67 2.40E+01                                                    1
 33.00  29  67 2.38E+01                                                    1
 34.00  29  67 2.17E+01                                                    1
 35.00  29  67 2.17E+01                                                    1
 36.00  29  67 1.99E+01                                                    1
 37.00  29  67 1.97E+01                                                    1
 38.00  29  67 1.88E+01                                                    1
 39.00  29  67 1.87E+01                                                    1
  5.00  29  66 1.87E-02                                                    1
  6.00  29  66 1.46E-01                                                    1
  7.00  29  66 6.64E-01                                                    1
  8.00  29  66 1.93E+00                                                    1
  9.00  29  66 3.32E+00                                                    1
 10.00  29  66 5.23E+00                                                    1
 11.00  29  66 8.80E+00                                                    1
 12.00  29  66 1.08E+01                                                    1
 13.00  29  66 1.30E+01                                                    1
 14.00  29  66 1.60E+01                                                    1
 15.00  29  66 1.73E+01                                                    1
 16.00  29  66 1.60E+01                                                    1
 17.00  29  66 1.52E+01                                                    1
 18.00  29  66 1.46E+01                                                    1
 19.00  29  66 1.45E+01                                                    1
 20.00  29  66 1.39E+01                                                    1
 21.00  29  66 1.40E+01                                                    1
 22.00  29  66 1.37E+01                                                    1
 23.00  29  66 1.35E+01                                                    1
 24.00  29  66 1.29E+01                                                    1
 25.00  29  66 1.30E+01                                                    1
 26.00  29  66 1.29E+01                                                    1
 27.00  29  66 1.40E+01                                                    1
 28.00  29  66 1.54E+01                                                    1
 29.00  29  66 1.75E+01                                                    1
 30.00  29  66 1.93E+01                                                    1
 31.00  29  66 2.28E+01                                                    1
 32.00  29  66 2.40E+01                                                    1
 33.00  29  66 2.59E+01                                                    1
 34.00  29  66 2.83E+01                                                    1
 35.00  29  66 3.10E+01                                                    1
 36.00  29  66 3.21E+01                                                    1
 37.00  29  66 3.27E+01                                                    1
 38.00  29  66 3.17E+01                                                    1
 39.00  29  66 3.19E+01                                                    1
 12.00  29  65 7.23E-01                                                    1
 13.00  29  65 2.41E+00                                                    1
 14.00  29  65 6.19E+00                                                    1
 15.00  29  65 1.23E+01                                                    1
 16.00  29  65 1.92E+01                                                    1
 17.00  29  65 2.65E+01                                                    1
 18.00  29  65 3.36E+01                                                    1
 19.00  29  65 4.09E+01                                                    1
 20.00  29  65 4.69E+01                                                    1
 21.00  29  65 5.23E+01                                                    1
 22.00  29  65 5.85E+01                                                    1
 23.00  29  65 6.32E+01                                                    1
 24.00  29  65 6.68E+01                                                    1
 25.00  29  65 7.00E+01                                                    1
 26.00  29  65 7.23E+01                                                    1
 27.00  29  65 7.25E+01                                                    1
 28.00  29  65 7.02E+01                                                    1
 29.00  29  65 6.68E+01                                                    1
 30.00  29  65 6.35E+01                                                    1
 31.00  29  65 6.15E+01                                                    1
 32.00  29  65 5.73E+01                                                    1
 33.00  29  65 5.44E+01                                                    1
 34.00  29  65 5.39E+01                                                    1
 35.00  29  65 5.32E+01                                                    1
 36.00  29  65 5.15E+01                                                    1
 37.00  29  65 5.36E+01                                                    1
 38.00  29  65 5.32E+01                                                    1
 39.00  29  65 5.57E+01                                                    1
  3.00  29  64 4.09E-01                                                    1
  4.00  29  64 1.82E+00                                                    1
  5.00  29  64 6.42E+00                                                    1
  6.00  29  64 1.44E+01                                                    1
  7.00  29  64 2.09E+01                                                    1
  8.00  29  64 3.19E+01                                                    1
  9.00  29  64 4.22E+01                                                    1
 10.00  29  64 5.34E+01                                                    1
 11.00  29  64 6.07E+01                                                    1
 12.00  29  64 6.94E+01                                                    1
 13.00  29  64 7.09E+01                                                    1
 14.00  29  64 6.04E+01                                                    1
 15.00  29  64 5.35E+01                                                    1
 16.00  29  64 4.61E+01                                                    1
 17.00  29  64 3.86E+01                                                    1
 18.00  29  64 3.30E+01                                                    1
 19.00  29  64 2.97E+01                                                    1
 20.00  29  64 2.52E+01                                                    1
 21.00  29  64 2.34E+01                                                    1
 22.00  29  64 2.14E+01                                                    1
 23.00  29  64 2.02E+01                                                    1
 24.00  29  64 2.01E+01                                                    1
 25.00  29  64 2.05E+01                                                    1
 26.00  29  64 2.20E+01                                                    1
 27.00  29  64 2.53E+01                                                    1
 28.00  29  64 3.10E+01                                                    1
 29.00  29  64 3.82E+01                                                    1
 30.00  29  64 4.17E+01                                                    1
 31.00  29  64 4.96E+01                                                    1
 32.00  29  64 5.50E+01                                                    1
 33.00  29  64 6.06E+01                                                    1
 34.00  29  64 6.31E+01                                                    1
 35.00  29  64 6.72E+01                                                    1
 36.00  29  64 6.83E+01                                                    1
 37.00  29  64 6.89E+01                                                    1
 38.00  29  64 6.99E+01                                                    1
 39.00  29  64 6.87E+01                                                    1
 10.00  29  63 4.98E-02                                                    1
 11.00  29  63 1.28E+01                                                    1
 12.00  29  63 7.52E+01                                                    1
 13.00  29  63 1.53E+02                                                    1
 14.00  29  63 2.04E+02                                                    1
 15.00  29  63 2.40E+02                                                    1
 16.00  29  63 2.60E+02                                                    1
 17.00  29  63 2.71E+02                                                    1
 18.00  29  63 2.77E+02                                                    1
 19.00  29  63 2.80E+02                                                    1
 20.00  29  63 2.78E+02                                                    1
 21.00  29  63 2.78E+02                                                    1
 22.00  29  63 2.70E+02                                                    1
 23.00  29  63 2.65E+02                                                    1
 24.00  29  63 2.45E+02                                                    1
 25.00  29  63 2.27E+02                                                    1
 26.00  29  63 2.05E+02                                                    1
 27.00  29  63 1.85E+02                                                    1
 28.00  29  63 1.68E+02                                                    1
 29.00  29  63 1.50E+02                                                    1
 30.00  29  63 1.37E+02                                                    1
 31.00  29  63 1.26E+02                                                    1
 32.00  29  63 1.13E+02                                                    1
 33.00  29  63 1.07E+02                                                    1
 34.00  29  63 1.02E+02                                                    1
 35.00  29  63 9.84E+01                                                    1
 36.00  29  63 9.85E+01                                                    1
 37.00  29  63 9.96E+01                                                    1
 38.00  29  63 1.04E+02                                                    1
 39.00  29  63 1.07E+02                                                    1
 16.00  29  62 3.10E-02                                                    1
 18.00  29  62 7.63E-02                                                    1
 19.00  29  62 1.06E-01                                                    1
 20.00  29  62 2.24E-01                                                    1
 21.00  29  62 3.10E-01                                                    1
 22.00  29  62 3.65E-01                                                    1
 23.00  29  62 7.67E-01                                                    1
 24.00  29  62 1.79E+00                                                    1
 25.00  29  62 4.34E+00                                                    1
 26.00  29  62 9.43E+00                                                    1
 27.00  29  62 1.67E+01                                                    1
 28.00  29  62 2.56E+01                                                    1
 29.00  29  62 3.61E+01                                                    1
 30.00  29  62 4.72E+01                                                    1
 31.00  29  62 6.07E+01                                                    1
 32.00  29  62 7.29E+01                                                    1
 33.00  29  62 8.41E+01                                                    1
 34.00  29  62 9.54E+01                                                    1
 35.00  29  62 1.01E+02                                                    1
 36.00  29  62 1.07E+02                                                    1
 37.00  29  62 1.07E+02                                                    1
 38.00  29  62 1.09E+02                                                    1
 39.00  29  62 1.04E+02                                                    1
 24.00  29  61 1.43E-02                                                    1
 25.00  29  61 1.42E-02                                                    1
 26.00  29  61 5.64E-02                                                    1
 27.00  29  61 1.40E-01                                                    1
 28.00  29  61 3.06E-01                                                    1
 29.00  29  61 3.58E-01                                                    1
 30.00  29  61 4.10E-01                                                    1
 31.00  29  61 4.74E-01                                                    1
 32.00  29  61 7.38E-01                                                    1
 33.00  29  61 1.34E+00                                                    1
 34.00  29  61 2.09E+00                                                    1
 35.00  29  61 4.56E+00                                                    1
 36.00  29  61 8.63E+00                                                    1
 37.00  29  61 1.41E+01                                                    1
 38.00  29  61 2.35E+01                                                    1
 39.00  29  61 3.09E+01                                                    1
 28.00  28  69 1.51E-02                                                    1
 26.00  28  68 3.07E-02                                                    1
 32.00  28  68 1.46E-02                                                    1
 34.00  28  68 1.44E-02                                                    1
 35.00  28  68 1.43E-02                                                    1
 38.00  28  68 1.40E-02                                                    1
 39.00  28  68 1.39E-02                                                    1
 11.00  28  67 3.49E-02                                                    1
 13.00  28  67 1.73E-02                                                    1
 15.00  28  67 3.39E-02                                                    1
 16.00  28  67 6.70E-02                                                    1
 17.00  28  67 1.65E-02                                                    1
 18.00  28  67 3.27E-02                                                    1
 22.00  28  67 1.58E-02                                                    1
 23.00  28  67 3.10E-02                                                    1
 24.00  28  67 1.52E-02                                                    1
 25.00  28  67 6.02E-02                                                    1
 26.00  28  67 1.49E-02                                                    1
 27.00  28  67 4.45E-02                                                    1
 28.00  28  67 7.34E-02                                                    1
 29.00  28  67 8.74E-02                                                    1
 30.00  28  67 1.30E-01                                                    1
 31.00  28  67 2.44E-01                                                    1
 32.00  28  67 7.11E-02                                                    1
 33.00  28  67 7.07E-02                                                    1
 34.00  28  67 1.40E-01                                                    1
 35.00  28  67 9.79E-02                                                    1
 36.00  28  67 6.92E-02                                                    1
 37.00  28  67 8.24E-02                                                    1
 38.00  28  67 8.22E-02                                                    1
 39.00  28  67 9.56E-02                                                    1
 14.00  28  66 1.71E-02                                                    1
 16.00  28  66 5.02E-02                                                    1
 17.00  28  66 6.61E-02                                                    1
 18.00  28  66 1.14E-01                                                    1
 19.00  28  66 8.08E-02                                                    1
 20.00  28  66 1.59E-01                                                    1
 21.00  28  66 2.39E-01                                                    1
 22.00  28  66 1.58E-01                                                    1
 23.00  28  66 3.92E-01                                                    1
 24.00  28  66 4.17E-01                                                    1
 25.00  28  66 4.45E-01                                                    1
 26.00  28  66 5.92E-01                                                    1
 27.00  28  66 4.36E-01                                                    1
 28.00  28  66 4.63E-01                                                    1
 29.00  28  66 7.98E-01                                                    1
 30.00  28  66 4.96E-01                                                    1
 31.00  28  66 5.34E-01                                                    1
 32.00  28  66 6.14E-01                                                    1
 33.00  28  66 8.79E-01                                                    1
 34.00  28  66 9.85E-01                                                    1
 35.00  28  66 1.02E+00                                                    1
 36.00  28  66 1.26E+00                                                    1
 37.00  28  66 1.29E+00                                                    1
 38.00  28  66 1.39E+00                                                    1
 39.00  28  66 1.38E+00                                                    1
  7.00  28  65 1.83E-02                                                    1
  8.00  28  65 3.58E-02                                                    1
  9.00  28  65 2.11E-01                                                    1
 10.00  28  65 4.66E-01                                                    1
 11.00  28  65 1.02E+00                                                    1
 12.00  28  65 1.37E+00                                                    1
 13.00  28  65 1.24E+00                                                    1
 14.00  28  65 1.90E+00                                                    1
 15.00  28  65 1.97E+00                                                    1
 16.00  28  65 1.72E+00                                                    1
 17.00  28  65 1.23E+00                                                    1
 18.00  28  65 8.80E-01                                                    1
 19.00  28  65 7.43E-01                                                    1
 20.00  28  65 4.23E-01                                                    1
 21.00  28  65 5.73E-01                                                    1
 22.00  28  65 1.99E-01                                                    1
 23.00  28  65 3.94E-01                                                    1
 24.00  28  65 3.43E-01                                                    1
 25.00  28  65 2.23E-01                                                    1
 26.00  28  65 6.75E-01                                                    1
 27.00  28  65 5.67E-01                                                    1
 28.00  28  65 6.07E-01                                                    1
 29.00  28  65 7.52E-01                                                    1
 30.00  28  65 7.00E-01                                                    1
 31.00  28  65 9.32E-01                                                    1
 32.00  28  65 8.67E-01                                                    1
 33.00  28  65 1.09E+00                                                    1
 34.00  28  65 1.18E+00                                                    1
 35.00  28  65 1.12E+00                                                    1
 36.00  28  65 1.07E+00                                                    1
 37.00  28  65 1.16E+00                                                    1
 38.00  28  65 1.37E+00                                                    1
 39.00  28  65 1.17E+00                                                    1
  2.00  28  64 2.13E-02                                                    1
  3.00  28  64 3.17E-01                                                    1
  4.00  28  64 6.00E-01                                                    1
  5.00  28  64 7.97E-01                                                    1
  6.00  28  64 1.19E+00                                                    1
  7.00  28  64 1.14E+00                                                    1
  8.00  28  64 1.42E+00                                                    1
  9.00  28  64 1.29E+00                                                    1
 10.00  28  64 1.43E+00                                                    1
 11.00  28  64 1.63E+00                                                    1
 12.00  28  64 1.28E+00                                                    1
 13.00  28  64 1.29E+00                                                    1
 14.00  28  64 1.82E+00                                                    1
 15.00  28  64 2.34E+00                                                    1
 16.00  28  64 3.84E+00                                                    1
 17.00  28  64 5.89E+00                                                    1
 18.00  28  64 6.94E+00                                                    1
 19.00  28  64 9.23E+00                                                    1
 20.00  28  64 9.39E+00                                                    1
 21.00  28  64 1.19E+01                                                    1
 22.00  28  64 1.34E+01                                                    1
 23.00  28  64 1.50E+01                                                    1
 24.00  28  64 1.67E+01                                                    1
 25.00  28  64 1.69E+01                                                    1
 26.00  28  64 1.67E+01                                                    1
 27.00  28  64 1.72E+01                                                    1
 28.00  28  64 1.74E+01                                                    1
 29.00  28  64 1.59E+01                                                    1
 30.00  28  64 1.63E+01                                                    1
 31.00  28  64 1.42E+01                                                    1
 32.00  28  64 1.39E+01                                                    1
 33.00  28  64 1.22E+01                                                    1
 34.00  28  64 1.18E+01                                                    1
 35.00  28  64 1.18E+01                                                    1
 36.00  28  64 1.20E+01                                                    1
 37.00  28  64 1.09E+01                                                    1
 38.00  28  64 1.19E+01                                                    1
 39.00  28  64 1.17E+01                                                    1
  5.00  28  63 9.34E-02                                                    1
  6.00  28  63 1.65E-01                                                    1
  7.00  28  63 8.25E-01                                                    1
  8.00  28  63 1.93E+00                                                    1
  9.00  28  63 2.68E+00                                                    1
 10.00  28  63 4.46E+00                                                    1
 11.00  28  63 5.43E+00                                                    1
 12.00  28  63 6.28E+00                                                    1
 13.00  28  63 8.00E+00                                                    1
 14.00  28  63 7.02E+00                                                    1
 15.00  28  63 6.96E+00                                                    1
 16.00  28  63 5.43E+00                                                    1
 17.00  28  63 5.15E+00                                                    1
 18.00  28  63 4.29E+00                                                    1
 19.00  28  63 4.26E+00                                                    1
 20.00  28  63 4.67E+00                                                    1
 21.00  28  63 6.21E+00                                                    1
 22.00  28  63 6.83E+00                                                    1
 23.00  28  63 6.76E+00                                                    1
 24.00  28  63 7.93E+00                                                    1
 25.00  28  63 8.36E+00                                                    1
 26.00  28  63 9.46E+00                                                    1
 27.00  28  63 1.09E+01                                                    1
 28.00  28  63 1.18E+01                                                    1
 29.00  28  63 1.46E+01                                                    1
 30.00  28  63 1.59E+01                                                    1
 31.00  28  63 1.93E+01                                                    1
 32.00  28  63 2.09E+01                                                    1
 33.00  28  63 2.30E+01                                                    1
 34.00  28  63 2.33E+01                                                    1
 35.00  28  63 2.58E+01                                                    1
 36.00  28  63 2.39E+01                                                    1
 37.00  28  63 2.37E+01                                                    1
 38.00  28  63 2.40E+01                                                    1
 39.00  28  63 2.15E+01                                                    1
 12.00  28  62 3.62E+01                                                    1
 13.00  28  62 6.35E+01                                                    1
 14.00  28  62 6.46E+01                                                    1
 15.00  28  62 6.13E+01                                                    1
 16.00  28  62 5.85E+01                                                    1
 17.00  28  62 5.64E+01                                                    1
 18.00  28  62 5.34E+01                                                    1
 19.00  28  62 5.30E+01                                                    1
 20.00  28  62 5.18E+01                                                    1
 21.00  28  62 5.53E+01                                                    1
 22.00  28  62 6.35E+01                                                    1
 23.00  28  62 7.40E+01                                                    1
 24.00  28  62 9.20E+01                                                    1
 25.00  28  62 1.11E+02                                                    1
 26.00  28  62 1.28E+02                                                    1
 27.00  28  62 1.41E+02                                                    1
 28.00  28  62 1.55E+02                                                    1
 29.00  28  62 1.59E+02                                                    1
 30.00  28  62 1.59E+02                                                    1
 31.00  28  62 1.59E+02                                                    1
 32.00  28  62 1.53E+02                                                    1
 33.00  28  62 1.49E+02                                                    1
 34.00  28  62 1.48E+02                                                    1
 35.00  28  62 1.44E+02                                                    1
 36.00  28  62 1.43E+02                                                    1
 37.00  28  62 1.41E+02                                                    1
 38.00  28  62 1.40E+02                                                    1
 39.00  28  62 1.34E+02                                                    1
  3.00  28  61 2.92E-01                                                    1
  4.00  28  61 1.73E+00                                                    1
  5.00  28  61 4.11E+00                                                    1
  6.00  28  61 8.60E+00                                                    1
  7.00  28  61 1.57E+01                                                    1
  8.00  28  61 1.89E+01                                                    1
  9.00  28  61 2.40E+01                                                    1
 10.00  28  61 2.73E+01                                                    1
 11.00  28  61 2.76E+01                                                    1
 12.00  28  61 2.91E+01                                                    1
 13.00  28  61 2.95E+01                                                    1
 14.00  28  61 2.52E+01                                                    1
 15.00  28  61 1.87E+01                                                    1
 16.00  28  61 1.40E+01                                                    1
 17.00  28  61 7.88E+00                                                    1
 18.00  28  61 6.44E+00                                                    1
 19.00  28  61 4.33E+00                                                    1
 20.00  28  61 3.03E+00                                                    1
 21.00  28  61 2.26E+00                                                    1
 22.00  28  61 1.63E+00                                                    1
 23.00  28  61 9.84E-01                                                    1
 24.00  28  61 1.11E+00                                                    1
 25.00  28  61 1.65E+00                                                    1
 26.00  28  61 2.61E+00                                                    1
 27.00  28  61 6.19E+00                                                    1
 28.00  28  61 1.04E+01                                                    1
 29.00  28  61 1.44E+01                                                    1
 30.00  28  61 1.93E+01                                                    1
 31.00  28  61 2.43E+01                                                    1
 32.00  28  61 2.68E+01                                                    1
 33.00  28  61 3.08E+01                                                    1
 34.00  28  61 3.53E+01                                                    1
 35.00  28  61 3.98E+01                                                    1
 36.00  28  61 4.25E+01                                                    1
 37.00  28  61 4.50E+01                                                    1
 38.00  28  61 4.69E+01                                                    1
 39.00  28  61 5.03E+01                                                    1
 11.00  28  60 1.67E+01                                                    1
 12.00  28  60 8.17E+01                                                    1
 13.00  28  60 1.41E+02                                                    1
 14.00  28  60 1.78E+02                                                    1
 15.00  28  60 1.91E+02                                                    1
 16.00  28  60 1.91E+02                                                    1
 17.00  28  60 1.87E+02                                                    1
 18.00  28  60 1.76E+02                                                    1
 19.00  28  60 1.64E+02                                                    1
 20.00  28  60 1.58E+02                                                    1
 21.00  28  60 1.50E+02                                                    1
 22.00  28  60 1.42E+02                                                    1
 23.00  28  60 1.37E+02                                                    1
 24.00  28  60 1.30E+02                                                    1
 25.00  28  60 1.23E+02                                                    1
 26.00  28  60 1.16E+02                                                    1
 27.00  28  60 1.08E+02                                                    1
 28.00  28  60 9.75E+01                                                    1
 29.00  28  60 8.79E+01                                                    1
 30.00  28  60 7.78E+01                                                    1
 31.00  28  60 6.60E+01                                                    1
 32.00  28  60 6.02E+01                                                    1
 33.00  28  60 5.40E+01                                                    1
 34.00  28  60 4.74E+01                                                    1
 35.00  28  60 4.53E+01                                                    1
 36.00  28  60 4.48E+01                                                    1
 37.00  28  60 4.50E+01                                                    1
 38.00  28  60 4.34E+01                                                    1
 39.00  28  60 4.70E+01                                                    1
 23.00  28  59 2.89E-02                                                    1
 24.00  28  59 2.01E-01                                                    1
 25.00  28  59 1.31E+00                                                    1
 26.00  28  59 3.53E+00                                                    1
 27.00  28  59 7.72E+00                                                    1
 28.00  28  59 1.42E+01                                                    1
 29.00  28  59 2.01E+01                                                    1
 30.00  28  59 2.76E+01                                                    1
 31.00  28  59 3.30E+01                                                    1
 32.00  28  59 3.76E+01                                                    1
 33.00  28  59 4.12E+01                                                    1
 34.00  28  59 4.21E+01                                                    1
 35.00  28  59 4.55E+01                                                    1
 36.00  28  59 4.46E+01                                                    1
 37.00  28  59 4.43E+01                                                    1
 38.00  28  59 4.34E+01                                                    1
 39.00  28  59 4.15E+01                                                    1
 32.00  28  58 1.34E-02                                                    1
 33.00  28  58 2.66E-02                                                    1
 34.00  28  58 7.94E-02                                                    1
 35.00  28  58 2.76E-01                                                    1
 36.00  28  58 8.08E-01                                                    1
 37.00  28  58 1.55E+00                                                    1
 38.00  28  58 3.23E+00                                                    1
 39.00  28  58 4.63E+00                                                    1
 28.00  27  64 2.94E-02                                                    1
 29.00  27  64 1.46E-02                                                    1
 30.00  27  64 2.89E-02                                                    1
 31.00  27  64 4.30E-02                                                    1
 32.00  27  64 8.54E-02                                                    1
 33.00  27  64 9.89E-02                                                    1
 34.00  27  64 2.10E-01                                                    1
 35.00  27  64 1.25E-01                                                    1
 36.00  27  64 1.11E-01                                                    1
 37.00  27  64 9.61E-02                                                    1
 38.00  27  64 1.64E-01                                                    1
 39.00  27  64 1.08E-01                                                    1
 26.00  27  63 1.47E-02                                                    1
 27.00  27  63 1.46E-02                                                    1
 30.00  27  63 2.85E-02                                                    1
 31.00  27  63 2.83E-02                                                    1
 32.00  27  63 2.82E-02                                                    1
 33.00  27  63 1.27E-01                                                    1
 34.00  27  63 2.24E-01                                                    1
 35.00  27  63 9.73E-02                                                    1
 36.00  27  63 4.01E-01                                                    1
 37.00  27  63 5.08E-01                                                    1
 38.00  27  63 6.26E-01                                                    1
 39.00  27  63 9.35E-01                                                    1
 21.00  27  62 1.51E-02 0.00E+00 0.00E+00          0.00E+00            0   2
 24.00  27  62 1.48E-02 0.00E+00 0.00E+00          0.00E+00            0   2
 25.00  27  62 5.86E-02 0.00E+00 0.00E+00          0.00E+00            0   2
 26.00  27  62 1.45E-02 0.00E+00 0.00E+00          0.00E+00            0   2
 27.00  27  62 1.30E-01 0.00E+00 0.00E+00          0.00E+00            0   2
 28.00  27  62 2.72E-01 0.00E+00 0.00E+00          0.00E+00            0   2
 29.00  27  62 3.26E-01 0.00E+00 0.00E+00          0.00E+00            0   2
 30.00  27  62 3.65E-01 0.00E+00 0.00E+00          0.00E+00            0   2
 31.00  27  62 5.99E-01 0.00E+00 0.00E+00          0.00E+00            0   2
 32.00  27  62 6.91E-01 0.00E+00 0.00E+00          0.00E+00            0   2
 33.00  27  62 7.01E-01 0.00E+00 0.00E+00          0.00E+00            0   2
 34.00  27  62 6.68E-01 0.00E+00 0.00E+00          0.00E+00            0   2
 35.00  27  62 7.18E-01 0.00E+00 0.00E+00          0.00E+00            0   2
 36.00  27  62 6.46E-01 0.00E+00 0.00E+00          0.00E+00            0   2
 37.00  27  62 7.47E-01 0.00E+00 0.00E+00          0.00E+00            0   2
 38.00  27  62 6.24E-01 0.00E+00 0.00E+00          0.00E+00            0   2
 39.00  27  62 5.66E-01 0.00E+00 0.00E+00          0.00E+00            0   2
 28.00  27  61 2.86E-02                                                    1
 29.00  27  61 1.42E-02                                                    1
 30.00  27  61 9.84E-02                                                    1
 31.00  27  61 2.23E-01                                                    1
 32.00  27  61 5.81E-01                                                    1
 33.00  27  61 8.37E-01                                                    1
 34.00  27  61 1.43E+00                                                    1
 35.00  27  61 2.15E+00                                                    1
 36.00  27  61 2.58E+00                                                    1
 37.00  27  61 3.50E+00                                                    1
 38.00  27  61 3.87E+00                                                    1
 39.00  27  61 5.20E+00                                                    1
 18.00  27  60 3.05E-02 0.00E+00 0.00E+00          0.00E+00            0   2
 19.00  27  60 6.04E-02 0.00E+00 0.00E+00          0.00E+00            0   2
 20.00  27  60 1.19E-01 0.00E+00 0.00E+00          0.00E+00            0   2
 21.00  27  60 3.39E-01 0.00E+00 0.00E+00          0.00E+00            0   2
 22.00  27  60 5.83E-01 0.00E+00 0.00E+00          0.00E+00            0   2
 23.00  27  60 1.24E+00 0.00E+00 0.00E+00          0.00E+00            0   2
 24.00  27  60 1.84E+00 0.00E+00 0.00E+00          0.00E+00            0   2
 25.00  27  60 2.57E+00 0.00E+00 0.00E+00          0.00E+00            0   2
 26.00  27  60 3.51E+00 0.00E+00 0.00E+00          0.00E+00            0   2
 27.00  27  60 3.78E+00 0.00E+00 0.00E+00          0.00E+00            0   2
 28.00  27  60 4.79E+00 0.00E+00 0.00E+00          0.00E+00            0   2
 29.00  27  60 4.86E+00 0.00E+00 0.00E+00          0.00E+00            0   2
 30.00  27  60 5.53E+00 0.00E+00 0.00E+00          0.00E+00            0   2
 31.00  27  60 5.24E+00 0.00E+00 0.00E+00          0.00E+00            0   2
 32.00  27  60 4.43E+00 0.00E+00 0.00E+00          0.00E+00            0   2
 33.00  27  60 4.14E+00 0.00E+00 0.00E+00          0.00E+00            0   2
 34.00  27  60 4.22E+00 0.00E+00 0.00E+00          0.00E+00            0   2
 35.00  27  60 3.03E+00 0.00E+00 0.00E+00          0.00E+00            0   2
 36.00  27  60 3.04E+00 0.00E+00 0.00E+00          0.00E+00            0   2
 37.00  27  60 2.34E+00 0.00E+00 0.00E+00          0.00E+00            0   2
 38.00  27  60 2.29E+00 0.00E+00 0.00E+00          0.00E+00            0   2
 39.00  27  60 2.57E+00 0.00E+00 0.00E+00          0.00E+00            0   2
 25.00  27  59 2.84E-02                                                    1
 26.00  27  59 1.27E-01                                                    1
 27.00  27  59 6.29E-01                                                    1
 28.00  27  59 1.25E+00                                                    1
 29.00  27  59 2.74E+00                                                    1
 30.00  27  59 4.45E+00                                                    1
 31.00  27  59 7.33E+00                                                    1
 32.00  27  59 1.00E+01                                                    1
 33.00  27  59 1.36E+01                                                    1
 34.00  27  59 1.65E+01                                                    1
 35.00  27  59 2.05E+01                                                    1
 36.00  27  59 2.42E+01                                                    1
 37.00  27  59 2.50E+01                                                    1
 38.00  27  59 2.88E+01                                                    1
 39.00  27  59 3.09E+01                                                    1
 31.00  27  58 1.35E-02 0.00E+00 0.00E+00          0.00E+00            0   2
 35.00  27  58 1.31E-02 0.00E+00 0.00E+00          0.00E+00            0   2
 37.00  27  58 5.18E-02 0.00E+00 0.00E+00          0.00E+00            0   2
 38.00  27  58 7.71E-02 0.00E+00 0.00E+00          0.00E+00            0   2
 39.00  27  58 3.19E-01 0.00E+00 0.00E+00          0.00E+00            0   2
 37.00  26  63 1.41E-02                                                    1
 30.00  26  61 2.89E-02                                                    1
 31.00  26  61 4.30E-02                                                    1
 32.00  26  61 1.28E-01                                                    1
 33.00  26  61 7.07E-02                                                    1
 34.00  26  61 1.96E-01                                                    1
 35.00  26  61 1.39E-01                                                    1
 36.00  26  61 1.94E-01                                                    1
 37.00  26  61 1.92E-01                                                    1
 38.00  26  61 2.18E-01                                                    1
 39.00  26  61 9.49E-02                                                    1
 23.00  26  60 1.51E-02                                                    1
 25.00  26  60 1.49E-02                                                    1
 28.00  26  60 1.45E-02                                                    1
 29.00  26  60 4.31E-02                                                    1
 30.00  26  60 2.87E-02                                                    1
 31.00  26  60 5.73E-02                                                    1
 32.00  26  60 8.51E-02                                                    1
 33.00  26  60 7.07E-02                                                    1
 34.00  26  60 3.08E-01                                                    1
 35.00  26  60 3.06E-01                                                    1
 36.00  26  60 5.53E-01                                                    1
 37.00  26  60 8.51E-01                                                    1
 38.00  26  60 9.27E-01                                                    1
 39.00  26  60 1.41E+00                                                    1
 23.00  26  59 2.98E-02                                                    1
 24.00  26  59 2.95E-02                                                    1
 25.00  26  59 1.17E-01                                                    1
 26.00  26  59 2.18E-01                                                    1
 27.00  26  59 3.32E-01                                                    1
 28.00  26  59 5.29E-01                                                    1
 29.00  26  59 5.81E-01                                                    1
 30.00  26  59 7.45E-01                                                    1
 31.00  26  59 7.67E-01                                                    1
 32.00  26  59 8.16E-01                                                    1
 33.00  26  59 1.03E+00                                                    1
 34.00  26  59 8.45E-01                                                    1
 35.00  26  59 7.97E-01                                                    1
 36.00  26  59 8.97E-01                                                    1
 37.00  26  59 8.59E-01                                                    1
 38.00  26  59 1.06E+00                                                    1
 39.00  26  59 1.01E+00                                                    1
 27.00  26  58 1.44E-02                                                    1
 28.00  26  58 2.86E-02                                                    1
 29.00  26  58 9.92E-02                                                    1
 30.00  26  58 1.97E-01                                                    1
 31.00  26  58 3.76E-01                                                    1
 32.00  26  58 7.46E-01                                                    1
 33.00  26  58 1.08E+00                                                    1
 34.00  26  58 1.96E+00                                                    1
 35.00  26  58 2.49E+00                                                    1
 36.00  26  58 3.22E+00                                                    1
 37.00  26  58 3.77E+00                                                    1
 38.00  26  58 5.04E+00                                                    1
 39.00  26  58 6.21E+00                                                    1
 19.00  26  57 4.53E-02                                                    1
 20.00  26  57 7.46E-02                                                    1
 21.00  26  57 1.62E-01                                                    1
 22.00  26  57 3.65E-01                                                    1
 23.00  26  57 5.21E-01                                                    1
 24.00  26  57 8.75E-01                                                    1
 25.00  26  57 1.22E+00                                                    1
 26.00  26  57 1.82E+00                                                    1
 27.00  26  57 2.46E+00                                                    1
 28.00  26  57 2.88E+00                                                    1
 29.00  26  57 2.93E+00                                                    1
 30.00  26  57 3.82E+00                                                    1
 31.00  26  57 3.53E+00                                                    1
 32.00  26  57 2.79E+00                                                    1
 33.00  26  57 2.92E+00                                                    1
 34.00  26  57 2.71E+00                                                    1
 35.00  26  57 2.13E+00                                                    1
 36.00  26  57 1.81E+00                                                    1
 37.00  26  57 1.55E+00                                                    1
 38.00  26  57 1.41E+00                                                    1
 39.00  26  57 1.06E+00                                                    1
 26.00  26  56 4.23E-02                                                    1
 27.00  26  56 8.39E-02                                                    1
 28.00  26  56 4.31E-01                                                    1
 29.00  26  56 8.40E-01                                                    1
 30.00  26  56 1.75E+00                                                    1
 31.00  26  56 3.05E+00                                                    1
 32.00  26  56 4.07E+00                                                    1
 33.00  26  56 5.98E+00                                                    1
 34.00  26  56 7.01E+00                                                    1
 35.00  26  56 8.71E+00                                                    1
 36.00  26  56 9.89E+00                                                    1
 37.00  26  56 1.18E+01                                                    1
 38.00  26  56 1.17E+01                                                    1
 39.00  26  56 1.33E+01                                                    1
 39.00  26  55 2.55E-02                                                    1
 35.00  25  56 1.31E-02                                                    1
 36.00  25  56 1.30E-02                                                    1
 38.00  25  56 3.86E-02                                                    1
 39.00  25  56 3.83E-02                                                    1
 36.00  24  53 1.30E-02                                                    1
 37.00  24  53 1.29E-02                                                    1
 38.00  24  53 1.29E-02                                                    1
 39.00  24  53 1.28E-02                                                    1
  Ebeam =   1.0000000000000000      sumcs=   2347.6222698184602     
  Ebeam =   2.0000000000000000      sumcs=   2140.9173571422975     
  Ebeam =   3.0000000000000000      sumcs=   1963.2805575344278     
  Ebeam =   4.0000000000000000      sumcs=   1894.5935633944250     
  Ebeam =   5.0000000000000000      sumcs=   1852.4644542578790     
  Ebeam =   6.0000000000000000      sumcs=   1815.7870408365120     
  Ebeam =   7.0000000000000000      sumcs=   1779.5258194058222     
  Ebeam =   8.0000000000000000      sumcs=   1743.3868785699003     
  Ebeam =   9.0000000000000000      sumcs=   1711.0044341465723     
  Ebeam =   10.000000000000000      sumcs=   1683.3772903141505     
  Ebeam =   11.000000000000000      sumcs=   1656.5090583917165     
  Ebeam =   12.000000000000000      sumcs=   1634.2260129054519     
  Ebeam =   13.000000000000000      sumcs=   1619.9248634896812     
  Ebeam =   14.000000000000000      sumcs=   1608.1309879051805     
  Ebeam =   15.000000000000000      sumcs=   1596.6847066586367     
  Ebeam =   16.000000000000000      sumcs=   1583.8900544498908     
  Ebeam =   17.000000000000000      sumcs=   1570.1647779498337     
  Ebeam =   18.000000000000000      sumcs=   1554.5446893449159     
  Ebeam =   19.000000000000000      sumcs=   1536.4934919996138     
  Ebeam =   20.000000000000000      sumcs=   1518.7009281481630     
  Ebeam =   21.000000000000000      sumcs=   1502.4164629258623     
  Ebeam =   22.000000000000000      sumcs=   1488.6938862446580     
  Ebeam =   23.000000000000000      sumcs=   1476.8798624285680     
  Ebeam =   24.000000000000000      sumcs=   1464.7366526560438     
  Ebeam =   25.000000000000000      sumcs=   1452.8678805572583     
  Ebeam =   26.000000000000000      sumcs=   1440.8740119376182     
  Ebeam =   27.000000000000000      sumcs=   1429.5198743936999     
  Ebeam =   28.000000000000000      sumcs=   1418.6848875151456     
  Ebeam =   29.000000000000000      sumcs=   1406.5543860376192     
  Ebeam =   30.000000000000000      sumcs=   1394.5791165037294     
  Ebeam =   31.000000000000000      sumcs=   1382.9116028022629     
  Ebeam =   32.000000000000000      sumcs=   1371.8483925399714     
  Ebeam =   33.000000000000000      sumcs=   1361.8922732070362     
  Ebeam =   34.000000000000000      sumcs=   1352.5560054441905     
  Ebeam =   35.000000000000000      sumcs=   1342.6411410699643     
  Ebeam =   36.000000000000000      sumcs=   1332.9331931747847     
  Ebeam =   37.000000000000000      sumcs=   1323.3725642209592     
  Ebeam =   38.000000000000000      sumcs=   1313.9374174879088     
  Ebeam =   39.000000000000000      sumcs=   1305.0670656165673     
