  ldopt set internally =           0
 Fermi gas level densities

 ZP=   0 AP=   1 ZT=  13 AT=  27 isot=  1levno=  0
 
 
1Al                                                                              
  Ebeam  Rx.cs used  Rx. cs algo fiss cs (mb) capture cs (mb)
   1.00  2.005E+03    0.000E+00    0.000E+00    3.195E-01
   2.00  1.610E+03    0.000E+00    0.000E+00    9.669E-02
   3.00  1.443E+03    0.000E+00    0.000E+00    5.319E-02
   4.00  1.373E+03    0.000E+00    0.000E+00    3.925E-02
   5.00  1.328E+03    0.000E+00    0.000E+00    3.038E-02
   6.00  1.293E+03    0.000E+00    0.000E+00    2.516E-02
   7.00  1.259E+03    0.000E+00    0.000E+00    2.266E-02
   8.00  1.231E+03    0.000E+00    0.000E+00    1.979E-02
   9.00  1.207E+03    0.000E+00    0.000E+00    1.817E-02
  10.00  1.193E+03    0.000E+00    0.000E+00    1.565E-02
  11.00  1.177E+03    0.000E+00    0.000E+00    1.118E-02
  12.00  1.160E+03    0.000E+00    0.000E+00    9.788E-03
  13.00  1.140E+03    0.000E+00    0.000E+00    8.225E-03
  14.00  1.120E+03    0.000E+00    0.000E+00    6.872E-03
  15.00  1.100E+03    0.000E+00    0.000E+00    5.926E-03
  16.00  1.080E+03    0.000E+00    0.000E+00    4.979E-03
  17.00  1.061E+03    0.000E+00    0.000E+00    4.210E-03
  18.00  1.044E+03    0.000E+00    0.000E+00    3.641E-03
  19.00  1.029E+03    0.000E+00    0.000E+00    3.107E-03
  20.00  1.017E+03    0.000E+00    0.000E+00    2.650E-03
  21.00  1.005E+03    0.000E+00    0.000E+00    2.316E-03
  22.00  9.925E+02    0.000E+00    0.000E+00    2.008E-03
  23.00  9.806E+02    0.000E+00    0.000E+00    1.785E-03
  24.00  9.689E+02    0.000E+00    0.000E+00    1.532E-03
  25.00  9.572E+02    0.000E+00    0.000E+00    1.190E-03
  26.00  9.481E+02    0.000E+00    0.000E+00    1.067E-03
  27.00  9.372E+02    0.000E+00    0.000E+00    9.290E-04
  28.00  9.267E+02    0.000E+00    0.000E+00    8.176E-04
  29.00  9.165E+02    0.000E+00    0.000E+00    7.325E-04
  30.00  9.066E+02    0.000E+00    0.000E+00    6.437E-04
  31.00  8.972E+02    0.000E+00    0.000E+00    5.744E-04
  32.00  8.880E+02    0.000E+00    0.000E+00    5.077E-04
  33.00  8.813E+02    0.000E+00    0.000E+00    4.548E-04
  34.00  8.730E+02    0.000E+00    0.000E+00    4.003E-04
  35.00  8.650E+02    0.000E+00    0.000E+00    3.608E-04
  36.00  8.573E+02    0.000E+00    0.000E+00    3.196E-04
  37.00  8.497E+02    0.000E+00    0.000E+00    2.886E-04
  38.00  8.423E+02    0.000E+00    0.000E+00    2.564E-04
  39.00  8.351E+02    0.000E+00    0.000E+00    2.093E-04
 Ebeam (MeV) Rx cs (mb) fiss cs (mb) capture cs (mb)

  Ebeam  Z   A   Total    grnd st  isomer1 isomer2  isomer1  isomer2  didl nolevs
  (MeV)           cs.      cs.      cs.     cs.     to total to total
  1.00  13  28 3.19E-01                                                    1
  2.00  13  28 9.67E-02                                                    1
  3.00  13  28 5.32E-02                                                    1
  4.00  13  28 3.92E-02                                                    1
  5.00  13  28 3.04E-02                                                    1
  6.00  13  28 2.52E-02                                                    1
  7.00  13  28 2.27E-02                                                    1
  8.00  13  28 1.98E-02                                                    1
  9.00  13  28 1.82E-02                                                    1
 10.00  13  28 1.57E-02                                                    1
 11.00  13  28 1.12E-02                                                    1
 12.00  13  28 9.79E-03                                                    1
 13.00  13  28 8.22E-03                                                    1
 14.00  13  28 6.87E-03                                                    1
 15.00  13  28 5.93E-03                                                    1
 16.00  13  28 4.98E-03                                                    1
 17.00  13  28 4.21E-03                                                    1
 18.00  13  28 3.64E-03                                                    1
 19.00  13  28 3.11E-03                                                    1
 20.00  13  28 2.65E-03                                                    1
 21.00  13  28 2.32E-03                                                    1
 22.00  13  28 2.01E-03                                                    1
 23.00  13  28 1.78E-03                                                    1
 24.00  13  28 1.53E-03                                                    1
 25.00  13  28 1.19E-03                                                    1
 26.00  13  28 1.07E-03                                                    1
 27.00  13  28 9.29E-04                                                    1
 28.00  13  28 8.18E-04                                                    1
 29.00  13  28 7.32E-04                                                    1
 30.00  13  28 6.44E-04                                                    1
 31.00  13  28 5.74E-04                                                    1
 32.00  13  28 5.08E-04                                                    1
 33.00  13  28 4.55E-04                                                    1
 34.00  13  28 4.00E-04                                                    1
 35.00  13  28 3.61E-04                                                    1
 36.00  13  28 3.20E-04                                                    1
 37.00  13  28 2.89E-04                                                    1
 38.00  13  28 2.56E-04                                                    1
 39.00  13  28 2.09E-04                                                    1
  1.00  13  27 2.00E+03                                                    1
  2.00  13  27 1.61E+03                                                    1
  3.00  13  27 1.44E+03                                                    1
  4.00  13  27 1.35E+03                                                    1
  5.00  13  27 1.30E+03                                                    1
  6.00  13  27 1.24E+03                                                    1
  7.00  13  27 1.17E+03                                                    1
  8.00  13  27 1.10E+03                                                    1
  9.00  13  27 1.04E+03                                                    1
 10.00  13  27 1.00E+03                                                    1
 11.00  13  27 9.30E+02                                                    1
 12.00  13  27 7.48E+02                                                    1
 13.00  13  27 5.92E+02                                                    1
 14.00  13  27 4.70E+02                                                    1
 15.00  13  27 3.74E+02                                                    1
 16.00  13  27 3.02E+02                                                    1
 17.00  13  27 2.46E+02                                                    1
 18.00  13  27 2.04E+02                                                    1
 19.00  13  27 1.72E+02                                                    1
 20.00  13  27 1.48E+02                                                    1
 21.00  13  27 1.29E+02                                                    1
 22.00  13  27 1.13E+02                                                    1
 23.00  13  27 1.00E+02                                                    1
 24.00  13  27 9.01E+01                                                    1
 25.00  13  27 8.01E+01                                                    1
 26.00  13  27 7.45E+01                                                    1
 27.00  13  27 6.78E+01                                                    1
 28.00  13  27 6.24E+01                                                    1
 29.00  13  27 5.76E+01                                                    1
 30.00  13  27 5.25E+01                                                    1
 31.00  13  27 4.95E+01                                                    1
 32.00  13  27 4.73E+01                                                    1
 33.00  13  27 4.42E+01                                                    1
 34.00  13  27 4.18E+01                                                    1
 35.00  13  27 3.83E+01                                                    1
 36.00  13  27 3.77E+01                                                    1
 37.00  13  27 3.51E+01                                                    1
 38.00  13  27 3.31E+01                                                    1
 39.00  13  27 3.17E+01                                                    1
 11.00  13  26 1.18E-02 1.18E-02 0.00E+00          0.00E+00            0   2
 12.00  13  26 3.48E-02 3.48E-02 0.00E+00          0.00E+00            0   2
 13.00  13  26 4.56E-02 4.56E-02 0.00E+00          0.00E+00            0   2
 14.00  13  26 6.35E+00 6.28E+00 7.28E-02          1.15E-02            0   2
 15.00  13  26 4.64E+01 4.59E+01 5.11E-01          1.10E-02            0   2
 16.00  13  26 1.01E+02 9.98E+01 1.06E+00          1.05E-02            0   2
 17.00  13  26 1.54E+02 1.52E+02 1.81E+00          1.18E-02            0   2
 18.00  13  26 1.92E+02 1.90E+02 2.08E+00          1.08E-02            0   2
 19.00  13  26 2.27E+02 2.24E+02 2.63E+00          1.16E-02            0   2
 20.00  13  26 2.52E+02 2.49E+02 2.71E+00          1.07E-02            0   2
 21.00  13  26 2.68E+02 2.65E+02 3.08E+00          1.15E-02            0   2
 22.00  13  26 2.78E+02 2.75E+02 2.97E+00          1.07E-02            0   2
 23.00  13  26 2.83E+02 2.80E+02 3.00E+00          1.06E-02            0   2
 24.00  13  26 2.84E+02 2.81E+02 3.08E+00          1.09E-02            0   2
 25.00  13  26 2.81E+02 2.78E+02 3.00E+00          1.07E-02            0   2
 26.00  13  26 2.64E+02 2.61E+02 2.85E+00          1.08E-02            0   2
 27.00  13  26 2.51E+02 2.48E+02 2.72E+00          1.08E-02            0   2
 28.00  13  26 2.35E+02 2.33E+02 2.58E+00          1.10E-02            0   2
 29.00  13  26 2.17E+02 2.14E+02 2.45E+00          1.13E-02            0   2
 30.00  13  26 2.02E+02 1.99E+02 2.27E+00          1.12E-02            0   2
 31.00  13  26 1.84E+02 1.81E+02 2.30E+00          1.25E-02            0   2
 32.00  13  26 1.68E+02 1.66E+02 2.04E+00          1.22E-02            0   2
 33.00  13  26 1.53E+02 1.52E+02 1.77E+00          1.16E-02            0   2
 34.00  13  26 1.43E+02 1.41E+02 1.67E+00          1.17E-02            0   2
 35.00  13  26 1.30E+02 1.29E+02 1.50E+00          1.15E-02            0   2
 36.00  13  26 1.23E+02 1.22E+02 1.50E+00          1.22E-02            0   2
 37.00  13  26 1.12E+02 1.11E+02 1.31E+00          1.17E-02            0   2
 38.00  13  26 1.05E+02 1.04E+02 1.36E+00          1.29E-02            0   2
 39.00  13  26 9.65E+01 9.54E+01 1.10E+00          1.14E-02            0   2
 23.00  13  25 9.81E-03                                                    1
 24.00  13  25 3.88E-02                                                    1
 25.00  13  25 1.91E-02                                                    1
 26.00  13  25 6.64E-02                                                    1
 27.00  13  25 1.69E-01                                                    1
 28.00  13  25 3.15E-01                                                    1
 29.00  13  25 8.34E-01                                                    1
 30.00  13  25 1.68E+00                                                    1
 31.00  13  25 2.92E+00                                                    1
 32.00  13  25 3.89E+00                                                    1
 33.00  13  25 4.96E+00                                                    1
 34.00  13  25 6.62E+00                                                    1
 35.00  13  25 7.34E+00                                                    1
 36.00  13  25 8.14E+00                                                    1
 37.00  13  25 8.65E+00                                                    1
 38.00  13  25 9.59E+00                                                    1
 39.00  13  25 9.66E+00                                                    1
  3.00  12  27 1.80E+00                                                    1
  4.00  12  27 1.95E+01                                                    1
  5.00  12  27 3.24E+01                                                    1
  6.00  12  27 5.47E+01                                                    1
  7.00  12  27 7.83E+01                                                    1
  8.00  12  27 9.36E+01                                                    1
  9.00  12  27 1.05E+02                                                    1
 10.00  12  27 1.17E+02                                                    1
 11.00  12  27 1.16E+02                                                    1
 12.00  12  27 1.11E+02                                                    1
 13.00  12  27 9.28E+01                                                    1
 14.00  12  27 7.58E+01                                                    1
 15.00  12  27 6.50E+01                                                    1
 16.00  12  27 5.47E+01                                                    1
 17.00  12  27 4.62E+01                                                    1
 18.00  12  27 4.04E+01                                                    1
 19.00  12  27 3.43E+01                                                    1
 20.00  12  27 3.14E+01                                                    1
 21.00  12  27 2.79E+01                                                    1
 22.00  12  27 2.44E+01                                                    1
 23.00  12  27 2.16E+01                                                    1
 24.00  12  27 1.93E+01                                                    1
 25.00  12  27 1.75E+01                                                    1
 26.00  12  27 1.61E+01                                                    1
 27.00  12  27 1.52E+01                                                    1
 28.00  12  27 1.28E+01                                                    1
 29.00  12  27 1.23E+01                                                    1
 30.00  12  27 1.19E+01                                                    1
 31.00  12  27 1.12E+01                                                    1
 32.00  12  27 1.04E+01                                                    1
 33.00  12  27 9.31E+00                                                    1
 34.00  12  27 9.05E+00                                                    1
 35.00  12  27 8.30E+00                                                    1
 36.00  12  27 8.06E+00                                                    1
 37.00  12  27 8.55E+00                                                    1
 38.00  12  27 7.83E+00                                                    1
 39.00  12  27 7.42E+00                                                    1
  8.00  12  26 1.23E-02                                                    1
  9.00  12  26 7.24E-02                                                    1
 10.00  12  26 5.37E-01                                                    1
 11.00  12  26 5.39E+01                                                    1
 12.00  12  26 2.10E+02                                                    1
 13.00  12  26 3.63E+02                                                    1
 14.00  12  26 4.72E+02                                                    1
 15.00  12  26 5.08E+02                                                    1
 16.00  12  26 5.09E+02                                                    1
 17.00  12  26 4.91E+02                                                    1
 18.00  12  26 4.71E+02                                                    1
 19.00  12  26 4.53E+02                                                    1
 20.00  12  26 4.35E+02                                                    1
 21.00  12  26 4.21E+02                                                    1
 22.00  12  26 4.11E+02                                                    1
 23.00  12  26 4.01E+02                                                    1
 24.00  12  26 3.91E+02                                                    1
 25.00  12  26 3.76E+02                                                    1
 26.00  12  26 3.62E+02                                                    1
 27.00  12  26 3.44E+02                                                    1
 28.00  12  26 3.23E+02                                                    1
 29.00  12  26 3.01E+02                                                    1
 30.00  12  26 2.89E+02                                                    1
 31.00  12  26 2.66E+02                                                    1
 32.00  12  26 2.52E+02                                                    1
 33.00  12  26 2.41E+02                                                    1
 34.00  12  26 2.24E+02                                                    1
 35.00  12  26 2.13E+02                                                    1
 36.00  12  26 1.99E+02                                                    1
 37.00  12  26 1.89E+02                                                    1
 38.00  12  26 1.79E+02                                                    1
 39.00  12  26 1.72E+02                                                    1
 15.00  12  25 1.10E-02                                                    1
 16.00  12  25 5.40E-02                                                    1
 17.00  12  25 8.49E-02                                                    1
 18.00  12  25 1.36E-01                                                    1
 19.00  12  25 3.60E-01                                                    1
 20.00  12  25 6.71E-01                                                    1
 21.00  12  25 1.27E+00                                                    1
 22.00  12  25 2.16E+00                                                    1
 23.00  12  25 4.41E+00                                                    1
 24.00  12  25 1.35E+01                                                    1
 25.00  12  25 3.08E+01                                                    1
 26.00  12  25 5.50E+01                                                    1
 27.00  12  25 8.31E+01                                                    1
 28.00  12  25 1.15E+02                                                    1
 29.00  12  25 1.47E+02                                                    1
 30.00  12  25 1.73E+02                                                    1
 31.00  12  25 2.01E+02                                                    1
 32.00  12  25 2.23E+02                                                    1
 33.00  12  25 2.42E+02                                                    1
 34.00  12  25 2.58E+02                                                    1
 35.00  12  25 2.67E+02                                                    1
 36.00  12  25 2.74E+02                                                    1
 37.00  12  25 2.77E+02                                                    1
 38.00  12  25 2.73E+02                                                    1
 39.00  12  25 2.72E+02                                                    1
 23.00  12  24 6.86E-02                                                    1
 24.00  12  24 1.65E-01                                                    1
 25.00  12  24 3.45E-01                                                    1
 26.00  12  24 3.13E-01                                                    1
 27.00  12  24 4.78E-01                                                    1
 28.00  12  24 7.04E-01                                                    1
 29.00  12  24 9.62E-01                                                    1
 30.00  12  24 1.20E+00                                                    1
 31.00  12  24 1.61E+00                                                    1
 32.00  12  24 2.61E+00                                                    1
 33.00  12  24 3.98E+00                                                    1
 34.00  12  24 6.63E+00                                                    1
 35.00  12  24 1.13E+01                                                    1
 36.00  12  24 1.75E+01                                                    1
 37.00  12  24 2.52E+01                                                    1
 38.00  12  24 3.48E+01                                                    1
 39.00  12  24 4.46E+01                                                    1
 22.00  11  26 4.96E-02                                                    1
 23.00  11  26 2.35E-01                                                    1
 24.00  11  26 3.88E-01                                                    1
 25.00  11  26 5.36E-01                                                    1
 26.00  11  26 9.67E-01                                                    1
 27.00  11  26 1.29E+00                                                    1
 28.00  11  26 1.58E+00                                                    1
 29.00  11  26 2.08E+00                                                    1
 30.00  11  26 2.28E+00                                                    1
 31.00  11  26 2.56E+00                                                    1
 32.00  11  26 2.76E+00                                                    1
 33.00  11  26 2.77E+00                                                    1
 34.00  11  26 2.47E+00                                                    1
 35.00  11  26 2.52E+00                                                    1
 36.00  11  26 2.43E+00                                                    1
 37.00  11  26 2.33E+00                                                    1
 38.00  11  26 2.33E+00                                                    1
 39.00  11  26 1.80E+00                                                    1
 20.00  11  25 2.03E-02                                                    1
 21.00  11  25 2.01E-02                                                    1
 22.00  11  25 9.93E-03                                                    1
 23.00  11  25 6.86E-02                                                    1
 24.00  11  25 1.16E-01                                                    1
 25.00  11  25 2.11E-01                                                    1
 26.00  11  25 2.75E-01                                                    1
 27.00  11  25 3.94E-01                                                    1
 28.00  11  25 4.26E-01                                                    1
 29.00  11  25 5.87E-01                                                    1
 30.00  11  25 1.11E+00                                                    1
 31.00  11  25 1.61E+00                                                    1
 32.00  11  25 2.18E+00                                                    1
 33.00  11  25 2.84E+00                                                    1
 34.00  11  25 3.84E+00                                                    1
 35.00  11  25 4.64E+00                                                    1
 36.00  11  25 5.85E+00                                                    1
 37.00  11  25 6.45E+00                                                    1
 38.00  11  25 8.23E+00                                                    1
 39.00  11  25 8.64E+00                                                    1
  6.00  11  24 1.31E+00 1.31E+00 0.00E+00          0.00E+00            0   2
  7.00  11  24 1.39E+01 1.39E+01 0.00E+00          0.00E+00            0   2
  8.00  11  24 3.55E+01 3.55E+01 0.00E+00          0.00E+00            0   2
  9.00  11  24 5.93E+01 5.93E+01 0.00E+00          0.00E+00            0   2
 10.00  11  24 7.44E+01 7.44E+01 0.00E+00          0.00E+00            0   2
 11.00  11  24 7.60E+01 7.60E+01 0.00E+00          0.00E+00            0   2
 12.00  11  24 8.81E+01 8.81E+01 0.00E+00          0.00E+00            0   2
 13.00  11  24 8.90E+01 8.90E+01 0.00E+00          0.00E+00            0   2
 14.00  11  24 9.09E+01 9.09E+01 0.00E+00          0.00E+00            0   2
 15.00  11  24 9.01E+01 9.01E+01 0.00E+00          0.00E+00            0   2
 16.00  11  24 7.63E+01 7.63E+01 0.00E+00          0.00E+00            0   2
 17.00  11  24 6.55E+01 6.55E+01 0.00E+00          0.00E+00            0   2
 18.00  11  24 5.34E+01 5.34E+01 0.00E+00          0.00E+00            0   2
 19.00  11  24 3.97E+01 3.97E+01 0.00E+00          0.00E+00            0   2
 20.00  11  24 3.03E+01 3.03E+01 0.00E+00          0.00E+00            0   2
 21.00  11  24 2.32E+01 2.32E+01 0.00E+00          0.00E+00            0   2
 22.00  11  24 1.89E+01 1.89E+01 0.00E+00          0.00E+00            0   2
 23.00  11  24 1.41E+01 1.41E+01 0.00E+00          0.00E+00            0   2
 24.00  11  24 1.01E+01 1.01E+01 0.00E+00          0.00E+00            0   2
 25.00  11  24 7.79E+00 7.79E+00 0.00E+00          0.00E+00            0   2
 26.00  11  24 5.71E+00 5.71E+00 0.00E+00          0.00E+00            0   2
 27.00  11  24 4.25E+00 4.25E+00 0.00E+00          0.00E+00            0   2
 28.00  11  24 3.28E+00 3.28E+00 0.00E+00          0.00E+00            0   2
 29.00  11  24 2.78E+00 2.78E+00 0.00E+00          0.00E+00            0   2
 30.00  11  24 1.90E+00 1.90E+00 0.00E+00          0.00E+00            0   2
 31.00  11  24 1.47E+00 1.47E+00 0.00E+00          0.00E+00            0   2
 32.00  11  24 1.49E+00 1.49E+00 0.00E+00          0.00E+00            0   2
 33.00  11  24 1.22E+00 1.22E+00 8.81E-03          7.19E-03            0   2
 34.00  11  24 1.27E+00 1.27E+00 0.00E+00          0.00E+00            0   2
 35.00  11  24 1.13E+00 1.12E+00 8.65E-03          7.63E-03            0   2
 36.00  11  24 1.22E+00 1.21E+00 8.57E-03          7.04E-03            0   2
 37.00  11  24 1.33E+00 1.33E+00 8.50E-03          6.37E-03            0   2
 38.00  11  24 1.70E+00 1.70E+00 4.21E-03          2.48E-03            0   2
 39.00  11  24 1.80E+00 1.80E+00 0.00E+00          0.00E+00            0   2
 13.00  11  23 5.70E-02                                                    1
 14.00  11  23 3.18E+00                                                    1
 15.00  11  23 1.48E+01                                                    1
 16.00  11  23 3.48E+01                                                    1
 17.00  11  23 5.68E+01                                                    1
 18.00  11  23 8.16E+01                                                    1
 19.00  11  23 1.01E+02                                                    1
 20.00  11  23 1.19E+02                                                    1
 21.00  11  23 1.33E+02                                                    1
 22.00  11  23 1.43E+02                                                    1
 23.00  11  23 1.54E+02                                                    1
 24.00  11  23 1.58E+02                                                    1
 25.00  11  23 1.60E+02                                                    1
 26.00  11  23 1.64E+02                                                    1
 27.00  11  23 1.60E+02                                                    1
 28.00  11  23 1.59E+02                                                    1
 29.00  11  23 1.52E+02                                                    1
 30.00  11  23 1.41E+02                                                    1
 31.00  11  23 1.33E+02                                                    1
 32.00  11  23 1.21E+02                                                    1
 33.00  11  23 1.11E+02                                                    1
 34.00  11  23 1.01E+02                                                    1
 35.00  11  23 9.22E+01                                                    1
 36.00  11  23 8.20E+01                                                    1
 37.00  11  23 7.42E+01                                                    1
 38.00  11  23 6.74E+01                                                    1
 39.00  11  23 5.90E+01                                                    1
 24.00  11  22 1.94E-02                                                    1
 25.00  11  22 1.91E-02                                                    1
 26.00  11  22 8.53E-02                                                    1
 27.00  11  22 1.87E-01                                                    1
 28.00  11  22 5.56E-01                                                    1
 29.00  11  22 2.14E+00                                                    1
 30.00  11  22 5.24E+00                                                    1
 31.00  11  22 1.07E+01                                                    1
 32.00  11  22 1.72E+01                                                    1
 33.00  11  22 2.39E+01                                                    1
 34.00  11  22 3.24E+01                                                    1
 35.00  11  22 4.11E+01                                                    1
 36.00  11  22 4.90E+01                                                    1
 37.00  11  22 5.82E+01                                                    1
 38.00  11  22 6.52E+01                                                    1
 39.00  11  22 7.14E+01                                                    1
 39.00  11  21 8.35E-03                                                    1
 36.00  10  24 8.57E-03                                                    1
 38.00  10  24 8.42E-03                                                    1
 19.00  10  23 1.03E-02                                                    1
 20.00  10  23 2.03E-02                                                    1
 21.00  10  23 1.51E-01                                                    1
 22.00  10  23 4.66E-01                                                    1
 23.00  10  23 9.22E-01                                                    1
 24.00  10  23 1.47E+00                                                    1
 25.00  10  23 2.09E+00                                                    1
 26.00  10  23 2.66E+00                                                    1
 27.00  10  23 3.61E+00                                                    1
 28.00  10  23 4.15E+00                                                    1
 29.00  10  23 4.52E+00                                                    1
 30.00  10  23 4.38E+00                                                    1
 31.00  10  23 4.92E+00                                                    1
 32.00  10  23 4.78E+00                                                    1
 33.00  10  23 4.64E+00                                                    1
 34.00  10  23 4.18E+00                                                    1
 35.00  10  23 3.76E+00                                                    1
 36.00  10  23 3.61E+00                                                    1
 37.00  10  23 3.53E+00                                                    1
 38.00  10  23 3.13E+00                                                    1
 39.00  10  23 3.03E+00                                                    1
 25.00  10  22 6.70E-02                                                    1
 26.00  10  22 6.83E-01                                                    1
 27.00  10  22 2.53E+00                                                    1
 28.00  10  22 5.87E+00                                                    1
 29.00  10  22 1.14E+01                                                    1
 30.00  10  22 1.59E+01                                                    1
 31.00  10  22 2.20E+01                                                    1
 32.00  10  22 2.62E+01                                                    1
 33.00  10  22 3.01E+01                                                    1
 34.00  10  22 3.19E+01                                                    1
 35.00  10  22 3.49E+01                                                    1
 36.00  10  22 3.58E+01                                                    1
 37.00  10  22 3.81E+01                                                    1
 38.00  10  22 3.99E+01                                                    1
 39.00  10  22 4.16E+01                                                    1
 28.00  10  21 9.27E-03                                                    1
 30.00  10  21 2.72E-02                                                    1
 32.00  10  21 8.88E-03                                                    1
 33.00  10  21 2.64E-02                                                    1
 34.00  10  21 6.98E-02                                                    1
 35.00  10  21 7.79E-02                                                    1
 36.00  10  21 1.71E-01                                                    1
 37.00  10  21 1.44E-01                                                    1
 38.00  10  21 3.79E-01                                                    1
 39.00  10  21 8.43E-01                                                    1
 36.00  10  20 8.57E-03                                                    1
 37.00  10  20 1.70E-02                                                    1
 38.00  10  20 5.90E-02                                                    1
 39.00  10  20 4.18E-02                                                    1
 36.00   9  22 8.57E-03                                                    1
 38.00   9  21 8.42E-03                                                    1
 21.00   9  20 1.00E-02                                                    1
 22.00   9  20 2.98E-02                                                    1
 23.00   9  20 2.06E-01                                                    1
 24.00   9  20 4.26E-01                                                    1
 25.00   9  20 8.42E-01                                                    1
 26.00   9  20 1.37E+00                                                    1
 27.00   9  20 1.87E+00                                                    1
 28.00   9  20 2.20E+00                                                    1
 29.00   9  20 3.21E+00                                                    1
 30.00   9  20 3.56E+00                                                    1
 31.00   9  20 4.16E+00                                                    1
 32.00   9  20 4.34E+00                                                    1
 33.00   9  20 4.52E+00                                                    1
 34.00   9  20 4.52E+00                                                    1
 35.00   9  20 4.60E+00                                                    1
 36.00   9  20 4.49E+00                                                    1
 37.00   9  20 4.10E+00                                                    1
 38.00   9  20 3.58E+00                                                    1
 39.00   9  20 3.07E+00                                                    1
 29.00   9  19 2.75E-02                                                    1
 30.00   9  19 9.07E-02                                                    1
 31.00   9  19 2.69E-01                                                    1
 32.00   9  19 5.51E-01                                                    1
 33.00   9  19 1.35E+00                                                    1
 34.00   9  19 1.87E+00                                                    1
 35.00   9  19 3.09E+00                                                    1
 36.00   9  19 3.99E+00                                                    1
 37.00   9  19 5.27E+00                                                    1
 38.00   9  19 6.62E+00                                                    1
 39.00   9  19 7.72E+00                                                    1
 38.00   9  18 8.42E-03                                                    1
 38.00   8  19 2.53E-02                                                    1
 39.00   8  19 2.51E-02                                                    1
 36.00   7  16 1.71E-02                                                    1
 37.00   7  16 3.40E-02                                                    1
 38.00   7  16 4.21E-02                                                    1
 39.00   7  16 1.17E-01                                                    1
 37.00   7  15 1.70E-02                                                    1
 38.00   7  15 1.68E-02                                                    1
 39.00   7  15 4.18E-02                                                    1
 ----------------------------------------------------
 Ebeam =     1.00 Sum evaporation residue cs =  2005.05
 Ebeam =     2.00 Sum evaporation residue cs =  1610.27
 Ebeam =     3.00 Sum evaporation residue cs =  1443.15
 Ebeam =     4.00 Sum evaporation residue cs =  1373.03
 Ebeam =     5.00 Sum evaporation residue cs =  1327.56
 Ebeam =     6.00 Sum evaporation residue cs =  1293.38
 Ebeam =     7.00 Sum evaporation residue cs =  1259.44
 Ebeam =     8.00 Sum evaporation residue cs =  1230.55
 Ebeam =     9.00 Sum evaporation residue cs =  1207.49
 Ebeam =    10.00 Sum evaporation residue cs =  1193.27
 Ebeam =    11.00 Sum evaporation residue cs =  1176.23
 Ebeam =    12.00 Sum evaporation residue cs =  1157.36
 Ebeam =    13.00 Sum evaporation residue cs =  1136.89
 Ebeam =    14.00 Sum evaporation residue cs =  1117.63
 Ebeam =    15.00 Sum evaporation residue cs =  1098.08
 Ebeam =    16.00 Sum evaporation residue cs =  1077.78
 Ebeam =    17.00 Sum evaporation residue cs =  1059.39
 Ebeam =    18.00 Sum evaporation residue cs =  1042.59
 Ebeam =    19.00 Sum evaporation residue cs =  1027.36
 Ebeam =    20.00 Sum evaporation residue cs =  1016.35
 Ebeam =    21.00 Sum evaporation residue cs =  1003.82
 Ebeam =    22.00 Sum evaporation residue cs =   991.94
 Ebeam =    23.00 Sum evaporation residue cs =   979.96
 Ebeam =    24.00 Sum evaporation residue cs =   968.19
 Ebeam =    25.00 Sum evaporation residue cs =   956.64
 Ebeam =    26.00 Sum evaporation residue cs =   947.69
 Ebeam =    27.00 Sum evaporation residue cs =   936.84
 Ebeam =    28.00 Sum evaporation residue cs =   926.26
 Ebeam =    29.00 Sum evaporation residue cs =   916.02
 Ebeam =    30.00 Sum evaporation residue cs =   906.25
 Ebeam =    31.00 Sum evaporation residue cs =   896.72
 Ebeam =    32.00 Sum evaporation residue cs =   887.44
 Ebeam =    33.00 Sum evaporation residue cs =   880.65
 Ebeam =    34.00 Sum evaporation residue cs =   872.20
 Ebeam =    35.00 Sum evaporation residue cs =   864.01
 Ebeam =    36.00 Sum evaporation residue cs =   856.12
 Ebeam =    37.00 Sum evaporation residue cs =   848.51
 Ebeam =    38.00 Sum evaporation residue cs =   840.69
 Ebeam =    39.00 Sum evaporation residue cs =   833.29
 ----------------------------------------------------
