# n +  27Al Total alpha    production
# Q-value    =-3.13255E+00
# 
# # energies =    40
#    E         xs         Yield
 1.00000E+00 0.00000E+00 0.00000E+00
 2.00000E+00 0.00000E+00 0.00000E+00
 3.00000E+00 0.00000E+00 0.00000E+00
 4.00000E+00 0.00000E+00 0.00000E+00
 5.00000E+00 7.37309E-03 8.28492E-06
 6.00000E+00 1.31171E+00 1.34673E-03
 7.00000E+00 1.24619E+01 1.23387E-02
 8.00000E+00 3.64837E+01 3.58624E-02
 9.00000E+00 6.75256E+01 6.64756E-02
 1.00000E+01 9.17121E+01 9.05646E-02
 1.10000E+01 1.04090E+02 1.03056E-01
 1.20000E+01 1.11186E+02 1.10470E-01
 1.30000E+01 1.11879E+02 1.11918E-01
 1.40000E+01 1.18119E+02 1.19334E-01
 1.50000E+01 1.20085E+02 1.23222E-01
 1.60000E+01 1.27571E+02 1.33327E-01
 1.70000E+01 1.32904E+02 1.41695E-01
 1.80000E+01 1.37112E+02 1.49194E-01
 1.90000E+01 1.40660E+02 1.56162E-01
 2.00000E+01 1.41004E+02 1.59606E-01
 2.10000E+01 1.41153E+02 1.62755E-01
 2.20000E+01 1.39630E+02 1.63859E-01
 2.30000E+01 1.37852E+02 1.64522E-01
 2.40000E+01 1.35872E+02 1.64815E-01
 2.50000E+01 1.33087E+02 1.64006E-01
 2.60000E+01 1.30366E+02 1.63154E-01
 2.70000E+01 1.27815E+02 1.62411E-01
 2.80000E+01 1.24621E+02 1.60745E-01
 2.90000E+01 1.22094E+02 1.59835E-01
 3.00000E+01 1.19256E+02 1.58418E-01
 3.10000E+01 1.16898E+02 1.57541E-01
 3.20000E+01 1.14600E+02 1.56655E-01
 3.30000E+01 1.12028E+02 1.55295E-01
 3.40000E+01 1.10339E+02 1.55070E-01
 3.50000E+01 1.08907E+02 1.55137E-01
 3.60000E+01 1.06798E+02 1.54159E-01
 3.70000E+01 1.05677E+02 1.54533E-01
 3.80000E+01 1.04520E+02 1.54797E-01
 3.90000E+01 1.03196E+02 1.54754E-01
 4.00000E+01 1.02133E+02 1.55042E-01
