# n +  27Al Elastic cross sections
# 
# 
# # energies =    40
#    E      Cross section
 1.00000E+00 4.54609E+03
 2.00000E+00 3.23436E+03
 3.00000E+00 2.38327E+03
 4.00000E+00 1.78636E+03
 5.00000E+00 1.42910E+03
 6.00000E+00 1.14868E+03
 7.00000E+00 9.61677E+02
 8.00000E+00 8.39737E+02
 9.00000E+00 7.61400E+02
 1.00000E+01 7.16634E+02
 1.10000E+01 6.97425E+02
 1.20000E+01 6.97307E+02
 1.30000E+01 7.11052E+02
 1.40000E+01 7.32729E+02
 1.50000E+01 7.61451E+02
 1.60000E+01 7.92800E+02
 1.70000E+01 8.25145E+02
 1.80000E+01 8.57492E+02
 1.90000E+01 8.89274E+02
 2.00000E+01 9.20154E+02
 2.10000E+01 9.49917E+02
 2.20000E+01 9.78387E+02
 2.30000E+01 1.00542E+03
 2.40000E+01 1.03085E+03
 2.50000E+01 1.05457E+03
 2.60000E+01 1.07644E+03
 2.70000E+01 1.09638E+03
 2.80000E+01 1.11436E+03
 2.90000E+01 1.13034E+03
 3.00000E+01 1.14433E+03
 3.10000E+01 1.15635E+03
 3.20000E+01 1.16647E+03
 3.30000E+01 1.17475E+03
 3.40000E+01 1.18127E+03
 3.50000E+01 1.18614E+03
 3.60000E+01 1.18943E+03
 3.70000E+01 1.19124E+03
 3.80000E+01 1.19168E+03
 3.90000E+01 1.19083E+03
 4.00000E+01 1.18878E+03
