# n +  27Al Total helium-3 production
# Q-value    =-1.46989E+01
# 
# # energies =    40
#    E         xs         Yield
 1.00000E+00 0.00000E+00 0.00000E+00
 2.00000E+00 0.00000E+00 0.00000E+00
 3.00000E+00 0.00000E+00 0.00000E+00
 4.00000E+00 0.00000E+00 0.00000E+00
 5.00000E+00 0.00000E+00 0.00000E+00
 6.00000E+00 0.00000E+00 0.00000E+00
 7.00000E+00 0.00000E+00 0.00000E+00
 8.00000E+00 0.00000E+00 0.00000E+00
 9.00000E+00 0.00000E+00 0.00000E+00
 1.00000E+01 0.00000E+00 0.00000E+00
 1.10000E+01 0.00000E+00 0.00000E+00
 1.20000E+01 0.00000E+00 0.00000E+00
 1.30000E+01 0.00000E+00 0.00000E+00
 1.40000E+01 0.00000E+00 0.00000E+00
 1.50000E+01 0.00000E+00 0.00000E+00
 1.60000E+01 0.00000E+00 0.00000E+00
 1.70000E+01 1.59240E-05 1.69774E-08
 1.80000E+01 1.51570E-03 1.64926E-06
 1.90000E+01 1.10288E-02 1.22442E-05
 2.00000E+01 2.31548E-02 2.62095E-05
 2.10000E+01 2.90377E-02 3.34817E-05
 2.20000E+01 3.59811E-02 4.22246E-05
 2.30000E+01 8.15180E-02 9.72888E-05
 2.40000E+01 1.90954E-01 2.31630E-04
 2.50000E+01 4.18265E-01 5.15435E-04
 2.60000E+01 7.15654E-01 8.95649E-04
 2.70000E+01 1.05963E+00 1.34645E-03
 2.80000E+01 1.45653E+00 1.87873E-03
 2.90000E+01 1.93755E+00 2.53647E-03
 3.00000E+01 2.48821E+00 3.30531E-03
 3.10000E+01 3.09319E+00 4.16865E-03
 3.20000E+01 3.48834E+00 4.76847E-03
 3.30000E+01 4.17305E+00 5.78477E-03
 3.40000E+01 4.88682E+00 6.86794E-03
 3.50000E+01 5.61879E+00 8.00389E-03
 3.60000E+01 6.36404E+00 9.18626E-03
 3.70000E+01 7.11338E+00 1.04020E-02
 3.80000E+01 7.85898E+00 1.16394E-02
 3.90000E+01 8.59326E+00 1.28865E-02
 4.00000E+01 9.41815E+00 1.42971E-02
