# n +  27Al Total neutron  production
# Q-value    = 0.00000E+00
# 
# # energies =    40
#    E         xs         Yield
 1.00000E+00 5.93653E+01 9.96747E-01
 2.00000E+00 3.47179E+02 9.99615E-01
 3.00000E+00 5.91196E+02 9.98416E-01
 4.00000E+00 7.90994E+02 9.87952E-01
 5.00000E+00 8.61088E+02 9.67579E-01
 6.00000E+00 9.15355E+02 9.39791E-01
 7.00000E+00 9.12926E+02 9.03900E-01
 8.00000E+00 8.77402E+02 8.62461E-01
 9.00000E+00 8.33999E+02 8.21031E-01
 1.00000E+01 7.99284E+02 7.89284E-01
 1.10000E+01 7.81870E+02 7.74102E-01
 1.20000E+01 7.82570E+02 7.77532E-01
 1.30000E+01 7.88209E+02 7.88480E-01
 1.40000E+01 7.99307E+02 8.07529E-01
 1.50000E+01 8.44172E+02 8.66223E-01
 1.60000E+01 8.76421E+02 9.15970E-01
 1.70000E+01 8.94846E+02 9.54041E-01
 1.80000E+01 9.06078E+02 9.85918E-01
 1.90000E+01 9.08193E+02 1.00828E+00
 2.00000E+01 9.06473E+02 1.02606E+00
 2.10000E+01 9.00241E+02 1.03801E+00
 2.20000E+01 8.93980E+02 1.04911E+00
 2.30000E+01 8.89485E+02 1.06157E+00
 2.40000E+01 8.89075E+02 1.07846E+00
 2.50000E+01 8.93000E+02 1.10046E+00
 2.60000E+01 8.99007E+02 1.12512E+00
 2.70000E+01 9.03926E+02 1.14860E+00
 2.80000E+01 9.08854E+02 1.17230E+00
 2.90000E+01 9.09560E+02 1.19071E+00
 3.00000E+01 9.14391E+02 1.21466E+00
 3.10000E+01 9.10168E+02 1.22662E+00
 3.20000E+01 9.12372E+02 1.24719E+00
 3.30000E+01 9.06781E+02 1.25700E+00
 3.40000E+01 9.09546E+02 1.27828E+00
 3.50000E+01 9.06365E+02 1.29111E+00
 3.60000E+01 9.10037E+02 1.31361E+00
 3.70000E+01 9.09224E+02 1.32957E+00
 3.80000E+01 9.07688E+02 1.34431E+00
 3.90000E+01 9.09650E+02 1.36412E+00
 4.00000E+01 9.11143E+02 1.38315E+00
