# n +  27Al Total proton   production
# Q-value    =-1.82790E+00
# 
# # energies =    40
#    E         xs         Yield
 1.00000E+00 0.00000E+00 0.00000E+00
 2.00000E+00 0.00000E+00 0.00000E+00
 3.00000E+00 8.33363E-01 1.40739E-03
 4.00000E+00 9.55647E+00 1.19360E-02
 5.00000E+00 2.87471E+01 3.23023E-02
 6.00000E+00 5.72418E+01 5.87699E-02
 7.00000E+00 8.44935E+01 8.36581E-02
 8.00000E+00 1.01668E+02 9.99372E-02
 9.00000E+00 1.08079E+02 1.06398E-01
 1.00000E+01 1.49402E+02 1.47533E-01
 1.10000E+01 2.39425E+02 2.37047E-01
 1.20000E+01 3.31921E+02 3.29784E-01
 1.30000E+01 4.15962E+02 4.16106E-01
 1.40000E+01 4.65922E+02 4.70716E-01
 1.50000E+01 4.63424E+02 4.75529E-01
 1.60000E+01 4.50017E+02 4.70324E-01
 1.70000E+01 4.36626E+02 4.65509E-01
 1.80000E+01 4.20111E+02 4.57129E-01
 1.90000E+01 4.06403E+02 4.51191E-01
 2.00000E+01 3.94278E+02 4.46293E-01
 2.10000E+01 3.83245E+02 4.41897E-01
 2.20000E+01 3.76044E+02 4.41297E-01
 2.30000E+01 3.72852E+02 4.44985E-01
 2.40000E+01 3.71882E+02 4.51098E-01
 2.50000E+01 3.70909E+02 4.57077E-01
 2.60000E+01 3.71143E+02 4.64489E-01
 2.70000E+01 3.72787E+02 4.73692E-01
 2.80000E+01 3.72975E+02 4.81089E-01
 2.90000E+01 3.75786E+02 4.91945E-01
 3.00000E+01 3.76022E+02 4.99503E-01
 3.10000E+01 3.76208E+02 5.07010E-01
 3.20000E+01 3.75411E+02 5.13177E-01
 3.30000E+01 3.71509E+02 5.14994E-01
 3.40000E+01 3.69485E+02 5.19275E-01
 3.50000E+01 3.67882E+02 5.24044E-01
 3.60000E+01 3.64637E+02 5.26341E-01
 3.70000E+01 3.61745E+02 5.28985E-01
 3.80000E+01 3.60102E+02 5.33323E-01
 3.90000E+01 3.57723E+02 5.36444E-01
 4.00000E+01 3.54944E+02 5.38820E-01
