# n +  27Al Reaction cross sections
# 
# 
# # energies =    40
#    E      Cross section
 1.00000E+00 2.12857E+03
 2.00000E+00 1.42967E+03
 3.00000E+00 1.23884E+03
 4.00000E+00 1.18860E+03
 5.00000E+00 1.16915E+03
 6.00000E+00 1.14717E+03
 7.00000E+00 1.11635E+03
 8.00000E+00 1.08356E+03
 9.00000E+00 1.05654E+03
 1.00000E+01 1.03797E+03
 1.10000E+01 1.02589E+03
 1.20000E+01 1.01631E+03
 1.30000E+01 1.00573E+03
 1.40000E+01 9.92342E+02
 1.50000E+01 9.76035E+02
 1.60000E+01 9.57688E+02
 1.70000E+01 9.38450E+02
 1.80000E+01 9.19302E+02
 1.90000E+01 9.00891E+02
 2.00000E+01 8.83539E+02
 2.10000E+01 8.67322E+02
 2.20000E+01 8.52164E+02
 2.30000E+01 8.37914E+02
 2.40000E+01 8.24404E+02
 2.50000E+01 8.11485E+02
 2.60000E+01 7.99038E+02
 2.70000E+01 7.86984E+02
 2.80000E+01 7.75273E+02
 2.90000E+01 7.63879E+02
 3.00000E+01 7.52793E+02
 3.10000E+01 7.42013E+02
 3.20000E+01 7.31543E+02
 3.30000E+01 7.21385E+02
 3.40000E+01 7.11541E+02
 3.50000E+01 7.02007E+02
 3.60000E+01 6.92778E+02
 3.70000E+01 6.83847E+02
 3.80000E+01 6.75205E+02
 3.90000E+01 6.66841E+02
 4.00000E+01 6.58744E+02
