# n +  27Al: Production of  19F  - Total
# Q-value    =-2.05592E+01 mass=  18.998403
# E-threshold= 2.13278E+01
# # energies =    40
#     E          xs
 1.00000E+00 0.00000E+00
 2.00000E+00 0.00000E+00
 3.00000E+00 0.00000E+00
 4.00000E+00 0.00000E+00
 5.00000E+00 0.00000E+00
 6.00000E+00 0.00000E+00
 7.00000E+00 0.00000E+00
 8.00000E+00 0.00000E+00
 9.00000E+00 0.00000E+00
 1.00000E+01 0.00000E+00
 1.10000E+01 0.00000E+00
 1.20000E+01 0.00000E+00
 1.30000E+01 0.00000E+00
 1.40000E+01 0.00000E+00
 1.50000E+01 0.00000E+00
 1.60000E+01 0.00000E+00
 1.70000E+01 0.00000E+00
 1.80000E+01 0.00000E+00
 1.90000E+01 0.00000E+00
 2.00000E+01 0.00000E+00
 2.10000E+01 0.00000E+00
 2.20000E+01 0.00000E+00
 2.30000E+01 0.00000E+00
 2.40000E+01 0.00000E+00
 2.50000E+01 0.00000E+00
 2.60000E+01 0.00000E+00
 2.70000E+01 0.00000E+00
 2.80000E+01 3.09586E-03
 2.90000E+01 1.93389E-02
 3.00000E+01 7.45962E-02
 3.10000E+01 1.93474E-01
 3.20000E+01 3.94034E-01
 3.30000E+01 6.70213E-01
 3.40000E+01 9.87711E-01
 3.50000E+01 1.32635E+00
 3.60000E+01 1.72494E+00
 3.70000E+01 2.09122E+00
 3.80000E+01 2.41401E+00
 3.90000E+01 2.69909E+00
 4.00000E+01 2.98589E+00
