# n +  27Al: Production of  20F  - Total
# Q-value    =-1.39579E+01 mass=  19.999981
# E-threshold= 1.44797E+01
# # energies =    40
#     E          xs
 1.00000E+00 0.00000E+00
 2.00000E+00 0.00000E+00
 3.00000E+00 0.00000E+00
 4.00000E+00 0.00000E+00
 5.00000E+00 0.00000E+00
 6.00000E+00 0.00000E+00
 7.00000E+00 0.00000E+00
 8.00000E+00 0.00000E+00
 9.00000E+00 0.00000E+00
 1.00000E+01 0.00000E+00
 1.10000E+01 0.00000E+00
 1.20000E+01 0.00000E+00
 1.30000E+01 0.00000E+00
 1.40000E+01 0.00000E+00
 1.50000E+01 0.00000E+00
 1.60000E+01 0.00000E+00
 1.70000E+01 0.00000E+00
 1.80000E+01 0.00000E+00
 1.90000E+01 0.00000E+00
 2.00000E+01 0.00000E+00
 2.10000E+01 2.38140E-03
 2.20000E+01 1.88521E-02
 2.30000E+01 8.12802E-02
 2.40000E+01 2.27120E-01
 2.50000E+01 4.70264E-01
 2.60000E+01 7.74953E-01
 2.70000E+01 1.11466E+00
 2.80000E+01 1.42843E+00
 2.90000E+01 1.68935E+00
 3.00000E+01 1.89624E+00
 3.10000E+01 2.02575E+00
 3.20000E+01 2.09636E+00
 3.30000E+01 2.12041E+00
 3.40000E+01 2.11826E+00
 3.50000E+01 2.10649E+00
 3.60000E+01 2.02174E+00
 3.70000E+01 1.94692E+00
 3.80000E+01 1.88875E+00
 3.90000E+01 1.82223E+00
 4.00000E+01 1.72261E+00
