# n +  27Al: Production of  22Na - Total
# Q-value    =-2.25116E+01 mass=  21.994437
# E-threshold= 2.33531E+01
# # energies =    40
#     E          xs
 1.00000E+00 0.00000E+00
 2.00000E+00 0.00000E+00
 3.00000E+00 0.00000E+00
 4.00000E+00 0.00000E+00
 5.00000E+00 0.00000E+00
 6.00000E+00 0.00000E+00
 7.00000E+00 0.00000E+00
 8.00000E+00 0.00000E+00
 9.00000E+00 0.00000E+00
 1.00000E+01 0.00000E+00
 1.10000E+01 0.00000E+00
 1.20000E+01 0.00000E+00
 1.30000E+01 0.00000E+00
 1.40000E+01 0.00000E+00
 1.50000E+01 0.00000E+00
 1.60000E+01 0.00000E+00
 1.70000E+01 0.00000E+00
 1.80000E+01 0.00000E+00
 1.90000E+01 0.00000E+00
 2.00000E+01 0.00000E+00
 2.10000E+01 0.00000E+00
 2.20000E+01 0.00000E+00
 2.30000E+01 0.00000E+00
 2.40000E+01 0.00000E+00
 2.50000E+01 0.00000E+00
 2.60000E+01 0.00000E+00
 2.70000E+01 1.88208E-02
 2.80000E+01 1.71705E-01
 2.90000E+01 6.22587E-01
 3.00000E+01 1.48671E+00
 3.10000E+01 2.69045E+00
 3.20000E+01 4.00428E+00
 3.30000E+01 5.58975E+00
 3.40000E+01 7.21965E+00
 3.50000E+01 8.60824E+00
 3.60000E+01 1.00841E+01
 3.70000E+01 1.12333E+01
 3.80000E+01 1.23789E+01
 3.90000E+01 1.32614E+01
 4.00000E+01 1.37757E+01
