# n +  27Al: Production of  27Al - Total
# Q-value    =-8.43760E-01 mass=  26.981538
# E-threshold= 8.75303E-01
# # energies =    40
#     E          xs
 1.00000E+00 5.93653E+01
 2.00000E+00 3.47179E+02
 3.00000E+00 5.91197E+02
 4.00000E+00 7.90994E+02
 5.00000E+00 8.61089E+02
 6.00000E+00 9.15356E+02
 7.00000E+00 9.12942E+02
 8.00000E+00 8.77663E+02
 9.00000E+00 8.34436E+02
 1.00000E+01 7.59889E+02
 1.10000E+01 6.47686E+02
 1.20000E+01 5.38438E+02
 1.30000E+01 4.40930E+02
 1.40000E+01 3.61801E+02
 1.50000E+01 3.02248E+02
 1.60000E+01 2.58747E+02
 1.70000E+01 2.27386E+02
 1.80000E+01 2.04205E+02
 1.90000E+01 1.87409E+02
 2.00000E+01 1.74285E+02
 2.10000E+01 1.64159E+02
 2.20000E+01 1.55726E+02
 2.30000E+01 1.48165E+02
 2.40000E+01 1.41720E+02
 2.50000E+01 1.36055E+02
 2.60000E+01 1.30518E+02
 2.70000E+01 1.25772E+02
 2.80000E+01 1.21757E+02
 2.90000E+01 1.17279E+02
 3.00000E+01 1.13348E+02
 3.10000E+01 1.09664E+02
 3.20000E+01 1.06371E+02
 3.30000E+01 1.03879E+02
 3.40000E+01 1.01029E+02
 3.50000E+01 9.81841E+01
 3.60000E+01 9.54073E+01
 3.70000E+01 9.27204E+01
 3.80000E+01 8.99779E+01
 3.90000E+01 8.72761E+01
 4.00000E+01 8.47638E+01
