# n +  27Al: Production of  27Mg - Total
# Q-value    =-1.82790E+00 mass=  26.984341
# E-threshold= 1.89623E+00
# # energies =    40
#     E          xs
 1.00000E+00 0.00000E+00
 2.00000E+00 0.00000E+00
 3.00000E+00 8.33363E-01
 4.00000E+00 9.55647E+00
 5.00000E+00 2.87471E+01
 6.00000E+00 5.72418E+01
 7.00000E+00 8.44938E+01
 8.00000E+00 1.01679E+02
 9.00000E+00 1.08005E+02
 1.00000E+01 1.09233E+02
 1.10000E+01 1.04193E+02
 1.20000E+01 8.64334E+01
 1.30000E+01 6.81223E+01
 1.40000E+01 5.24560E+01
 1.50000E+01 4.09377E+01
 1.60000E+01 3.25465E+01
 1.70000E+01 2.65195E+01
 1.80000E+01 2.22265E+01
 1.90000E+01 1.88103E+01
 2.00000E+01 1.66259E+01
 2.10000E+01 1.49555E+01
 2.20000E+01 1.38430E+01
 2.30000E+01 1.25897E+01
 2.40000E+01 1.17575E+01
 2.50000E+01 1.09303E+01
 2.60000E+01 1.00874E+01
 2.70000E+01 9.42946E+00
 2.80000E+01 8.85479E+00
 2.90000E+01 8.42186E+00
 3.00000E+01 7.79876E+00
 3.10000E+01 7.30920E+00
 3.20000E+01 6.92311E+00
 3.30000E+01 6.55074E+00
 3.40000E+01 6.24973E+00
 3.50000E+01 5.88407E+00
 3.60000E+01 5.56504E+00
 3.70000E+01 5.22136E+00
 3.80000E+01 4.95253E+00
 3.90000E+01 4.71260E+00
 4.00000E+01 4.43493E+00
