# n +  27Al: Production of  26Na - Total
# Q-value    =-1.68427E+01 mass=  25.992635
# E-threshold= 1.74723E+01
# # energies =    40
#     E          xs
 1.00000E+00 0.00000E+00
 2.00000E+00 0.00000E+00
 3.00000E+00 0.00000E+00
 4.00000E+00 0.00000E+00
 5.00000E+00 0.00000E+00
 6.00000E+00 0.00000E+00
 7.00000E+00 0.00000E+00
 8.00000E+00 0.00000E+00
 9.00000E+00 0.00000E+00
 1.00000E+01 0.00000E+00
 1.10000E+01 0.00000E+00
 1.20000E+01 0.00000E+00
 1.30000E+01 0.00000E+00
 1.40000E+01 0.00000E+00
 1.50000E+01 0.00000E+00
 1.60000E+01 0.00000E+00
 1.70000E+01 0.00000E+00
 1.80000E+01 0.00000E+00
 1.90000E+01 0.00000E+00
 2.00000E+01 0.00000E+00
 2.10000E+01 2.14041E-02
 2.20000E+01 1.15588E-01
 2.30000E+01 2.83432E-01
 2.40000E+01 4.72151E-01
 2.50000E+01 6.65641E-01
 2.60000E+01 8.57205E-01
 2.70000E+01 1.03481E+00
 2.80000E+01 1.15972E+00
 2.90000E+01 1.21966E+00
 3.00000E+01 1.18974E+00
 3.10000E+01 1.11152E+00
 3.20000E+01 1.03869E+00
 3.30000E+01 8.88309E-01
 3.40000E+01 7.68963E-01
 3.50000E+01 6.92832E-01
 3.60000E+01 5.92704E-01
 3.70000E+01 5.38959E-01
 3.80000E+01 4.99043E-01
 3.90000E+01 4.36641E-01
 4.00000E+01 4.11987E-01
