# n +  27Al: Production of  26Al - Total
# Q-value    =-1.30580E+01 mass=  25.986892
# E-threshold= 1.35462E+01
# # energies =    40
#     E          xs
 1.00000E+00 0.00000E+00
 2.00000E+00 0.00000E+00
 3.00000E+00 0.00000E+00
 4.00000E+00 0.00000E+00
 5.00000E+00 0.00000E+00
 6.00000E+00 0.00000E+00
 7.00000E+00 0.00000E+00
 8.00000E+00 0.00000E+00
 9.00000E+00 0.00000E+00
 1.00000E+01 0.00000E+00
 1.10000E+01 0.00000E+00
 1.20000E+01 0.00000E+00
 1.30000E+01 0.00000E+00
 1.40000E+01 7.75781E+00
 1.50000E+01 4.87979E+01
 1.60000E+01 7.91454E+01
 1.70000E+01 9.79548E+01
 1.80000E+01 1.13021E+02
 1.90000E+01 1.20597E+02
 2.00000E+01 1.26784E+02
 2.10000E+01 1.29737E+02
 2.20000E+01 1.29610E+02
 2.30000E+01 1.25790E+02
 2.40000E+01 1.19539E+02
 2.50000E+01 1.14292E+02
 2.60000E+01 1.08848E+02
 2.70000E+01 1.01950E+02
 2.80000E+01 9.75029E+01
 2.90000E+01 9.17846E+01
 3.00000E+01 8.74946E+01
 3.10000E+01 8.25828E+01
 3.20000E+01 7.86132E+01
 3.30000E+01 7.55835E+01
 3.40000E+01 7.23520E+01
 3.50000E+01 6.83809E+01
 3.60000E+01 6.70027E+01
 3.70000E+01 6.45171E+01
 3.80000E+01 6.14019E+01
 3.90000E+01 5.97040E+01
 4.00000E+01 5.87535E+01
