# n +  27Al: Production of  23Ne - Total
# Q-value    =-1.36854E+01 mass=  22.994467
# E-threshold= 1.41970E+01
# # energies =    40
#     E          xs
 1.00000E+00 0.00000E+00
 2.00000E+00 0.00000E+00
 3.00000E+00 0.00000E+00
 4.00000E+00 0.00000E+00
 5.00000E+00 0.00000E+00
 6.00000E+00 0.00000E+00
 7.00000E+00 0.00000E+00
 8.00000E+00 0.00000E+00
 9.00000E+00 0.00000E+00
 1.00000E+01 0.00000E+00
 1.10000E+01 0.00000E+00
 1.20000E+01 0.00000E+00
 1.30000E+01 0.00000E+00
 1.40000E+01 0.00000E+00
 1.50000E+01 0.00000E+00
 1.60000E+01 0.00000E+00
 1.70000E+01 0.00000E+00
 1.80000E+01 0.00000E+00
 1.90000E+01 1.67137E-02
 2.00000E+01 1.18852E-01
 2.10000E+01 3.96929E-01
 2.20000E+01 8.58099E-01
 2.30000E+01 1.44765E+00
 2.40000E+01 2.07862E+00
 2.50000E+01 2.66087E+00
 2.60000E+01 3.13248E+00
 2.70000E+01 3.43616E+00
 2.80000E+01 3.55681E+00
 2.90000E+01 3.59987E+00
 3.00000E+01 3.46663E+00
 3.10000E+01 3.29903E+00
 3.20000E+01 3.11283E+00
 3.30000E+01 2.87419E+00
 3.40000E+01 2.65690E+00
 3.50000E+01 2.45909E+00
 3.60000E+01 2.29545E+00
 3.70000E+01 2.14932E+00
 3.80000E+01 2.01230E+00
 3.90000E+01 1.87139E+00
 4.00000E+01 1.75539E+00
