# n +  27Al: Production of  21Ne - Total
# Q-value    =-2.07685E+01 mass=  20.993847
# E-threshold= 2.15449E+01
# # energies =    40
#     E          xs
 1.00000E+00 0.00000E+00
 2.00000E+00 0.00000E+00
 3.00000E+00 0.00000E+00
 4.00000E+00 0.00000E+00
 5.00000E+00 0.00000E+00
 6.00000E+00 0.00000E+00
 7.00000E+00 0.00000E+00
 8.00000E+00 0.00000E+00
 9.00000E+00 0.00000E+00
 1.00000E+01 0.00000E+00
 1.10000E+01 0.00000E+00
 1.20000E+01 0.00000E+00
 1.30000E+01 0.00000E+00
 1.40000E+01 0.00000E+00
 1.50000E+01 0.00000E+00
 1.60000E+01 0.00000E+00
 1.70000E+01 0.00000E+00
 1.80000E+01 0.00000E+00
 1.90000E+01 0.00000E+00
 2.00000E+01 0.00000E+00
 2.10000E+01 0.00000E+00
 2.20000E+01 0.00000E+00
 2.30000E+01 0.00000E+00
 2.40000E+01 0.00000E+00
 2.50000E+01 0.00000E+00
 2.60000E+01 0.00000E+00
 2.70000E+01 4.48860E-03
 2.80000E+01 2.61059E-02
 2.90000E+01 8.24946E-02
 3.00000E+01 1.72847E-01
 3.10000E+01 2.85856E-01
 3.20000E+01 4.09150E-01
 3.30000E+01 5.34748E-01
 3.40000E+01 6.65876E-01
 3.50000E+01 8.15552E-01
 3.60000E+01 1.01097E+00
 3.70000E+01 1.28691E+00
 3.80000E+01 1.69366E+00
 3.90000E+01 2.31457E+00
 4.00000E+01 3.07377E+00
