# n +  27Al: Production of  24Na - Total
# Q-value    =-3.13255E+00 mass=  23.990963
# E-threshold= 3.24966E+00
# # energies =    40
#     E          xs
 1.00000E+00 0.00000E+00
 2.00000E+00 0.00000E+00
 3.00000E+00 0.00000E+00
 4.00000E+00 0.00000E+00
 5.00000E+00 7.37309E-03
 6.00000E+00 1.31171E+00
 7.00000E+00 1.24619E+01
 8.00000E+00 3.64837E+01
 9.00000E+00 6.75256E+01
 1.00000E+01 9.17121E+01
 1.10000E+01 1.04090E+02
 1.20000E+01 1.11186E+02
 1.30000E+01 1.10863E+02
 1.40000E+01 1.07844E+02
 1.50000E+01 9.63728E+01
 1.60000E+01 8.37135E+01
 1.70000E+01 6.94981E+01
 1.80000E+01 5.71933E+01
 1.90000E+01 4.66535E+01
 2.00000E+01 3.84606E+01
 2.10000E+01 3.28621E+01
 2.20000E+01 2.65912E+01
 2.30000E+01 2.34016E+01
 2.40000E+01 1.90481E+01
 2.50000E+01 1.69516E+01
 2.60000E+01 1.45802E+01
 2.70000E+01 1.26245E+01
 2.80000E+01 1.15118E+01
 2.90000E+01 9.78564E+00
 3.00000E+01 9.00072E+00
 3.10000E+01 8.67555E+00
 3.20000E+01 8.68766E+00
 3.30000E+01 8.31387E+00
 3.40000E+01 8.46284E+00
 3.50000E+01 8.97371E+00
 3.60000E+01 9.60801E+00
 3.70000E+01 9.98557E+00
 3.80000E+01 1.07348E+01
 3.90000E+01 1.14253E+01
 4.00000E+01 1.24654E+01
