# n +  27Al: Production of  25Na - Total
# Q-value    =-1.46989E+01 mass=  24.989954
# E-threshold= 1.52484E+01
# # energies =    40
#     E          xs
 1.00000E+00 0.00000E+00
 2.00000E+00 0.00000E+00
 3.00000E+00 0.00000E+00
 4.00000E+00 0.00000E+00
 5.00000E+00 0.00000E+00
 6.00000E+00 0.00000E+00
 7.00000E+00 0.00000E+00
 8.00000E+00 0.00000E+00
 9.00000E+00 0.00000E+00
 1.00000E+01 0.00000E+00
 1.10000E+01 0.00000E+00
 1.20000E+01 0.00000E+00
 1.30000E+01 0.00000E+00
 1.40000E+01 0.00000E+00
 1.50000E+01 0.00000E+00
 1.60000E+01 0.00000E+00
 1.70000E+01 0.00000E+00
 1.80000E+01 1.51570E-03
 1.90000E+01 1.10288E-02
 2.00000E+01 2.31527E-02
 2.10000E+01 2.90208E-02
 2.20000E+01 3.60105E-02
 2.30000E+01 8.20044E-02
 2.40000E+01 1.95113E-01
 2.50000E+01 4.48561E-01
 2.60000E+01 8.19481E-01
 2.70000E+01 1.28944E+00
 2.80000E+01 1.89808E+00
 2.90000E+01 2.71852E+00
 3.00000E+01 3.58251E+00
 3.10000E+01 4.48919E+00
 3.20000E+01 5.10033E+00
 3.30000E+01 5.91350E+00
 3.40000E+01 6.82382E+00
 3.50000E+01 7.42582E+00
 3.60000E+01 7.98135E+00
 3.70000E+01 8.52907E+00
 3.80000E+01 8.75085E+00
 3.90000E+01 9.10000E+00
 4.00000E+01 9.16372E+00
