# n +  27Al: Production of  24Mg - Total
# Q-value    =-1.82131E+01 mass=  23.985042
# E-threshold= 1.88940E+01
# # energies =    40
#     E          xs
 1.00000E+00 0.00000E+00
 2.00000E+00 0.00000E+00
 3.00000E+00 0.00000E+00
 4.00000E+00 0.00000E+00
 5.00000E+00 0.00000E+00
 6.00000E+00 0.00000E+00
 7.00000E+00 0.00000E+00
 8.00000E+00 0.00000E+00
 9.00000E+00 0.00000E+00
 1.00000E+01 0.00000E+00
 1.10000E+01 0.00000E+00
 1.20000E+01 0.00000E+00
 1.30000E+01 0.00000E+00
 1.40000E+01 0.00000E+00
 1.50000E+01 0.00000E+00
 1.60000E+01 0.00000E+00
 1.70000E+01 0.00000E+00
 1.80000E+01 0.00000E+00
 1.90000E+01 0.00000E+00
 2.00000E+01 0.00000E+00
 2.10000E+01 4.50330E-02
 2.20000E+01 3.08380E-01
 2.30000E+01 9.13119E-01
 2.40000E+01 1.79326E+00
 2.50000E+01 2.78600E+00
 2.60000E+01 3.82826E+00
 2.70000E+01 4.89553E+00
 2.80000E+01 5.95503E+00
 2.90000E+01 7.11099E+00
 3.00000E+01 8.53483E+00
 3.10000E+01 1.03055E+01
 3.20000E+01 1.29090E+01
 3.30000E+01 1.61706E+01
 3.40000E+01 2.09125E+01
 3.50000E+01 2.61089E+01
 3.60000E+01 3.19709E+01
 3.70000E+01 3.80277E+01
 3.80000E+01 4.38891E+01
 3.90000E+01 4.97629E+01
 4.00000E+01 5.52489E+01
