# n +  27Al Total cross sections
# 
# 
# # energies =    40
#    E      Cross section
 1.00000E+00 4.60565E+03
 2.00000E+00 3.58167E+03
 3.00000E+00 2.97540E+03
 4.00000E+00 2.58699E+03
 5.00000E+00 2.31903E+03
 6.00000E+00 2.12268E+03
 7.00000E+00 1.97166E+03
 8.00000E+00 1.85706E+03
 9.00000E+00 1.77719E+03
 1.00000E+01 1.72931E+03
 1.10000E+01 1.70746E+03
 1.20000E+01 1.70379E+03
 1.30000E+01 1.71071E+03
 1.40000E+01 1.72255E+03
 1.50000E+01 1.73599E+03
 1.60000E+01 1.74962E+03
 1.70000E+01 1.76310E+03
 1.80000E+01 1.77651E+03
 1.90000E+01 1.79001E+03
 2.00000E+01 1.80361E+03
 2.10000E+01 1.81719E+03
 2.20000E+01 1.83052E+03
 2.30000E+01 1.84331E+03
 2.40000E+01 1.85524E+03
 2.50000E+01 1.86604E+03
 2.60000E+01 1.87548E+03
 2.70000E+01 1.88337E+03
 2.80000E+01 1.88964E+03
 2.90000E+01 1.89422E+03
 3.00000E+01 1.89712E+03
 3.10000E+01 1.89836E+03
 3.20000E+01 1.89801E+03
 3.30000E+01 1.89613E+03
 3.40000E+01 1.89281E+03
 3.50000E+01 1.88814E+03
 3.60000E+01 1.88221E+03
 3.70000E+01 1.87509E+03
 3.80000E+01 1.86689E+03
 3.90000E+01 1.85767E+03
 4.00000E+01 1.84752E+03
