# n +  27Al Total triton   production
# Q-value    =-1.08826E+01
# 
# # energies =    40
#    E         xs         Yield
 1.00000E+00 0.00000E+00 0.00000E+00
 2.00000E+00 0.00000E+00 0.00000E+00
 3.00000E+00 0.00000E+00 0.00000E+00
 4.00000E+00 0.00000E+00 0.00000E+00
 5.00000E+00 0.00000E+00 0.00000E+00
 6.00000E+00 0.00000E+00 0.00000E+00
 7.00000E+00 0.00000E+00 0.00000E+00
 8.00000E+00 0.00000E+00 0.00000E+00
 9.00000E+00 0.00000E+00 0.00000E+00
 1.00000E+01 0.00000E+00 0.00000E+00
 1.10000E+01 0.00000E+00 0.00000E+00
 1.20000E+01 1.10501E-04 1.09790E-07
 1.30000E+01 1.28835E-01 1.28879E-04
 1.40000E+01 6.68979E-01 6.75861E-04
 1.50000E+01 1.23278E+00 1.26498E-03
 1.60000E+01 1.64340E+00 1.71756E-03
 1.70000E+01 1.83533E+00 1.95674E-03
 1.80000E+01 2.02449E+00 2.20288E-03
 1.90000E+01 2.36110E+00 2.62131E-03
 2.00000E+01 2.78309E+00 3.15025E-03
 2.10000E+01 3.45703E+00 3.98609E-03
 2.20000E+01 4.24516E+00 4.98179E-03
 2.30000E+01 5.12945E+00 6.12181E-03
 2.40000E+01 6.08697E+00 7.38357E-03
 2.50000E+01 7.05219E+00 8.69054E-03
 2.60000E+01 7.86601E+00 9.84439E-03
 2.70000E+01 8.79572E+00 1.11765E-02
 2.80000E+01 9.54544E+00 1.23124E-02
 2.90000E+01 1.03897E+01 1.36012E-02
 3.00000E+01 1.11777E+01 1.48483E-02
 3.10000E+01 1.18787E+01 1.60088E-02
 3.20000E+01 1.23800E+01 1.69231E-02
 3.30000E+01 1.28709E+01 1.78420E-02
 3.40000E+01 1.33191E+01 1.87187E-02
 3.50000E+01 1.36899E+01 1.95011E-02
 3.60000E+01 1.40714E+01 2.03115E-02
 3.70000E+01 1.43440E+01 2.09755E-02
 3.80000E+01 1.45277E+01 2.15159E-02
 3.90000E+01 1.46781E+01 2.20114E-02
 4.00000E+01 1.46611E+01 2.22561E-02
