
                       be used for evaluation purposes
                                                            29-Mar-2019 14:58
                       _________________________________

                       P E A K     F I T     R E P O R T
                       _________________________________

 Spectrum file Analysed: AB03112019_FP07_10cm_HPGE2.Chn   
 Sample Title :                                                  

 Spectrum saved on 11-Mar-2019 at  9:49    Collected on  7-Mar-2019 at 15:53
 Sample  Taken  on  7-Mar-2019 at 15:53    Decayed      0 Days,     0 mins.

            Detector file number used:     3
            Energy     Calibration Performed on 27-Mar-2019 at 16:26
            Peak Shape Calibration Performed on 27-Mar-2019 at 16:29


   Datetime:   7-Mar-2019 15:53
   Live:      319118. 

   Reported Activity values were rounded     
   FitzPeaks Version: 3.71 23rd January 2014           

 Peak   Centre   FW@HM         Goodness   Peak      %      Gammas       %      2 Sigma
Energy  Channel  (KeV)  Signif  of Fit    Area   Uncert.  per sec.   Uncert. Background

   68.7   365.6   1.08!    9.7    1.10     12092   10.3   3.7892e-02   10.3   116878
   70.5   375.2   1.08!   15.8    1.10     21097    6.2   6.6111e-02    6.2   116878
   74.6   397.2   1.09!   18.1    2.28     22982   10.2   7.2016e-02   10.2   142882
   76.8   408.9   1.09!   34.4    2.28     52741    4.6   1.6527e-01    4.6   142882
   79.3   422.3   1.10!    8.1    2.28     13312   18.1   4.1715e-02   18.1   142882
   86.9   462.7   1.11!   10.2    2.73     17480   14.4   5.4775e-02   14.4   151334
   89.6   476.8   1.11!    6.3    2.73      8379   29.5   2.6258e-02   29.5   151334
   95.1   506.0   0.97     5.2    1.75      7606   17.7   2.3834e-02   17.7   142079
  102.2   543.9   0.98     4.7    1.25      4100   25.0   1.2846e-02   25.0   147346
  106.5   567.1   0.99     5.6    1.25      7157   14.3   2.2429e-02   14.3   147346
  108.8   579.3   0.99     7.3    1.25      9754   10.8   3.0566e-02   10.8   147346
  120.3   640.5   1.00     3.4    1.39      2709   45.8   8.4897e-03   45.8   150157
  125.3   667.0   1.16!   66.1    0.74    119266    1.4   3.7374e-01    1.4   176447
  140.1   745.9   1.18!   12.2    0.84     14823    8.7   4.6451e-02    8.7   165118
  176.0   937.2   1.07     4.0    0.93      3570   30.4   1.1188e-02   30.4   115748
  190.9  1016.3   1.23    11.7    1.80     14005    8.4   4.3887e-02    8.4   112194
  195.5  1040.8   1.23    54.7    1.80     74877    1.7   2.3464e-01    1.7   112194
  215.4  1146.8   1.11     9.8    1.52     10567    9.0   3.3112e-02    9.0    86437
  234.4  1248.4   1.26    28.8    1.84     29386    3.9   9.2086e-02    3.9    87862
  245.2  1305.5   1.29    39.5    2.10     43550    2.2   1.3647e-01    2.2    76210
  248.5  1323.2   1.29    12.9    2.10     14023    6.7   4.3942e-02    6.7    76210
  252.2  1343.1   1.30     4.7    2.10      2781   30.8   8.7141e-03   30.8    70347
  277.7  1478.7   1.19     3.7    1.66      3302   22.2   1.0346e-02   22.2    55128
  285.2  1519.0   1.32    43.3    1.57     41629    2.2   1.3045e-01    2.2    55599
  293.3  1561.8   1.21     3.6    1.35      1918   36.1   6.0090e-03   36.1    47760
  303.3  1615.2   1.32    36.2    1.00     31268    2.3   9.7983e-02    2.3    46903
  308.3  1642.0   1.33     6.3    1.00      3870   16.4   1.2126e-02   16.4    46903
  324.6  1728.4   1.24     7.8    1.39      4096   15.6   1.2834e-02   15.6    42317
  337.0  1794.4   1.42     5.4    1.13      2764   20.5   8.6627e-03   20.5    38741
  343.5  1829.5   1.43     8.0    1.13      6029    9.1   1.8892e-02    9.1    41721
  347.5  1850.8   1.44    15.9    1.13     10432    5.7   3.2691e-02    5.7    41721
  361.5  1925.3   1.40    59.9    1.36     59807    1.4   1.8741e-01    1.4    35396
  403.6  2149.4   1.33     6.3    1.11      2421   21.5   7.5880e-03   21.5    26571
  420.6  2239.8   1.35     3.6    1.35      1344   37.6   4.2129e-03   37.6    24883
  450.8  2400.7   1.39     3.6    0.66       828   55.9   2.5952e-03   55.9    23416
  475.6  2533.0   1.42     6.9    0.97      3562   13.1   1.1162e-02   13.1    21440
  524.9  2795.4   1.70!   33.5   83.70     75871    6.9   2.3775e-01    6.9    73615
  573.6  3055.1   1.56    17.5    1.12      7227    6.6   2.2648e-02    6.6    18078
  599.0  3190.4   1.62    41.0    1.63     25640    2.3   8.0348e-02    2.3    18053
  625.9  3333.3   1.66    73.8    1.25     63694    1.2   1.9959e-01    1.2    18482
  683.6  3640.9   1.66     4.8    1.03      1718   23.7   5.3833e-03   23.7    14168
  744.8  3966.9   1.96     8.6    1.18      7177    6.2   2.2489e-02    6.2    13754
  747.0  3978.7   1.96    11.7    1.18      6197    7.1   1.9419e-02    7.1    13754
  777.1  4139.0   1.77     6.6    1.26      2727   13.9   8.5457e-03   13.9    11181
  786.9  4190.9   1.84     5.8    1.00      1588   21.8   4.9748e-03   21.8    11278
  789.3  4204.1   1.85    15.9    1.00      6311    5.9   1.9775e-02    5.9    11278
  793.6  4226.6   1.85     4.3    1.00       875   39.4   2.7434e-03   39.4    10651
  807.3  4299.6   1.81     7.5    0.78      2205   13.0   6.9108e-03   13.0     9806
  816.7  4349.8   1.82     8.6    0.78      2944    9.8   9.2246e-03    9.8    10382
  828.4  4412.2   1.84     5.5    3.31      3278   14.1   1.0273e-02   14.1     9837
  833.0  4436.4   1.84   131.5    3.31    176182    0.8   5.5209e-01    0.8     9291
  858.2  4570.7   1.87     6.7    1.19      1482   19.4   4.6442e-03   19.4     9244
  862.9  4595.8   1.87     3.4    1.19      1059   25.7   3.3198e-03   25.7     9244
  870.1  4634.1   1.88     6.7    1.19      1541   20.3   4.8288e-03   20.3     9244
  884.1  4708.8   1.91    11.8    0.96      3717    9.0   1.1649e-02    9.0     8669
  887.5  4727.0   1.91     3.8    0.96      1123   29.2   3.5206e-03   29.2     8669
  929.2  4949.1   1.98     3.3    1.93      1447   25.0   4.5352e-03   25.0     8880
  934.1  4974.9   1.99    80.7    1.93     77143    0.9   2.4174e-01    0.9     8880
  936.2  4986.4   1.99    17.2    1.93     17962    2.8   5.6286e-02    2.8     8880
  959.7  5111.5   2.10    13.6    0.96      4091    8.5   1.2818e-02    8.5     8450
  991.2  5279.1   2.04    12.5    0.99      4226    7.9   1.3242e-02    7.9     8244
  995.5  5302.2   2.05    30.2    0.99     11633    3.3   3.6453e-02    3.3     8244
 1028.5  5478.1   2.07     8.4    0.78      1741   17.5   5.4560e-03   17.5     7726
 1146.2  6104.9   2.20    11.9    1.15      3544    9.8   1.1104e-02    9.8     7944
 1151.1  6130.8   2.20    41.7    1.15     19389    2.2   6.0758e-02    2.2     7944
 1186.9  6321.8   2.25     7.3    0.65      2091   15.3   6.5517e-03   15.3     8406
 1205.5  6421.0   2.28     3.5    1.25       813   41.4   2.5471e-03   41.4     8363
 1240.5  6607.2   2.32     4.0    0.98       706   48.0   2.2111e-03   48.0     8556
 1272.2  6776.0   2.28    24.9    1.02      8032    4.9   2.5169e-02    4.9     8508
 1309.8  6976.5   2.40     4.2    0.72       882   29.2   2.7645e-03   29.2     6138
 1316.2  7010.4   2.41     8.4    0.72      1818   14.9   5.6957e-03   14.9     6138
 1369.4  7293.6   2.47     4.4    0.86       622   40.0   1.9493e-03   40.0     4552
 1415.5  7539.4   2.56    20.6    1.34      6088    4.4   1.9079e-02    4.4     3649
 1423.4  7581.5   2.57     7.0    1.34      1073   21.3   3.3631e-03   21.3     3801
 1440.0  7669.9   2.49     9.8    0.89      1788   11.7   5.6025e-03   11.7     3354
 1446.7  7705.5   2.50    15.4    0.89      3240    7.0   1.0154e-02    7.0     3215
 1501.0  7994.6   2.45   141.7    9.41    156365    0.8   4.8999e-01    0.8     4236
 1537.0  8186.6   2.61     3.5    1.14       437   34.1   1.3709e-03   34.1     2337
 1550.7  8259.4   2.63    13.7    1.14      2517    7.0   7.8867e-03    7.0     2337
 1580.8  8420.0   2.72     3.8    0.90       494   34.4   1.5491e-03   34.4     2095
 1585.7  8446.1   2.72     3.5    0.90       424   38.8   1.3301e-03   38.8     2095
 1626.6  8664.0   2.77     5.7    1.44       815   20.7   2.5531e-03   20.7     1932
 1631.9  8692.1   2.78     8.8    1.44      2054    8.5   6.4355e-03    8.5     1932
 1636.3  8715.3   2.78     7.6    1.44      2414    7.6   7.5653e-03    7.6     1932
 1643.4  8753.2   2.79     3.9    1.44       391   41.4   1.2264e-03   41.4     1932
 1665.4  8870.5   2.42     8.8    0.98      1078   11.8   3.3777e-03   11.8     1434
 1675.6  8924.9   2.43    10.8    0.98      1055   11.6   3.3072e-03   11.6     1434
 1683.5  8966.6   2.44     3.7    0.98       302   38.0   9.4574e-04   38.0     1434
 1707.1  9092.3   2.87     9.2    1.02      1206   10.8   3.7777e-03   10.8     1452
 1720.8  9165.6   2.88     4.1    1.02       465   23.0   1.4560e-03   23.0     1452
 1730.7  9218.0   2.89     3.7    1.02       256   41.2   8.0087e-04   41.2     1506
 1739.9  9267.3   2.90     3.5    1.02       359   31.0   1.1235e-03   31.0     1452
 1760.5  9376.8   2.93     4.1    0.80       381   37.3   1.1938e-03   37.3     1351
 1777.2  9466.0   2.71    20.6    1.41      3340    5.6   1.0467e-02    5.6     1313
 1813.1  9657.0   2.76    47.5    1.85     18176    1.9   5.6956e-02    1.9     1455
 1888.8 10060.4   2.95     3.3    1.10       401   31.6   1.2566e-03   31.6     1233
 1898.3 10111.0   2.96    15.7    1.10      2290    7.0   7.1750e-03    7.0     1278
 1924.5 10250.7   3.12     4.6    0.75       280   49.0   8.7660e-04   49.0     1236
 2161.3 11511.6   3.85    12.8    1.11      3115    5.1   9.7613e-03    5.1     1261
 2176.7 11593.6   3.87    11.3    1.11      1502   10.0   4.7077e-03   10.0     1261
 2264.6 12062.1   3.15    25.4    1.28      5312    3.8   1.6646e-02    3.8     1142
 2356.4 12551.2   3.63     3.5    1.08       274   53.4   8.5778e-04   53.4     1275
 2514.7 13394.3   3.45    13.1    0.72      1547    8.5   4.8475e-03    8.5      749
 2686.1 14307.1   3.53    60.2    3.49     22877    1.8   7.1689e-02    1.8      496

 ! indicates the Iterative Peak Width fitting reached a limiting value.
