
                       be used for evaluation purposes
                                                            29-Mar-2019 15:05
                       _________________________________

                       P E A K     F I T     R E P O R T
                       _________________________________

 Spectrum file Analysed: AE03182019_FP06_10cm_HPGE2.Chn   
 Sample Title :                                                  

 Spectrum saved on 18-Mar-2019 at  9:23    Collected on 17-Mar-2019 at 22:09
 Sample  Taken  on 17-Mar-2019 at 22:09    Decayed      0 Days,     0 mins.

            Detector file number used:     3
            Energy     Calibration Performed on 27-Mar-2019 at 16:26
            Peak Shape Calibration Performed on 27-Mar-2019 at 16:29


   Datetime:  17-Mar-2019 22:09
   Live:      40216.0 

   Reported Activity values were rounded     
   FitzPeaks Version: 3.71 23rd January 2014           

 Peak   Centre   FW@HM         Goodness   Peak      %      Gammas       %      2 Sigma
Energy  Channel  (KeV)  Signif  of Fit    Area   Uncert.  per sec.   Uncert. Background

   68.6   365.3   1.08!    3.6    1.23      1277   36.1   3.1751e-02   36.1    16508
   70.5   375.3   1.09!    5.9    1.23      2559   19.6   6.3642e-02   19.6    16508
   74.7   397.5   1.09!    8.1    1.23      2952   16.8   7.3397e-02   16.8    16508
   76.8   408.8   1.09!   12.2    1.23      6895    7.2   1.7145e-01    7.2    16508
   79.2   421.8   1.10!    3.6    1.23      1730   28.5   4.3024e-02   28.5    16508
   86.9   462.7   0.96     5.2    1.56      2235   17.6   5.5586e-02   17.6    16892
   89.4   476.1   0.97     3.6    1.56      1266   31.5   3.1483e-02   31.5    16892
   95.1   506.3   0.97     3.7    0.93       893   46.1   2.2195e-02   46.1    17757
  106.4   566.6   0.99     3.6    0.75      1014   37.6   2.5206e-02   37.6    18307
  108.8   579.3   0.99     3.7    0.75      1157   33.3   2.8771e-02   33.3    18307
  125.3   666.9   1.16!   27.2    0.94     19789    3.0   4.9208e-01    3.0    22026
  140.1   745.9   1.03     6.8    0.98      2220   18.6   5.5192e-02   18.6    17052
  190.9  1016.7   1.22     4.4    1.09      2009   18.1   4.9946e-02   18.1    13669
  195.5  1040.8   1.23    22.4    1.09     10297    4.0   2.5605e-01    4.0    13669
  215.4  1147.0   1.11     4.6    1.21      1220   25.7   3.0342e-02   25.7    11495
  234.4  1248.1   1.29    10.3    0.87      3778    8.8   9.3946e-02    8.8     9857
  245.2  1305.5   1.31    15.3    1.15      5839    5.4   1.4518e-01    5.4     9478
  248.6  1323.6   1.31     3.5    1.15      1765   16.7   4.3895e-02   16.7     9478
  285.2  1518.9   1.31    14.7    0.78      4961    5.6   1.2336e-01    5.6     6241
  303.3  1615.2   1.27    14.3    0.94      3993    5.9   9.9293e-02    5.9     5223
  308.3  1641.8   1.27     3.4    0.94       369   55.4   9.1772e-03   55.4     5223
  324.4  1727.8   1.24     3.3    1.10       504   43.3   1.2526e-02   43.3     4702
  343.4  1828.7   1.26     4.6    1.18       665   28.4   1.6536e-02   28.4     4593
  347.6  1851.0   1.27     8.4    1.18      1200   16.8   2.9827e-02   16.8     4240
  361.5  1925.2   1.44    20.7    0.74      7631    3.6   1.8976e-01    3.6     4284
  403.5  2149.1   1.33     4.6    1.11       502   37.0   1.2474e-02   37.0     3233
  475.5  2532.3   1.42     3.7    0.80       447   36.8   1.1103e-02   36.8     2514
  524.8  2795.3   1.70!   10.5   25.59      8874    6.4   2.2066e-01    6.4     3738
  573.7  3055.3   1.53     6.4    0.77      1025   15.6   2.5498e-02   15.6     2178
  599.0  3190.2   1.61    14.9    1.05      3213    5.9   7.9891e-02    5.9     2281
  625.9  3333.3   1.64    27.3    0.71      7895    2.9   1.9631e-01    2.9     2163
  684.0  3643.0   1.66     3.4    0.83       338   40.2   8.4044e-03   40.2     1624
  744.8  3967.0   1.74     4.7    0.98       978   14.6   2.4330e-02   14.6     1363
  747.2  3979.4   1.74     4.1    0.98       706   19.1   1.7558e-02   19.1     1448
  777.4  4140.7   1.77     3.4    0.84       356   35.2   8.8556e-03   35.2     1321
  789.3  4204.0   1.79     6.2    1.27       706   19.8   1.7563e-02   19.8     1490
  807.3  4299.6   1.81     3.4    1.07       294   35.6   7.3005e-03   35.6     1181
  816.5  4348.7   1.82     3.8    1.07       377   28.0   9.3785e-03   28.0     1181
  833.0  4436.4   1.84    47.8    1.63     20443    1.5   5.0832e-01    1.5     1353
  858.2  4570.7   1.87     3.4    0.85       227   53.8   5.6393e-03   53.8     1187
  870.2  4635.0   1.88     3.3    1.02       327   37.0   8.1352e-03   37.0     1103
  884.2  4709.2   1.90     4.8    1.23       384   32.4   9.5481e-03   32.4     1138
  934.2  4975.4   1.93     7.8    1.08      2048    7.8   5.0932e-02    7.8     1168
  936.2  4986.4   1.93    11.2    1.08      2294    6.8   5.7053e-02    6.8     1168
  959.8  5112.1   1.99     6.6    0.75       531   22.2   1.3191e-02   22.2     1009
  991.1  5278.8   2.09     4.4    0.96       569   20.7   1.4144e-02   20.7     1017
  995.6  5302.5   2.09    10.6    0.96      1494    8.9   3.7161e-02    8.9     1017
 1028.6  5478.3   2.07     3.4    1.02       213   52.2   5.3056e-03   52.2      968
 1146.3  6105.6   2.12     3.4    0.85       441   25.6   1.0956e-02   25.6      997
 1151.1  6130.8   2.12    15.1    0.85      2261    6.2   5.6230e-02    6.2      997
 1186.8  6321.2   2.25     3.6    0.78       323   34.9   8.0384e-03   34.9      925
 1272.2  6775.9   2.35     9.8    0.81      1177   11.5   2.9264e-02   11.5     1046
 1315.9  7008.9   2.41     3.8    0.98       191   54.7   4.7534e-03   54.7      747
 1415.6  7539.7   2.52     6.9    0.97       580   15.9   1.4429e-02   15.9      474
 1440.0  7669.6   2.55     3.3    0.96       200   38.6   4.9853e-03   38.6      441
 1446.5  7704.6   2.56     5.1    0.96       378   21.6   9.3960e-03   21.6      441
 1501.0  7994.5   2.46    48.0    2.43     19538    1.7   4.8584e-01    1.7      471
 1550.7  8259.4   2.68     4.2    0.85       258   28.5   6.4038e-03   28.5      305
 1631.8  8691.6   2.78     4.6    1.17       199   35.1   4.9568e-03   35.1      286
 1636.3  8715.6   2.78     4.6    1.17       286   25.6   7.1160e-03   25.6      286
 1664.9  8868.0   2.82     4.7    1.00       145   35.3   3.6102e-03   35.3      183
 1675.4  8923.9   2.83     4.4    1.00       153   32.7   3.8063e-03   32.7      183
 1706.8  9091.0   2.86     3.3    1.19       163   35.1   4.0510e-03   35.1      162
 1777.0  9465.0   2.95     5.4    0.93       407   15.6   1.0132e-02   15.6      168
 1813.0  9656.6   2.83    17.3    1.18      2227    5.0   5.5370e-02    5.0      184
 1898.4 10111.2   3.09     5.1    1.37       317   19.2   7.8802e-03   19.2      145
 2161.5 11513.1   3.40     5.0    1.11       307   17.0   7.6234e-03   17.0      137
 2176.4 11592.4   3.42     5.1    1.11       147   30.8   3.6644e-03   30.8      137
 2264.4 12061.2   3.04    10.7    1.30       663   10.1   1.6492e-02   10.1      115
 2514.7 13394.0   3.81     5.3    1.02       189   25.9   4.7061e-03   25.9       91
 2686.0 14306.7   3.67    21.0    1.15      2797    3.8   6.9542e-02    3.8       78

 ! indicates the Iterative Peak Width fitting reached a limiting value.
