
                       be used for evaluation purposes
                                                            29-Mar-2019 15:08
                       _________________________________

                       P E A K     F I T     R E P O R T
                       _________________________________

 Spectrum file Analysed: AG03202019_FP09_10cm_HPGE2.Chn   
 Sample Title :                                                  

 Spectrum saved on 20-Mar-2019 at  9:34    Collected on 19-Mar-2019 at  9:41
 Sample  Taken  on 19-Mar-2019 at  9:41    Decayed      0 Days,     0 mins.

            Detector file number used:     3
            Energy     Calibration Performed on 27-Mar-2019 at 16:26
            Peak Shape Calibration Performed on 27-Mar-2019 at 16:29


   Datetime:  19-Mar-2019  9:41
   Live:      85710.0 

   Reported Activity values were rounded     
   FitzPeaks Version: 3.71 23rd January 2014           

 Peak   Centre   FW@HM         Goodness   Peak      %      Gammas       %      2 Sigma
Energy  Channel  (KeV)  Signif  of Fit    Area   Uncert.  per sec.   Uncert. Background

   68.7   365.4   1.08!    4.9    1.32      3057   22.4   3.5668e-02   22.4    35055
   70.5   375.2   1.09!    9.3    1.32      5344   12.9   6.2348e-02   12.9    35055
   74.7   397.4   1.09!    9.0    1.32      6735   10.6   7.8579e-02   10.6    35055
   76.8   408.8   1.09!   17.6    1.32     15163    5.2   1.7691e-01    5.2    35055
   79.4   422.3   1.10!    4.9    1.32      4163   17.5   4.8570e-02   17.5    35055
   86.9   462.6   0.96     5.8    1.52      4586   20.8   5.3508e-02   20.8    32982
   89.6   476.9   0.97     6.0    1.52      1738   53.7   2.0283e-02   53.7    36646
   95.1   506.4   0.97     3.5    1.10      1674   36.6   1.9532e-02   36.6    37883
  106.4   566.3   0.99     3.8    1.32      1875   31.4   2.1881e-02   31.4    39312
  108.9   579.6   0.99     4.1    1.32      2622   23.2   3.0595e-02   23.2    39312
  125.3   667.0   1.16!   36.2    1.29     34232    2.5   3.9940e-01    2.5    46747
  140.1   746.1   1.03     6.1    1.00      3728   16.2   4.3491e-02   16.2    36551
  190.9  1016.6   1.23     5.5    0.94      3995   13.2   4.6610e-02   13.2    29309
  195.5  1040.8   1.24    27.8    0.94     20671    2.9   2.4118e-01    2.9    29309
  215.4  1147.0   1.11     5.4    0.96      2743   16.7   3.2002e-02   16.7    24919
  234.4  1248.3   1.24    14.6    0.92      7302    6.6   8.5191e-02    6.6    21546
  245.2  1305.5   1.32!   20.5    1.06     12192    4.1   1.4225e-01    4.1    20629
  248.4  1323.0   1.33!    5.6    1.06      3877   12.2   4.5240e-02   12.2    20629
  277.7  1478.7   1.19     3.5    0.90      1052   34.2   1.2277e-02   34.2    14561
  285.2  1519.0   1.31    21.5    0.77     10783    4.2   1.2581e-01    4.2    13629
  303.3  1615.2   1.32    18.5    1.03      8150    4.2   9.5088e-02    4.2    12471
  308.5  1643.0   1.33     3.3    1.03       839   36.2   9.7866e-03   36.2    12471
  324.6  1728.8   1.24     5.6    0.80      1155   27.0   1.3475e-02   27.0    10259
  343.5  1829.1   1.26     3.5    0.80      1241   22.8   1.4479e-02   22.8     9324
  347.5  1850.9   1.27     8.2    0.80      2386   11.7   2.7841e-02   11.7     9324
  361.5  1925.3   1.41    29.1    0.92     15516    2.6   1.8103e-01    2.6     9436
  475.6  2532.8   1.42     3.7    1.29       941   27.5   1.0984e-02   27.5     5691
  524.8  2795.3   1.70!   16.0   71.40     22399    5.6   2.6133e-01    5.6    10751
  573.7  3055.3   1.53     6.2    1.02      1777   13.7   2.0727e-02   13.7     5037
  599.0  3190.4   1.54    21.3    1.24      6647    4.7   7.7552e-02    4.7     5034
  625.9  3333.3   1.70    37.0    0.78     17101    2.1   1.9953e-01    2.1     5093
  683.4  3640.0   1.66     3.6    1.27       370   54.6   4.3220e-03   54.6     3604
  744.8  3967.0   1.74     6.2    1.34      1877   10.8   2.1904e-02   10.8     2928
  747.1  3979.2   1.74     5.7    1.34      1465   14.0   1.7091e-02   14.0     3111
  777.3  4139.9   1.77     4.1    1.34       813   19.4   9.4898e-03   19.4     2788
  786.8  4190.5   1.78     3.4    1.34       735   21.2   8.5728e-03   21.2     2788
  789.3  4204.0   1.79     9.6    1.34      1762   10.0   2.0559e-02   10.0     2952
  807.4  4300.3   1.81     5.0    1.04       535   28.9   6.2401e-03   28.9     2581
  816.6  4349.5   1.82     5.1    1.04       837   18.7   9.7685e-03   18.7     2581
  833.0  4436.4   1.85    84.8    2.83     66173    1.0   7.7206e-01    1.0     2884
  858.0  4570.0   1.87     3.8    0.95       365   47.9   4.2548e-03   47.9     2526
  869.9  4633.1   1.88     3.8    0.91       349   48.6   4.0681e-03   48.6     2312
  884.1  4708.9   1.90     6.3    1.17       911   18.8   1.0631e-02   18.8     2282
  887.7  4728.2   1.90     4.0    1.17       476   35.2   5.5495e-03   35.2     2282
  929.1  4948.4   1.93     3.3    1.10       278   54.7   3.2389e-03   54.7     2253
  934.1  4975.0   1.93     9.5    1.10      2442    7.6   2.8490e-02    7.6     2135
  936.2  4986.3   1.94    16.6    1.10      5077    4.0   5.9234e-02    4.0     2253
  959.7  5111.5   1.99     6.2    1.03      1080   16.8   1.2602e-02   16.8     2148
  991.0  5278.4   2.13     5.5    1.13      1148   15.3   1.3396e-02   15.3     2239
  995.5  5302.5   2.14    16.1    1.13      3216    6.1   3.7519e-02    6.1     2239
 1028.7  5479.0   2.07     3.4    0.68       447   35.8   5.2120e-03   35.8     2114
 1146.3  6105.3   2.17     5.7    0.81       974   18.0   1.1366e-02   18.0     2144
 1151.1  6130.8   2.18    21.1    0.81      4892    4.4   5.7076e-02    4.4     2144
 1186.7  6320.4   2.25     4.1    1.02       494   35.1   5.7661e-03   35.1     2140
 1205.3  6419.4   2.28     3.5    0.97       297   57.1   3.4625e-03   57.1     2099
 1272.2  6775.8   2.37    12.3    0.99      2178    9.1   2.5408e-02    9.1     2254
 1316.3  7010.7   2.41     4.3    1.10       448   34.2   5.2274e-03   34.2     1614
 1369.2  7292.8   2.47     3.5    0.78       243   53.3   2.8375e-03   53.3     1177
 1415.6  7539.8   2.40    10.5    0.81      1335    9.2   1.5575e-02    9.2      957
 1423.3  7581.1   2.41     4.0    0.81       289   36.0   3.3766e-03   36.0      915
 1440.0  7670.0   2.55     4.0    1.05       417   26.9   4.8625e-03   26.9      924
 1446.6  7705.1   2.56     6.0    1.05       793   15.0   9.2466e-03   15.0      924
 1501.0  7994.5   2.47    72.7    2.76     42208    1.2   4.9245e-01    1.2     1118
 1536.7  8185.1   2.67     3.6    1.00       153   50.0   1.7798e-03   50.0      618
 1550.8  8260.2   2.68     6.1    1.00       619   14.6   7.2267e-03   14.6      618
 1632.1  8692.9   2.78     6.2    1.08       420   25.4   4.9049e-03   25.4      662
 1636.3  8715.4   2.78     3.9    1.08       487   21.5   5.6819e-03   21.5      662
 1665.1  8868.6   2.82     4.5    1.01       245   29.9   2.8568e-03   29.9      441
 1675.3  8923.1   2.83     3.6    1.01       241   30.8   2.8095e-03   30.8      425
 1706.9  9091.3   2.87     4.5    0.94       358   19.6   4.1810e-03   19.6      394
 1720.9  9165.8   2.88     3.4    0.94       190   35.0   2.2194e-03   35.0      394
 1777.4  9466.9   2.70    10.3    1.14       853   10.6   9.9508e-03   10.6      345
 1813.0  9656.6   2.87    23.9    1.30      4678    3.6   5.4582e-02    3.6      375
 1888.5 10058.9   3.08     3.5    0.90       157   42.3   1.8366e-03   42.3      344
 1898.3 10110.7   3.09     7.3    0.90       655   12.5   7.6372e-03   12.5      344
 2161.4 11512.3   3.40     6.1    0.99       668   11.4   7.7977e-03   11.4      311
 2176.6 11593.1   3.42     5.9    0.99       360   18.8   4.1945e-03   18.8      311
 2264.6 12061.8   3.18    13.5    1.17      1352    7.6   1.5769e-02    7.6      287
 2514.7 13394.3   3.81     6.7    0.71       458   15.3   5.3449e-03   15.3      200
 2686.1 14307.0   3.52    31.1    2.56      5874    3.1   6.8528e-02    3.1      128

 ! indicates the Iterative Peak Width fitting reached a limiting value.
