
                       be used for evaluation purposes
                                                            14-Mar-2019  9:59
                       _________________________________

                       P E A K     F I T     R E P O R T
                       _________________________________

 Spectrum file Analysed: AJ081718_10cm_In01.Chn           
 Sample Title : Cs137                                            

 Spectrum saved on 25-Oct-2018 at 16:16    Collected on 17-Aug-2018 at 15:06
 Sample  Taken  on 17-Aug-2018 at 15:06    Decayed      0 Days,     0 mins.

            Detector file number used:     1
            Energy     Calibration Performed on 13-Mar-2019 at 17:27
            Peak Shape Calibration Performed on 13-Mar-2019 at 17:31

 

   Reported Activity values were rounded     
   FitzPeaks Version: 3.71 23rd January 2014           

 Peak   Centre   FW@HM         Goodness   Peak      %      Gammas       %      2 Sigma
Energy  Channel  (KeV)  Signif  of Fit    Area   Uncert.  per sec.   Uncert. Background

   46.3   247.9   0.92     4.7    1.00       538   20.7   7.6901e-03   20.7     1050
   53.2   284.7   0.92     3.8    1.09       288   40.5   4.1189e-03   40.5     1035
   63.2   337.8   0.87    12.7    0.33      1569    8.5   2.2426e-02    8.5     1199
   72.7   388.5   0.92    11.8    0.97      1573    8.7   2.2494e-02    8.7     1291
   74.8   400.1   0.93    16.1    0.97      2728    5.2   3.9005e-02    5.2     1434
   84.6   452.1   0.96     6.9    2.32      1291   10.8   1.8458e-02   10.8     1122
   87.2   466.3   0.96     3.5    2.32       324   34.1   4.6308e-03   34.1     1122
   92.5   494.4   0.99    13.6    1.49      2193    6.3   3.1353e-02    6.3     1030
  139.8   746.8   1.02     3.4    1.05       156   53.8   2.2232e-03   53.8      837
  143.8   767.9   1.03     5.1    1.05       347   26.0   4.9619e-03   26.0      837
  185.7   991.9   1.05    14.1    1.16      1708    7.3   2.4423e-02    7.3      619
  190.2  1016.0   1.05    44.6    1.16     15329    1.5   2.1915e-01    1.5      619
  198.4  1059.4   1.09     3.6    0.91       165   48.8   2.3589e-03   48.8      617
  205.4  1096.7   1.10     3.3    0.99       126   59.6   1.7987e-03   59.6      604
  238.6  1274.2   1.13     4.4    1.19       216   35.7   3.0934e-03   35.7      545
  336.2  1795.2   1.24     4.5    1.29       414   19.3   5.9229e-03   19.3      465
  351.9  1879.0   1.26     3.5    0.91       156   42.7   2.2342e-03   42.7      397
  510.9  2727.4   2.88     4.2    0.87      1548    8.5   2.2134e-02    8.5      637
  528.0  2818.9   1.46     3.7    1.33       135   49.8   1.9312e-03   49.8      311
  558.4  2981.0   1.48    13.1    0.96      1656    5.5   2.3677e-02    5.5      292
  609.3  3252.4   1.55     3.5    1.09       134   46.7   1.9100e-03   46.7      308
  725.1  3870.9   1.71    12.2    1.16      1323    6.5   1.8910e-02    6.5      242
  803.1  4286.7   1.77     3.6    0.90       112   46.7   1.5958e-03   46.7      200
 1460.2  7794.2   2.51     4.0    1.14       127   32.3   1.8087e-03   32.3       83
 2614.2 13953.0   3.81     5.2    0.69       106   28.9   1.5088e-03   28.9       22
