
                       be used for evaluation purposes
                                                            21-Mar-2019 12:06
                       _________________________________

                       P E A K     F I T     R E P O R T
                       _________________________________

 Spectrum file Analysed: AB03112019_FP09_10cm_HPGE1.Chn   
 Sample Title :                                                  

 Spectrum saved on 11-Mar-2019 at  9:46    Collected on  7-Mar-2019 at 15:52
 Sample  Taken  on  7-Mar-2019 at 15:52    Decayed      0 Days,     0 mins.

            Detector file number used:     2
            Energy     Calibration Performed on 20-Mar-2019 at 15:12
            Peak Shape Calibration Performed on 20-Mar-2019 at 15:15

 

   Reported Activity values were rounded     
   FitzPeaks Version: 3.71 23rd January 2014           

 Peak   Centre   FW@HM         Goodness   Peak      %      Gammas       %      2 Sigma
Energy  Channel  (KeV)  Signif  of Fit    Area   Uncert.  per sec.   Uncert. Background

   47.4   252.2   0.93     3.9    1.05      1617   59.4   5.0702e-03   59.4    74194
   68.5   364.5   1.05    12.3    1.04     16872    9.6   5.2912e-02    9.6   183159
   70.3   374.4   1.06    24.1    1.04     33334    5.2   1.0454e-01    5.2   183159
   74.4   396.1   1.08    24.0    3.82     34586    8.7   1.0846e-01    8.7   234955
   76.6   408.0   1.08    46.3    3.82     79581    3.9   2.4957e-01    3.9   213595
   79.2   421.4   1.09    10.9    3.82     24351   12.9   7.6365e-02   12.9   234955
   86.7   461.7   1.12!   15.0    1.39     27338   10.6   8.5733e-02   10.6   214733
   89.4   475.8   1.12!    9.4    1.39     12527   22.8   3.9285e-02   22.8   214733
   95.0   505.7   0.98     4.2    2.11      7119   20.6   2.2325e-02   20.6   187076
  125.1   665.9   1.14    79.0    1.18    148512    1.3   4.6574e-01    1.3   219408
  139.9   745.1   1.09    14.8    1.57     17097    8.8   5.3616e-02    8.8   192796
  147.4   785.1   1.04     3.4    1.45      2283   58.9   7.1592e-03   58.9   163974
  175.8   936.3   1.07     4.0    0.89      4004   29.0   1.2557e-02   29.0   127422
  190.7  1015.7   1.19    14.5    1.65     16853    6.9   5.2852e-02    6.9   121337
  195.3  1040.3   1.19    67.0    1.65     95941    1.3   3.0088e-01    1.3   121337
  214.8  1144.1   1.12     3.6    0.92      3404   26.8   1.0675e-02   26.8    93016
  245.1  1305.2   1.24    60.3    3.62     68681    1.6   2.1539e-01    1.6    75268
  248.3  1322.3   1.25    10.8    3.62     13062    8.0   4.0964e-02    8.0    75268
  252.0  1342.3   1.25     4.1    3.62      2091   44.7   6.5568e-03   44.7    75268
  277.5  1477.8   1.19     3.9    1.37      3541   21.2   1.1105e-02   21.2    57717
  284.8  1517.0   1.20     6.9    0.94      3283   20.8   1.0295e-02   20.8    54513
  303.2  1614.6   1.30    35.0    0.87     28817    2.6   9.0371e-02    2.6    51005
  308.2  1641.2   1.30     8.8    0.87      5182   12.7   1.6252e-02   12.7    51005
  336.8  1793.8   1.25     6.1    0.70      2966   20.6   9.3008e-03   20.6    40702
  347.4  1850.0   1.35    16.8    1.11     10895    6.2   3.4169e-02    6.2    44683
  361.3  1924.3   1.37    57.0    1.27     53002    1.6   1.6622e-01    1.6    36391
  403.3  2147.8   1.33     6.3    0.91      2288   23.3   7.1757e-03   23.3    29293
  420.3  2238.7   1.35     5.1    1.43      1768   30.8   5.5441e-03   30.8    26868
  450.6  2399.7   1.38     3.7    1.28       995   52.4   3.1197e-03   52.4    23796
  475.3  2531.7   1.41     8.6    0.96      4019   12.3   1.2604e-02   12.3    23373
  524.6  2794.3   1.69!   44.9  143.76    114858    9.5   3.6020e-01    9.5    91960
  573.4  3053.8   1.50    22.0    1.05      9168    5.2   2.8753e-02    5.2    19148
  577.6  3076.5   1.50     3.5    1.05       855   52.8   2.6826e-03   52.8    20516
  585.0  3115.6   1.55    10.3    0.90      4137   11.4   1.2973e-02   11.4    20741
  598.7  3188.8   1.53    54.8    0.85     35679    1.8   1.1189e-01    1.8    20954
  625.6  3331.7   1.58    71.1    1.48     59010    1.2   1.8506e-01    1.2    20624
  679.3  3618.1   1.64     3.3    1.08      1120   34.9   3.5134e-03   34.9    15372
  683.2  3638.9   1.65     8.1    1.08      2061   19.5   6.4634e-03   19.5    15372
  744.3  3964.4   1.87    14.1    1.50      9588    4.8   3.0069e-02    4.8    13448
  746.6  3976.5   1.87    15.6    1.50      8454    5.4   2.6513e-02    5.4    12701
  762.3  4060.0   1.74     3.5    0.80       691   51.0   2.1659e-03   51.0    11128
  776.8  4137.1   1.74     9.8    1.41      3877    8.9   1.2159e-02    8.9    10517
  783.7  4174.0   1.75     3.5    1.41       818   37.2   2.5644e-03   37.2    10517
  786.4  4188.6   1.75     4.9    1.41      1971   15.9   6.1824e-03   15.9    11175
  788.9  4201.7   1.76    18.9    1.41      6124    5.8   1.9205e-02    5.8    11175
  792.9  4222.9   1.76     4.8    1.41      1353   23.8   4.2419e-03   23.8    11175
  806.6  4296.0   1.79     8.9    1.29      2531   14.4   7.9375e-03   14.4    10924
  816.1  4346.6   1.71    12.0    0.73      3634    9.4   1.1397e-02    9.4     9910
  827.8  4408.9   1.73     5.2    3.26      2263   19.1   7.0960e-03   19.1     9021
  832.4  4433.6   1.73   194.0    3.26    305703    0.5   9.5871e-01    0.5     9584
  853.4  4545.2   1.84     3.6    1.17       571   46.3   1.7899e-03   46.3     9188
  857.4  4566.5   1.84     8.1    1.17      2625   10.4   8.2336e-03   10.4     8678
  862.0  4590.9   1.85     4.6    1.17      1128   24.3   3.5375e-03   24.3     9188
  869.4  4630.4   1.86     7.8    1.17      1695   16.5   5.3151e-03   16.5     8678
  883.5  4705.6   1.75    17.9    0.98      4973    6.3   1.5596e-02    6.3     8245
  887.0  4724.2   1.76    10.4    0.98      2072   14.6   6.4987e-03   14.6     8245
  922.1  4911.2   1.80     3.6    1.20       514   54.3   1.6111e-03   54.3     7783
  928.3  4944.2   1.80     3.3    1.20      1088   27.5   3.4133e-03   27.5     7783
  933.3  4971.0   1.81    97.8    1.20     84187    0.8   2.6402e-01    0.8     8240
  935.5  4982.4   1.81     3.7    1.20     21111    2.2   6.6207e-02    2.2     7783
  958.9  5107.2   1.89    15.4    0.60      4078    7.8   1.2788e-02    7.8     7568
  974.0  5187.6   1.98     3.7    0.96       783   38.7   2.4558e-03   38.7     7981
  976.2  5199.7   1.98     3.3    0.96       816   38.8   2.5601e-03   38.8     7981
  990.3  5274.8   1.88    16.7    1.13      4650    7.2   1.4582e-02    7.2     7413
  994.7  5297.9   1.89    36.0    1.13     13268    2.8   4.1610e-02    2.8     7413
 1027.5  5472.8   2.04     6.4    1.12      1609   20.2   5.0466e-03   20.2     7901
 1091.8  5815.3   1.96    13.9    0.93      3454    8.9   1.0833e-02    8.9     7040
 1107.5  5898.9   2.13     3.5    0.89       715   42.2   2.2409e-03   42.2     7374
 1145.1  6099.1   1.99    15.4    0.92      3604    8.6   1.1301e-02    8.6     7008
 1149.9  6124.8   2.00    46.5    0.92     18326    2.2   5.7473e-02    2.2     7008
 1185.7  6315.2   2.22     9.3    0.72      2170   14.5   6.8047e-03   14.5     7668
 1204.2  6413.8   2.24     5.7    1.17      1172   27.6   3.6745e-03   27.6     7780
 1239.3  6600.6   2.28     3.5    1.45       621   55.2   1.9466e-03   55.2     7940
 1270.9  6769.1   2.14    26.9    1.35      8298    4.6   2.6024e-02    4.6     7394
 1308.1  6967.2   2.04    23.7    0.70      5311    5.1   1.6657e-02    5.1     5318
 1314.9  7003.4   2.05     8.8    0.70      1602   15.0   5.0249e-03   15.0     5052
 1367.7  7284.8   2.42     7.4    1.11      1136   22.4   3.5622e-03   22.4     4557
 1414.0  7531.4   2.21    27.0    0.94      6172    3.9   1.9354e-02    3.9     3188
 1421.9  7573.6   2.22     8.1    0.94       979   19.7   3.0697e-03   19.7     3188
 1438.6  7662.3   2.13!   11.3    1.12      1510   12.6   4.7361e-03   12.6     2961
 1445.2  7697.5   2.14!   18.3    1.12      2993    6.9   9.3866e-03    6.9     3109
 1499.4  7986.3   2.26   160.9    4.64    153707    0.7   4.8203e-01    0.7     2954
 1535.4  8177.9   2.22!    6.0    1.11       591   23.9   1.8549e-03   23.9     2012
 1541.5  8210.7   2.23!    3.5    1.11       293   47.6   9.1928e-04   47.6     2012
 1549.1  8251.0   2.24!   16.0    1.11      2512    6.7   7.8770e-03    6.7     2108
 1579.1  8410.5   2.66     4.4    0.78       596   28.2   1.8700e-03   28.2     2093
 1584.2  8438.0   2.67     3.3    0.78       333   49.5   1.0456e-03   49.5     2177
 1624.7  8653.3   2.71     5.9    1.44       873   18.6   2.7389e-03   18.6     1820
 1630.1  8682.5   2.72    14.4    1.44      2435    7.6   7.6366e-03    7.6     1820
 1634.5  8705.9   2.72    13.8    1.44      3412    5.5   1.0700e-02    5.5     1893
 1641.7  8744.2   2.73     3.4    1.44       377   41.5   1.1823e-03   41.5     1893
 1663.5  8860.4   2.39    12.3    1.12      1361    9.6   4.2688e-03    9.6     1484
 1673.7  8914.4   2.40     9.0    1.12      1216   10.5   3.8138e-03   10.5     1484
 1681.6  8956.7   2.41     5.4    1.12       376   32.0   1.1782e-03   32.0     1484
 1705.1  9081.9   2.42    10.5    1.10      1124   10.1   3.5236e-03   10.1     1322
 1719.1  9156.3   2.43     7.2    1.10       803   13.7   2.5175e-03   13.7     1322
 1729.4  9211.1   2.45     3.7    1.10       303   32.8   9.5123e-04   32.8     1380
 1737.5  9254.1   2.46     3.8    1.10       362   28.9   1.1339e-03   28.9     1322
 1758.4  9365.8   2.87     6.0    1.30       408   37.4   1.2802e-03   37.4     1408
 1775.4  9456.0   2.45!   21.3    0.82      3298    5.2   1.0342e-02    5.2     1203
 1811.1  9646.6   2.51    54.9    1.13     17825    1.7   5.5902e-02    1.7     1187
 1817.6  9681.0   2.52     5.2    1.13       377   38.6   1.1808e-03   38.6     1239
 1886.1 10046.1   2.56!    4.2    0.95       431   26.9   1.3514e-03   26.9     1181
 1896.2 10099.8   2.57!   17.9    0.95      2374    6.4   7.4437e-03    6.4     1181
 1922.7 10240.8   3.05     5.0    1.14       350   41.2   1.0975e-03   41.2     1307
 1987.4 10585.3   3.13     3.7    0.89       253   55.5   7.9479e-04   55.5     1304
 2159.0 11499.4   3.29    17.4    1.20      4115    4.1   1.2904e-02    4.1     1223
 2174.4 11581.5   3.31    11.5    1.20      1509    9.4   4.7309e-03    9.4     1223
 2262.2 12049.0   2.92!   31.4    1.57      5419    3.8   1.6994e-02    3.8     1153
 2354.0 12538.1   3.54     4.5    1.14       408   38.4   1.2794e-03   38.4     1435
 2512.1 13380.0   3.16!   16.8    0.82      1781    7.5   5.5857e-03    7.5      731
 2683.3 14291.8   3.33!   80.1    7.80     29391    1.7   9.2173e-02    1.7       81
 2842.2 15138.6   4.09     3.5    0.87        76   51.2   2.3917e-04   51.2       85

 ! indicates the Iterative Peak Width fitting reached a limiting value.
