
                       be used for evaluation purposes
                                                            14-Mar-2019 15:34
                       _________________________________

                       P E A K     F I T     R E P O R T
                       _________________________________

 Spectrum file Analysed: Sum_Spec.dat                     
 Sample Title : Cs137                                            

 Spectrum saved on 25-Oct-2018 at 16:20    Collected on 14-Aug-2018 at 21:28
 Sample  Taken  on 14-Aug-2018 at 20:28    Decayed      0 Days,     0 mins.

            Detector file number used:     1
            Energy     Calibration Performed on 13-Mar-2019 at 17:27
            Peak Shape Calibration Performed on 13-Mar-2019 at 17:31

 
   Datetime:   14-Aug-2018 21:12
   Live:       1080.00 
   Mass:       349
   Shelf:      22

   Reported Activity values were rounded     
   FitzPeaks Version: 3.71 23rd January 2014           

 Peak   Centre   FW@HM         Goodness   Peak      %      Gammas       %      2 Sigma
Energy  Channel  (KeV)  Signif  of Fit    Area   Uncert.  per sec.   Uncert. Background

   72.6   388.1   0.98    26.8    1.15      8514    6.2   7.8831e+00    6.2     5668
   74.8   399.7   0.98    36.7    1.15     15355    3.5   1.4217e+01    3.5     5668
   84.6   452.3   1.10    17.1    0.79      6647    4.0   6.1542e+00    4.0     5007
   87.2   465.9   1.11     7.9    0.79      1918   12.0   1.7758e+00   12.0     5007
  138.2   738.2   1.05    37.0    1.58     14706    2.3   1.3617e+01    2.3     4877
  156.4   835.6   1.04     3.8    1.21       626   37.6   5.7950e-01   37.6     5188
  190.2  1016.0   1.08     3.7    1.14       510   43.5   4.7239e-01   43.5     4400
  245.1  1308.6   1.14     3.5    1.35       476   44.7   4.4078e-01   44.7     4483
  278.5  1486.9   1.18     3.3    0.71       440   40.6   4.0717e-01   40.6     3545
  303.6  1621.2   1.21     3.5    1.06       338   49.2   3.1291e-01   49.2     2901
  336.2  1795.0   1.30    77.4    2.80     54839    0.9   5.0777e+01    0.9     2572
  355.4  1897.5   1.26     9.1    0.84      1553   10.8   1.4375e+00   10.8     2331
  391.6  2090.7   1.35    31.8    0.69     10150    2.3   9.3986e+00    2.3     2028
  416.8  2225.3   1.40    76.4    1.27     53832    0.9   4.9844e+01    0.9     1978
  463.2  2472.6   1.39     8.0    0.97      1313   10.9   1.2153e+00   10.9     1521
  510.9  2727.4   2.88     9.9    1.95     10894    3.1   1.0087e+01    3.1     2922
  617.4  3295.6   1.56     4.5    0.61       645   20.2   5.9752e-01   20.2     1537
  705.8  3767.6   1.66     3.8    0.84       208   59.7   1.9239e-01   59.7     1317
  818.5  4369.1   1.87    36.2    0.97     13912    1.9   1.2882e+01    1.9     1823
  972.2  5189.6   1.96     5.0    1.05       538   26.9   4.9840e-01   26.9     1551
 1089.6  5816.2   2.15     3.3    1.84       383   37.7   3.5460e-01   37.7     1338
 1097.0  5855.5   2.15    74.9    1.84     52993    1.0   4.9068e+01    1.0     1405
 1293.2  6902.8   2.37    87.2    2.02     67561    0.8   6.2556e+01    0.8      290
 1507.2  8044.8   2.61    27.0    1.01      6932    2.3   6.4187e+00    2.3      165
 1600.6  8543.5   2.67     5.0    1.64       446   15.6   4.1290e-01   15.6      193
 1752.0  9351.1   2.93    11.4    0.99      1443    6.4   1.3361e+00    6.4      211
 2111.6 11270.8   3.22    31.6    1.16      8330    2.1   7.7130e+00    2.1        8

