
                       be used for evaluation purposes
                                                            18-Mar-2019 10:54
                       _________________________________

                       P E A K     F I T     R E P O R T
                       _________________________________

 Spectrum file Analysed: Sum_Spec.dat                     
 Sample Title : Cs137                                            

 Spectrum saved on 25-Oct-2018 at 16:27    Collected on 15-Aug-2018 at  1:18
 Sample  Taken  on 15-Aug-2018 at  1:06    Decayed      0 Days,     0 mins.

            Detector file number used:     1
            Energy     Calibration Performed on 13-Mar-2019 at 17:27
            Peak Shape Calibration Performed on 13-Mar-2019 at 17:31


   Datetime:   15-Aug-2018 1:06
   Live:       840.00 
   Mass:       240 
   Shelf:      5

   Reported Activity values were rounded     
   FitzPeaks Version: 3.71 23rd January 2014           

 Peak   Centre   FW@HM         Goodness   Peak      %      Gammas       %      2 Sigma
Energy  Channel  (KeV)  Signif  of Fit    Area   Uncert.  per sec.   Uncert. Background

   72.6   388.2   0.96     8.7    0.80      1171   11.2   1.3936e+00   11.2     1538
   74.8   399.7   0.96    12.5    0.80      1990    7.1   2.3694e+00    7.1     1538
   84.6   452.1   0.96     3.8    1.88       834   16.9   9.9301e-01   16.9     1472
   87.3   466.7   0.96     3.4    1.88       242   49.6   2.8839e-01   49.6     1472
  202.5  1081.2   1.12    51.8    0.90     24641    1.4   2.9334e+01    1.4     1823
  266.8  1424.6   1.16     3.7    1.23       404   29.9   4.8068e-01   29.9     1349
  388.5  2073.9   1.33    18.8    1.09      3380    4.2   4.0239e+00    4.2      826
  392.9  2097.6   1.34     3.6    1.09       170   52.0   2.0243e-01   52.0      826
  448.2  2392.5   1.37     3.9    0.65       215   39.8   2.5617e-01   39.8      700
  479.4  2559.5   1.47    33.5    0.94     11411    2.0   1.3585e+01    2.0      760
  510.9  2727.4   2.79    21.4    1.75     44939    1.0   5.3499e+01    1.0     1580
  555.5  2965.4   1.49     8.0    1.09      1054    9.4   1.2549e+00    9.4      801
  560.6  2992.9   1.50     3.5    1.09       200   43.7   2.3751e-01   43.7      747
  658.1  3512.9   1.60     3.6    1.06       334   36.1   3.9818e-01   36.1     1245
  681.9  3640.1   1.63     3.6    1.09       292   43.3   3.4781e-01   43.3     1377
  724.0  3864.6   1.68     4.5    1.00       202   50.6   2.4042e-01   50.6      822
  743.3  3967.7   1.70     5.4    0.89       346   22.2   4.1239e-01   22.2      661
  749.6  4001.4   1.71     3.5    0.89       216   32.0   2.5723e-01   32.0      661
  756.7  4039.4   1.72     3.4    0.89       179   39.5   2.1340e-01   39.5      661
  846.4  4518.0   1.82     3.4    0.94        88   54.2   1.0427e-01   54.2      172
  908.9  4851.6   1.96    82.6    3.92     63557    0.9   7.5663e+01    0.9      112
  934.3  4987.3   1.92     8.7    0.93       568    9.4   6.7665e-01    9.4       69
 1024.1  5466.2   2.02     4.2    1.04       218   18.1   2.5928e-01   18.1       53
 1368.1  7302.6   2.40     6.8    1.01       268   16.2   3.1869e-01   16.2       47
 1405.0  7499.6   2.45     3.6    1.06       127   24.4   1.5066e-01   24.4       35
 1712.6  9141.2   2.79     5.6    0.72       279   13.2   3.3239e-01   13.2       23
 2752.9 14693.2   3.96     5.2    0.62       129   23.9   1.5344e-01   23.9        2
