
                       be used for evaluation purposes
                                                            19-Apr-2019 12:58
                       _________________________________

                       P E A K     F I T     R E P O R T
                       _________________________________

 Spectrum file Analysed: AL082718_10cm_In03.Chn           
 Sample Title : Cs137                                            

 Spectrum saved on 25-Oct-2018 at  8:31    Collected on 26-Aug-2018 at 13:40
 Sample  Taken  on 26-Aug-2018 at 13:40    Decayed      0 Days,     0 mins.

            Detector file number used:     1
            Energy     Calibration Performed on 13-Mar-2019 at 17:27
            Peak Shape Calibration Performed on 13-Mar-2019 at 17:31


   Datetime:  26-Aug-2018 13:40
   Live:      77889.0 
   Mass:      349
   Shelf:     10

   Reported Activity values were rounded     
   FitzPeaks Version: 3.71 23rd January 2014           

 Peak   Centre   FW@HM         Goodness   Peak      %      Gammas       %      2 Sigma
Energy  Channel  (KeV)  Signif  of Fit    Area   Uncert.  per sec.   Uncert. Background

   46.3   247.9   0.92     4.1    1.32       558   41.4   7.1647e-03   41.4     4162
   53.3   284.9   0.92     3.4    0.78       393   53.1   5.0410e-03   53.1     4484
   63.1   337.6   0.93     8.9    0.87      1916   12.9   2.4593e-02   12.9     4586
   72.7   388.5   0.91    21.1    1.05      5525    5.0   7.0937e-02    5.0     4988
   74.8   400.0   0.91    32.0    1.05      9955    3.0   1.2781e-01    3.0     5542
   84.6   452.3   1.10    13.2    1.32      4347    5.7   5.5805e-02    5.7     4850
   87.3   466.6   1.11     6.2    1.32      1103   20.8   1.4167e-02   20.8     4850
   92.5   494.2   0.97     8.9    2.43      2271   11.4   2.9157e-02   11.4     4104
  143.7   767.8   1.03     3.8    1.35       372   52.6   4.7717e-03   52.6     3325
  171.3   915.0   1.09    19.7    1.24      4797    4.4   6.1584e-02    4.4     2277
  185.7   991.8   1.06    12.6    0.97      2018    8.6   2.5905e-02    8.6     2289
  190.2  1015.8   1.07   123.9    0.97    121916    0.6   1.5652e+00    0.6     2081
  198.2  1058.5   1.09     3.6    1.01       243   56.4   3.1169e-03   56.4     1945
  238.6  1274.2   1.13     3.7    1.07       224   57.2   2.8783e-03   57.2     1614
  245.4  1310.2   1.11    19.0    1.31      3802    4.4   4.8810e-02    4.4     1597
  336.1  1794.7   1.24     5.8    1.05       745   14.6   9.5588e-03   14.6     1321
  342.1  1826.3   1.25     3.3    1.05       210   48.1   2.6910e-03   48.1     1321
  510.9  2727.3   2.88     4.9    1.04      1757   12.2   2.2563e-02   12.2     2213
  527.7  2817.3   1.46     3.4    0.80       312   35.2   4.0047e-03   35.2     1098
  558.4  2980.7   1.50    40.2    0.97     13686    1.8   1.7571e-01    1.8      964
  725.1  3870.6   1.70    34.6    1.40     11023    2.1   1.4153e-01    2.1      795
 1299.5  6936.3   2.33     5.1    0.79       291   18.5   3.7395e-03   18.5      138
 1460.5  7795.5   2.51     4.4    0.97       191   21.8   2.4472e-03   21.8       73
 2613.7 13950.6   3.81     4.6    0.94        69   43.0   8.8776e-04   43.0       29

