
                       be used for evaluation purposes
                                                            21-Mar-2019 12:38
                       _________________________________

                       P E A K     F I T     R E P O R T
                       _________________________________

 Spectrum file Analysed: AB03112019_FP07_10cm_HPGE2.Chn   
 Sample Title :                                                  

 Spectrum saved on 11-Mar-2019 at  9:49    Collected on  7-Mar-2019 at 15:53
 Sample  Taken  on  7-Mar-2019 at 15:53    Decayed      0 Days,     0 mins.

            Detector file number used:     2
            Energy     Calibration Performed on 20-Mar-2019 at 15:12
            Peak Shape Calibration Performed on 20-Mar-2019 at 15:15

 

   Reported Activity values were rounded     
   FitzPeaks Version: 3.71 23rd January 2014           

 Peak   Centre   FW@HM         Goodness   Peak      %      Gammas       %      2 Sigma
Energy  Channel  (KeV)  Signif  of Fit    Area   Uncert.  per sec.   Uncert. Background

   68.7   365.6   1.09!    9.8    1.04     12177   10.2   3.8157e-02   10.2   116841
   70.5   375.3   1.09!   16.1    1.04     21144    6.1   6.6258e-02    6.1   116841
   74.6   397.2   1.10!   18.4    2.12     23178   10.2   7.2632e-02   10.2   143042
   76.8   408.9   1.10!   35.0    2.12     52781    4.7   1.6540e-01    4.7   143042
   79.3   422.3   1.11!    8.2    2.12     13355   18.3   4.1850e-02   18.3   143042
   86.9   462.7   1.12!   10.3    2.65     17526   14.5   5.4919e-02   14.5   151274
   89.5   476.8   1.12!    6.4    2.65      8429   29.6   2.6414e-02   29.6   151274
   95.0   506.0   0.98     5.3    1.71      7638   17.7   2.3936e-02   17.7   142069
  102.1   543.9   0.99     4.7    1.24      4113   25.0   1.2887e-02   25.0   147335
  106.5   567.1   0.99     5.7    1.24      7187   14.3   2.2522e-02   14.3   147335
  108.8   579.3   1.00     7.4    1.24      9785   10.8   3.0661e-02   10.8   147335
  120.3   640.4   1.01     3.4    1.39      2716   45.9   8.5108e-03   45.9   165171
  125.3   667.0   1.17!   66.8    0.60    118182    1.4   3.7034e-01    1.4   176828
  140.1   745.9   1.19!   12.3    0.85     14814    8.8   4.6423e-02    8.8   165010
  176.0   937.2   1.07     4.0    0.93      3570   30.5   1.1188e-02   30.5   115748
  190.8  1016.3   1.23    11.7    1.77     13887    8.5   4.3518e-02    8.5   112149
  195.4  1040.8   1.23    55.1    1.77     74851    1.7   2.3456e-01    1.7   112149
  215.3  1146.8   1.12     9.9    1.50     10553    9.0   3.3071e-02    9.0    86441
  234.4  1248.4   1.27    28.9    1.88     29190    4.0   9.1471e-02    4.0    87931
  245.1  1305.5   1.28    39.6    2.01     43080    2.2   1.3500e-01    2.2    76284
  248.5  1323.2   1.29    12.9    2.01     13797    6.8   4.3236e-02    6.8    76284
  252.2  1343.1   1.29     4.7    2.01      2747   30.9   8.6075e-03   30.9    70416
  277.6  1478.7   1.19     3.7    1.64      3262   22.6   1.0221e-02   22.6    55132
  285.2  1519.0   1.32    43.3    1.56     41558    2.2   1.3023e-01    2.2    55622
  293.2  1561.7   1.21     3.6    1.35      1909   36.2   5.9833e-03   36.2    47762
  303.3  1615.2   1.33    36.2    0.99     31158    2.3   9.7636e-02    2.3    46928
  308.3  1642.0   1.33     6.3    0.99      3854   16.5   1.2076e-02   16.5    50538
  324.5  1728.4   1.24     7.8    1.42      4079   15.9   1.2783e-02   15.9    42294
  336.9  1794.4   1.42     5.4    1.16      2739   20.7   8.5830e-03   20.7    38739
  343.5  1829.5   1.43     8.0    1.16      5987    9.2   1.8761e-02    9.2    41718
  347.5  1850.8   1.43    15.8    1.16     10367    5.8   3.2486e-02    5.8    41718
  361.5  1925.3   1.40    59.7    1.37     59756    1.4   1.8725e-01    1.4    35414
  403.6  2149.3   1.33     6.2    1.12      2417   21.7   7.5731e-03   21.7    26550
  420.5  2239.7   1.35     3.6    1.30      1358   37.2   4.2556e-03   37.2    24841
  450.8  2400.7   1.38     3.5    0.66       823   55.9   2.5791e-03   55.9    21745
  475.6  2533.0   1.41     6.8    0.99      3538   13.1   1.1086e-02   13.1    21447
  524.9  2795.4   1.69!   32.6   79.42     72972    7.4   2.2867e-01    7.4    76330
  573.6  3055.1   1.55    17.3    0.99      7160    6.6   2.2436e-02    6.6    18132
  599.0  3190.4   1.61    40.5    1.63     25674    2.3   8.0454e-02    2.3    18042
  625.8  3333.3   1.66    72.8    1.27     63574    1.2   1.9922e-01    1.2    18505
  683.6  3640.9   1.65     4.7    1.04      1707   23.7   5.3488e-03   23.7    14172
  744.8  3966.9   1.96     8.4    1.17      7181    6.1   2.2504e-02    6.1    13029
  747.0  3978.7   1.96    11.6    1.17      6220    7.0   1.9491e-02    7.0    13753
  777.1  4139.0   1.75     6.4    1.28      2709   13.9   8.4896e-03   13.9    10528
  786.8  4190.8   1.86     5.8    1.00      1570   22.2   4.9187e-03   22.2    11269
  789.3  4204.1   1.86    15.6    1.00      6365    6.0   1.9946e-02    6.0    11269
  793.6  4226.6   1.86     4.3    1.00       887   39.3   2.7784e-03   39.3    11269
  807.3  4299.6   1.79     7.7    0.73      2198   12.9   6.8879e-03   12.9     9827
  816.7  4349.8   1.80     8.8    0.73      2897    9.9   9.0791e-03    9.9     9827
  828.4  4412.2   1.83     5.5    3.27      3253   14.1   1.0193e-02   14.1     9867
  833.0  4436.5   1.84   134.6    3.27    176099    0.7   5.5183e-01    0.7     9319
  858.2  4570.7   1.85     6.6    1.19      1476   19.3   4.6250e-03   19.3     9247
  862.9  4595.7   1.85     3.3    1.19      1052   25.6   3.2968e-03   25.6     9247
  870.1  4634.1   1.86     6.6    1.19      1533   20.2   4.8032e-03   20.2     9247
  884.1  4708.8   1.90    11.6    0.94      3729    8.9   1.1686e-02    8.9     8665
  887.5  4727.0   1.91     3.8    0.94      1130   28.7   3.5416e-03   28.7     8665
  929.2  4949.1   1.98     3.3    1.93      1446   25.1   4.5297e-03   25.1     8884
  934.0  4974.9   1.99    79.2    1.93     77127    0.9   2.4169e-01    0.9     8884
  936.2  4986.4   1.99    17.6    1.93     17961    2.8   5.6283e-02    2.8     8884
  959.7  5111.5   2.10    13.4    0.99      4146    8.4   1.2991e-02    8.4     8421
  991.2  5279.1   2.01    12.2    0.96      4219    7.8   1.3221e-02    7.8     8234
  995.5  5302.3   2.01    29.5    0.96     11712    3.2   3.6701e-02    3.2     7823
 1028.5  5478.1   2.04     8.3    0.80      1750   17.4   5.4835e-03   17.4     7715
 1146.2  6104.8   2.18    11.7    1.11      3544    9.8   1.1104e-02    9.8     7933
 1151.1  6130.8   2.18    40.7    1.11     19463    2.2   6.0989e-02    2.2     7933
 1186.9  6321.9   2.22     7.1    0.64      2102   15.2   6.5863e-03   15.2     8019
 1205.5  6421.0   2.24     3.5    1.23       814   40.6   2.5512e-03   40.6     8364
 1240.5  6607.2   2.28     3.9    1.09       714   46.8   2.2382e-03   46.8     8543
 1272.2  6776.1   2.27    24.3    1.00      8164    4.7   2.5584e-02    4.7     8455
 1309.8  6976.5   2.36     4.1    0.70       894   28.3   2.8011e-03   28.3     6135
 1316.2  7010.4   2.36     8.3    0.70      1832   14.5   5.7413e-03   14.5     6135
 1369.4  7293.6   2.43     4.3    0.88       629   39.0   1.9700e-03   39.0     4556
 1415.5  7539.5   2.50    20.0    1.31      6138    4.3   1.9233e-02    4.3     3495
 1423.4  7581.5   2.51     6.8    1.31      1076   20.8   3.3723e-03   20.8     3495
 1440.0  7670.0   2.43     9.6    0.87      1798   11.3   5.6358e-03   11.3     3213
 1446.7  7705.6   2.44    15.0    0.87      3262    6.8   1.0222e-02    6.8     3213
 1501.0  7994.6   2.44   137.3    9.20    156258    0.9   4.8966e-01    0.9     4327
 1536.9  8186.0   2.62     3.4    1.16       452   41.3   1.4171e-03   41.3     2240
 1550.7  8259.6   2.52    13.4    1.09      2515    8.1   7.8811e-03    8.1     2140
 1580.8  8420.0   2.66     3.7    0.89       507   32.9   1.5891e-03   32.9     2089
 1585.8  8446.1   2.67     3.4    0.89       436   37.0   1.3653e-03   37.0     2008
 1626.6  8663.8   2.72     5.6    1.47       852   19.4   2.6704e-03   19.4     1911
 1631.9  8692.1   2.72     8.5    1.47      2067    8.3   6.4781e-03    8.3     1911
 1636.3  8715.4   2.73     7.3    1.47      2472    7.4   7.7461e-03    7.4     1837
 1643.4  8753.1   2.74     3.7    1.47       401   40.0   1.2565e-03   40.0     1911
 1665.4  8870.6   2.38     8.6    0.98      1094   11.6   3.4273e-03   11.6     1434
 1675.7  8925.0   2.39    10.6    0.98      1072   11.5   3.3604e-03   11.5     1371
 1683.5  8966.6   2.40     3.6    0.98       306   37.6   9.5751e-04   37.6     1434
 1707.1  9092.4   2.81     9.0    1.01      1233   10.5   3.8635e-03   10.5     1448
 1720.9  9165.8   2.82     4.0    1.01       477   22.3   1.4955e-03   22.3     1395
 1730.7  9218.0   2.83     3.6    1.01       264   39.8   8.2818e-04   39.8     1395
 1740.0  9267.6   2.84     3.4    1.01       366   30.4   1.1469e-03   30.4     1448
 1760.5  9376.9   2.87     4.0    0.82       394   35.6   1.2342e-03   35.6     1293
 1777.3  9466.1   2.68    20.0    1.40      3470    5.2   1.0872e-02    5.2     1260
 1813.1  9657.1   2.71    46.0    1.71     18254    1.9   5.7201e-02    1.9     1433
 1888.8 10060.4   2.86     3.6    1.05       423   29.1   1.3242e-03   29.1     1221
 1898.4 10111.2   2.87    15.2    1.05      2331    6.7   7.3047e-03    6.7     1221
 1924.6 10250.7   3.05     4.5    0.71       287   46.6   8.9985e-04   46.6     1232
 1989.8 10598.2   3.13     3.4    0.89       229   58.3   7.1852e-04   58.3     1220
 2161.4 11512.0   3.63    12.4    1.08      3171    5.0   9.9364e-03    5.0     1179
 2176.7 11593.9   3.65    11.0    1.08      1520    9.6   4.7625e-03    9.6     1179
 2264.7 12062.2   3.10    24.6    1.25      5299    3.8   1.6604e-02    3.8     1115
 2356.6 12551.9   3.54     3.4    1.05       281   50.4   8.8136e-04   50.4     1240
 2514.8 13394.6   3.32    12.7    0.70      1598    8.1   5.0062e-03    8.1      711
 2686.2 14307.3   3.45    58.2    2.62     23038    1.7   7.2194e-02    1.7      463

 ! indicates the Iterative Peak Width fitting reached a limiting value.
