
                       be used for evaluation purposes
                                                            21-Mar-2019 12:43
                       _________________________________

                       P E A K     F I T     R E P O R T
                       _________________________________

 Spectrum file Analysed: AC03162019_FP02_10cm_HPGE2.Chn   
 Sample Title :                                                  

 Spectrum saved on 16-Mar-2019 at 22:23    Collected on 15-Mar-2019 at 16:41
 Sample  Taken  on 15-Mar-2019 at 16:41    Decayed      0 Days,     0 mins.

            Detector file number used:     2
            Energy     Calibration Performed on 20-Mar-2019 at 15:12
            Peak Shape Calibration Performed on 20-Mar-2019 at 15:15

 

   Reported Activity values were rounded     
   FitzPeaks Version: 3.71 23rd January 2014           

 Peak   Centre   FW@HM         Goodness   Peak      %      Gammas       %      2 Sigma
Energy  Channel  (KeV)  Signif  of Fit    Area   Uncert.  per sec.   Uncert. Background

   68.6   365.5   0.95     7.1    0.58      2549   43.9   2.3939e-02   43.9    32465
   70.5   375.3   0.95     9.4    0.58      5427   20.9   5.0966e-02   20.9    36072
   74.6   397.0   1.10!   10.2    1.41      7966   14.0   7.4806e-02   14.0    46712
   76.8   408.8   1.10!   19.3    1.41     17368    6.7   1.6310e-01    6.7    46712
   79.4   422.8   1.11!    4.3    1.41      4088   27.3   3.8385e-02   27.3    46712
   86.9   462.5   0.97     5.8    1.87      5189   20.0   4.8731e-02   20.0    40769
   89.5   476.7   0.97     4.8    1.87      2032   50.6   1.9083e-02   50.6    45298
   94.9   505.6   0.98     4.2    1.44      2642   27.2   2.4812e-02   27.2    41798
  106.5   567.0   0.99     3.5    1.55      2509   27.5   2.3560e-02   27.5    48563
  108.9   579.6   1.00     4.8    1.55      3069   22.1   2.8818e-02   22.1    48563
  125.3   667.0   1.17!   40.6    1.21     44061    2.1   4.1376e-01    2.1    57629
  140.1   746.1   1.03     7.6    1.26      4898   14.2   4.5993e-02   14.2    44804
  190.9  1016.4   1.25!    8.1    0.99      5072   11.5   4.7630e-02   11.5    38633
  195.4  1040.8   1.26!   29.7    0.99     24595    2.6   2.3096e-01    2.6    35661
  215.3  1146.8   1.12     6.4    1.60      3366   16.1   3.1608e-02   16.1    27325
  234.4  1248.4   1.31!   14.3    1.45      9364    5.9   8.7931e-02    5.9    27692
  245.1  1305.5   1.27    24.3    1.44     14624    3.7   1.3733e-01    3.7    24735
  248.5  1323.3   1.28     9.7    1.44      4954   10.7   4.6520e-02   10.7    24735
  277.6  1478.3   1.19     3.8    1.10      1104   35.8   1.0368e-02   35.8    17357
  285.2  1519.0   1.37    23.3    0.76     13809    3.7   1.2968e-01    3.7    18709
  293.2  1561.5   1.20     3.4    0.69       696   51.5   6.5354e-03   51.5    13712
  303.3  1615.1   1.35    21.3    1.15     10605    3.9   9.9588e-02    3.9    15888
  308.4  1642.3   1.36     3.6    1.15      1219   30.9   1.1447e-02   30.9    14753
  324.5  1728.5   1.24     4.7    1.11      1356   25.8   1.2735e-02   25.8    13100
  336.9  1794.5   1.25     3.4    1.08       908   29.6   8.5287e-03   29.6    11983
  343.4  1829.1   1.26     4.9    1.08      1642   16.8   1.5422e-02   16.8    11062
  347.5  1850.9   1.27     9.9    1.08      3022    9.4   2.8378e-02    9.4    11062
  361.5  1925.3   1.41    34.7    1.04     19754    2.4   1.8550e-01    2.4    11103
  403.4  2148.7   1.33     3.3    1.25       582   49.9   5.4653e-03   49.9     8354
  420.6  2239.9   1.35     3.6    0.80       576   46.4   5.4054e-03   46.4     8253
  475.5  2532.5   1.41     5.3    0.87      1103   23.5   1.0358e-02   23.5     6126
  524.8  2795.2   1.69!   12.6   44.37     17032    7.9   1.5994e-01    7.9    10934
  573.6  3054.9   1.52     6.6    1.19      2248   11.9   2.1113e-02   11.9     5053
  599.0  3190.4   1.56    26.3    0.70      8629    3.6   8.1034e-02    3.6     5382
  625.8  3333.3   1.69    41.4    0.93     21320    1.8   2.0021e-01    1.8     5252
  683.8  3641.7   1.65     3.5    1.07       521   41.5   4.8962e-03   41.5     4154
  744.8  3967.0   1.72     5.3    0.88      2012   10.8   1.8892e-02   10.8     3595
  747.0  3978.6   1.72     5.5    0.88      1696   12.6   1.5926e-02   12.6     3819
  777.3  4140.2   1.75     4.0    1.49       787   26.0   7.3919e-03   26.0     3391
  789.3  4203.7   1.77     8.2    1.84      1822   13.5   1.7111e-02   13.5     3681
  807.2  4299.3   1.79     4.7    0.94       740   21.7   6.9516e-03   21.7     3092
  816.7  4349.6   1.80     6.6    0.94      1062   16.6   9.9711e-03   16.6     3092
  828.5  4412.5   1.84     3.8    1.19       877   24.7   8.2358e-03   24.7     2955
  833.0  4436.5   1.84    55.8    1.19     35067    1.2   3.2930e-01    1.2     2955
  858.1  4570.3   1.85     3.4    1.24       612   25.7   5.7468e-03   25.7     2966
  863.1  4597.1   1.85     3.3    1.24       357   43.6   3.3535e-03   43.6     2966
  870.2  4634.8   1.86     3.6    1.24       440   36.6   4.1346e-03   36.6     2966
  884.1  4709.0   1.87     5.7    1.13      1079   18.7   1.0132e-02   18.7     2920
  934.1  4975.1   1.97    13.3    1.30      6509    4.1   6.1127e-02    4.1     2942
  936.2  4986.1   1.97    12.9    1.30      6282    4.2   5.8994e-02    4.2     2942
  959.6  5111.2   1.96     7.9    1.07      1266   15.0   1.1893e-02   15.0     2665
  991.2  5279.1   2.03     6.3    1.19      1466   13.3   1.3767e-02   13.3     2715
  995.5  5302.5   2.04    17.8    1.19      3840    5.7   3.6063e-02    5.7     2579
 1028.8  5479.4   2.04     3.7    0.71       492   35.0   4.6225e-03   35.0     2454
 1146.2  6105.1   2.11     5.5    1.15      1073   18.1   1.0079e-02   18.1     2527
 1151.1  6130.8   2.12    24.8    1.15      6336    3.8   5.9500e-02    3.8     2527
 1187.0  6322.2   2.22     5.9    0.80       811   23.0   7.6194e-03   23.0     2610
 1272.2  6776.1   2.47    11.8    1.00      2814    8.0   2.6430e-02    8.0     2963
 1309.5  6974.6   2.36     3.9    1.23       270   56.0   2.5323e-03   56.0     1995
 1316.4  7011.6   2.36     5.0    1.23       560   26.9   5.2557e-03   26.9     1995
 1415.6  7539.6   2.37    13.0    1.02      1744    7.6   1.6379e-02    7.6     1163
 1423.1  7579.7   2.38     4.4    1.02       322   36.0   3.0255e-03   36.0     1163
 1440.2  7670.6   2.51     6.6    0.90       540   23.0   5.0752e-03   23.0     1094
 1446.7  7705.3   2.51     9.2    0.90      1047   12.6   9.8328e-03   12.6     1142
 1501.0  7994.6   2.45    79.7    2.76     52760    1.0   4.9545e-01    1.0     1269
 1537.1  8187.0   2.62     3.5    1.21       165   54.2   1.5456e-03   54.2      734
 1550.7  8259.4   2.63     8.1    1.21       837   12.6   7.8583e-03   12.6      764
 1631.9  8691.7   2.72     6.7    1.09       514   22.3   4.8250e-03   22.3      781
 1636.4  8715.7   2.73     5.9    1.09       763   15.6   7.1680e-03   15.6      781
 1665.5  8870.7   2.76     4.8    1.14       431   19.6   4.0427e-03   19.6      514
 1675.5  8923.9   2.77     7.0    1.14       377   23.5   3.5400e-03   23.5      514
 1707.0  9091.8   2.81     5.3    0.74       454   19.9   4.2642e-03   19.9      465
 1777.3  9466.2   2.93    10.1    1.08      1198    8.8   1.1252e-02    8.8      421
 1813.1  9657.0   2.66    27.4    1.36      5914    3.0   5.5540e-02    3.0      457
 1898.2 10110.3   3.02     8.5    1.08       750   13.1   7.0440e-03   13.1      426
 2161.2 11511.1   3.32     6.5    0.93      1002    9.0   9.4113e-03    9.0      395
 2176.8 11594.5   3.34     6.6    0.93       472   16.6   4.4346e-03   16.6      395
 2264.6 12062.1   3.30    14.0    1.07      1887    6.3   1.7718e-02    6.3      353
 2514.7 13394.2   3.72     8.7    1.21       567   14.2   5.3229e-03   14.2      239
 2686.2 14307.4   3.44    33.6    1.38      7659    2.4   7.1919e-02    2.4      148

 ! indicates the Iterative Peak Width fitting reached a limiting value.
