#rp039091.L01         Number of runs:    200
#
#
#
# E(MeV)      xs(mb)     xslow(mb)      xsupp(mb)
 1.00000E-01 0.00000E+00 0.00000E+00 0.00000E+00
 2.00000E-01 0.00000E+00 0.00000E+00 0.00000E+00
 3.00000E-01 0.00000E+00 0.00000E+00 0.00000E+00
 4.00000E-01 0.00000E+00 0.00000E+00 0.00000E+00
 5.00000E-01 0.00000E+00 0.00000E+00 0.00000E+00
 6.00000E-01 0.00000E+00 0.00000E+00 0.00000E+00
 7.00000E-01 0.00000E+00 0.00000E+00 0.00000E+00
 8.00000E-01 0.00000E+00 0.00000E+00 0.00000E+00
 9.00000E-01 0.00000E+00 0.00000E+00 0.00000E+00
 1.00000E+00 0.00000E+00 0.00000E+00 0.00000E+00
 1.20000E+00 0.00000E+00 0.00000E+00 0.00000E+00
 1.40000E+00 0.00000E+00 0.00000E+00 0.00000E+00
 1.60000E+00 0.00000E+00 0.00000E+00 0.00000E+00
 1.80000E+00 0.00000E+00 0.00000E+00 0.00000E+00
 2.00000E+00 0.00000E+00 0.00000E+00 0.00000E+00
 2.20000E+00 0.00000E+00 0.00000E+00 0.00000E+00
 2.40000E+00 0.00000E+00 0.00000E+00 0.00000E+00
 2.60000E+00 0.00000E+00 0.00000E+00 0.00000E+00
 2.80000E+00 0.00000E+00 0.00000E+00 0.00000E+00
 3.00000E+00 0.00000E+00 0.00000E+00 0.00000E+00
 3.20000E+00 0.00000E+00 0.00000E+00 0.00000E+00
 3.40000E+00 0.00000E+00 0.00000E+00 0.00000E+00
 3.60000E+00 0.00000E+00 0.00000E+00 0.00000E+00
 3.80000E+00 0.00000E+00 0.00000E+00 0.00000E+00
 4.00000E+00 0.00000E+00 0.00000E+00 0.00000E+00
 4.20000E+00 0.00000E+00 0.00000E+00 0.00000E+00
 4.40000E+00 0.00000E+00 0.00000E+00 0.00000E+00
 4.60000E+00 0.00000E+00 0.00000E+00 0.00000E+00
 4.80000E+00 0.00000E+00 0.00000E+00 0.00000E+00
 5.00000E+00 0.00000E+00 0.00000E+00 0.00000E+00
 5.20000E+00 0.00000E+00 0.00000E+00 0.00000E+00
 5.40000E+00 0.00000E+00 0.00000E+00 0.00000E+00
 5.60000E+00 0.00000E+00 0.00000E+00 0.00000E+00
 5.80000E+00 0.00000E+00 0.00000E+00 0.00000E+00
 6.00000E+00 0.00000E+00 0.00000E+00 0.00000E+00
 6.20000E+00 0.00000E+00 0.00000E+00 0.00000E+00
 6.40000E+00 0.00000E+00 0.00000E+00 0.00000E+00
 6.60000E+00 0.00000E+00 0.00000E+00 0.00000E+00
 6.80000E+00 0.00000E+00 0.00000E+00 0.00000E+00
 7.00000E+00 0.00000E+00 0.00000E+00 0.00000E+00
 7.20000E+00 0.00000E+00 0.00000E+00 0.00000E+00
 7.40000E+00 0.00000E+00 0.00000E+00 0.00000E+00
 7.60000E+00 0.00000E+00 0.00000E+00 0.00000E+00
 7.80000E+00 0.00000E+00 0.00000E+00 0.00000E+00
 8.00000E+00 0.00000E+00 0.00000E+00 0.00000E+00
 8.50000E+00 0.00000E+00 0.00000E+00 0.00000E+00
 9.00000E+00 0.00000E+00 0.00000E+00 0.00000E+00
 9.50000E+00 0.00000E+00 0.00000E+00 0.00000E+00
 1.00000E+01 0.00000E+00 0.00000E+00 0.00000E+00
 1.05000E+01 0.00000E+00 0.00000E+00 0.00000E+00
 1.10000E+01 0.00000E+00 0.00000E+00 0.00000E+00
 1.15000E+01 0.00000E+00 0.00000E+00 0.00000E+00
 1.20000E+01 0.00000E+00 0.00000E+00 0.00000E+00
 1.25000E+01 0.00000E+00 0.00000E+00 0.00000E+00
 1.30000E+01 0.00000E+00 0.00000E+00 0.00000E+00
 1.35000E+01 0.00000E+00 0.00000E+00 0.00000E+00
 1.40000E+01 0.00000E+00 0.00000E+00 0.00000E+00
 1.45000E+01 0.00000E+00 0.00000E+00 0.00000E+00
 1.50000E+01 0.00000E+00 0.00000E+00 0.00000E+00
 1.60000E+01 0.00000E+00 0.00000E+00 0.00000E+00
 1.70000E+01 0.00000E+00 0.00000E+00 0.00000E+00
 1.80000E+01 1.05361E-11 1.05361E-11 1.05361E-11
 1.90000E+01 2.90916E-06 0.00000E+00 5.81833E-06
 2.00000E+01 7.01576E-04 0.00000E+00 1.40315E-03
 2.10000E+01 2.10533E-02 0.00000E+00 4.21065E-02
 2.20000E+01 1.32939E-01 0.00000E+00 2.65877E-01
 2.30000E+01 4.97834E-01 0.00000E+00 9.95669E-01
 2.40000E+01 1.16117E+00 0.00000E+00 2.32235E+00
 2.50000E+01 2.06824E+00 0.00000E+00 4.13648E+00
 2.60000E+01 3.19674E+00 0.00000E+00 6.39348E+00
 2.70000E+01 4.45802E+00 0.00000E+00 8.91603E+00
 2.80000E+01 5.86989E+00 0.00000E+00 1.17398E+01
 2.90000E+01 7.71122E+00 0.00000E+00 1.54224E+01
 3.00000E+01 9.99657E+00 0.00000E+00 1.99931E+01
 3.20000E+01 1.73956E+01 0.00000E+00 3.47912E+01
 3.40000E+01 3.19737E+01 0.00000E+00 6.39474E+01
 3.60000E+01 5.38670E+01 0.00000E+00 1.07734E+02
 3.80000E+01 7.85317E+01 0.00000E+00 1.57063E+02
 4.00000E+01 1.06245E+02 0.00000E+00 2.12491E+02
 4.20000E+01 1.28655E+02 0.00000E+00 2.57310E+02
 4.40000E+01 1.40068E+02 0.00000E+00 2.80136E+02
 4.60000E+01 1.46732E+02 0.00000E+00 2.93464E+02
 4.80000E+01 1.45989E+02 0.00000E+00 2.91978E+02
 5.00000E+01 1.46801E+02 0.00000E+00 2.93602E+02
 5.20000E+01 1.42052E+02 0.00000E+00 2.84105E+02
 5.40000E+01 1.42013E+02 0.00000E+00 2.84026E+02
 5.60000E+01 1.38322E+02 0.00000E+00 2.76643E+02
 5.80000E+01 1.36404E+02 0.00000E+00 2.72808E+02
 6.00000E+01 1.34650E+02 0.00000E+00 2.69301E+02
 6.50000E+01 1.29443E+02 0.00000E+00 2.58886E+02
 7.00000E+01 1.26318E+02 0.00000E+00 2.52635E+02
 7.50000E+01 1.22005E+02 0.00000E+00 2.44009E+02
 8.00000E+01 1.18824E+02 0.00000E+00 2.37648E+02
 9.00000E+01 1.10204E+02 0.00000E+00 2.20407E+02
 1.00000E+02 9.91219E+01 0.00000E+00 1.98244E+02
 1.10000E+02 9.08851E+01 0.00000E+00 1.81770E+02
 1.20000E+02 8.26694E+01 0.00000E+00 1.65339E+02
 1.30000E+02 7.40841E+01 0.00000E+00 1.48168E+02
 1.40000E+02 6.68283E+01 0.00000E+00 1.33657E+02
 1.50000E+02 6.22667E+01 0.00000E+00 1.24533E+02
 1.60000E+02 5.62443E+01 0.00000E+00 1.12489E+02
 1.80000E+02 4.86548E+01 0.00000E+00 9.73097E+01
 2.00000E+02 4.09741E+01 0.00000E+00 8.19482E+01
