#rp039090.L02         Number of runs:    200
#
#
#
# E(MeV)      xs(mb)     xslow(mb)      xsupp(mb)
 1.00000E-01 0.00000E+00 0.00000E+00 0.00000E+00
 2.00000E-01 0.00000E+00 0.00000E+00 0.00000E+00
 3.00000E-01 0.00000E+00 0.00000E+00 0.00000E+00
 4.00000E-01 0.00000E+00 0.00000E+00 0.00000E+00
 5.00000E-01 0.00000E+00 0.00000E+00 0.00000E+00
 6.00000E-01 0.00000E+00 0.00000E+00 0.00000E+00
 7.00000E-01 0.00000E+00 0.00000E+00 0.00000E+00
 8.00000E-01 0.00000E+00 0.00000E+00 0.00000E+00
 9.00000E-01 0.00000E+00 0.00000E+00 0.00000E+00
 1.00000E+00 0.00000E+00 0.00000E+00 0.00000E+00
 1.20000E+00 0.00000E+00 0.00000E+00 0.00000E+00
 1.40000E+00 0.00000E+00 0.00000E+00 0.00000E+00
 1.60000E+00 0.00000E+00 0.00000E+00 0.00000E+00
 1.80000E+00 0.00000E+00 0.00000E+00 0.00000E+00
 2.00000E+00 0.00000E+00 0.00000E+00 0.00000E+00
 2.20000E+00 0.00000E+00 0.00000E+00 0.00000E+00
 2.40000E+00 0.00000E+00 0.00000E+00 0.00000E+00
 2.60000E+00 0.00000E+00 0.00000E+00 0.00000E+00
 2.80000E+00 0.00000E+00 0.00000E+00 0.00000E+00
 3.00000E+00 0.00000E+00 0.00000E+00 0.00000E+00
 3.20000E+00 0.00000E+00 0.00000E+00 0.00000E+00
 3.40000E+00 0.00000E+00 0.00000E+00 0.00000E+00
 3.60000E+00 0.00000E+00 0.00000E+00 0.00000E+00
 3.80000E+00 0.00000E+00 0.00000E+00 0.00000E+00
 4.00000E+00 0.00000E+00 0.00000E+00 0.00000E+00
 4.20000E+00 0.00000E+00 0.00000E+00 0.00000E+00
 4.40000E+00 0.00000E+00 0.00000E+00 0.00000E+00
 4.60000E+00 0.00000E+00 0.00000E+00 0.00000E+00
 4.80000E+00 0.00000E+00 0.00000E+00 0.00000E+00
 5.00000E+00 0.00000E+00 0.00000E+00 0.00000E+00
 5.20000E+00 0.00000E+00 0.00000E+00 0.00000E+00
 5.40000E+00 0.00000E+00 0.00000E+00 0.00000E+00
 5.60000E+00 0.00000E+00 0.00000E+00 0.00000E+00
 5.80000E+00 0.00000E+00 0.00000E+00 0.00000E+00
 6.00000E+00 0.00000E+00 0.00000E+00 0.00000E+00
 6.20000E+00 0.00000E+00 0.00000E+00 0.00000E+00
 6.40000E+00 0.00000E+00 0.00000E+00 0.00000E+00
 6.60000E+00 0.00000E+00 0.00000E+00 0.00000E+00
 6.80000E+00 0.00000E+00 0.00000E+00 0.00000E+00
 7.00000E+00 0.00000E+00 0.00000E+00 0.00000E+00
 7.20000E+00 0.00000E+00 0.00000E+00 0.00000E+00
 7.40000E+00 0.00000E+00 0.00000E+00 0.00000E+00
 7.60000E+00 0.00000E+00 0.00000E+00 0.00000E+00
 7.80000E+00 0.00000E+00 0.00000E+00 0.00000E+00
 8.00000E+00 0.00000E+00 0.00000E+00 0.00000E+00
 8.50000E+00 0.00000E+00 0.00000E+00 0.00000E+00
 9.00000E+00 0.00000E+00 0.00000E+00 0.00000E+00
 9.50000E+00 0.00000E+00 0.00000E+00 0.00000E+00
 1.00000E+01 0.00000E+00 0.00000E+00 0.00000E+00
 1.05000E+01 0.00000E+00 0.00000E+00 0.00000E+00
 1.10000E+01 0.00000E+00 0.00000E+00 0.00000E+00
 1.15000E+01 0.00000E+00 0.00000E+00 0.00000E+00
 1.20000E+01 0.00000E+00 0.00000E+00 0.00000E+00
 1.25000E+01 0.00000E+00 0.00000E+00 0.00000E+00
 1.30000E+01 0.00000E+00 0.00000E+00 0.00000E+00
 1.35000E+01 0.00000E+00 0.00000E+00 0.00000E+00
 1.40000E+01 0.00000E+00 0.00000E+00 0.00000E+00
 1.45000E+01 0.00000E+00 0.00000E+00 0.00000E+00
 1.50000E+01 0.00000E+00 0.00000E+00 0.00000E+00
 1.60000E+01 0.00000E+00 0.00000E+00 0.00000E+00
 1.70000E+01 0.00000E+00 0.00000E+00 0.00000E+00
 1.80000E+01 0.00000E+00 0.00000E+00 0.00000E+00
 1.90000E+01 0.00000E+00 0.00000E+00 0.00000E+00
 2.00000E+01 0.00000E+00 0.00000E+00 0.00000E+00
 2.10000E+01 0.00000E+00 0.00000E+00 0.00000E+00
 2.20000E+01 0.00000E+00 0.00000E+00 0.00000E+00
 2.30000E+01 0.00000E+00 0.00000E+00 0.00000E+00
 2.40000E+01 0.00000E+00 0.00000E+00 0.00000E+00
 2.50000E+01 0.00000E+00 0.00000E+00 0.00000E+00
 2.60000E+01 4.35439E-12 4.35439E-12 4.35439E-12
 2.70000E+01 1.98891E-07 9.94760E-14 3.97781E-07
 2.80000E+01 8.21617E-05 0.00000E+00 1.64323E-04
 2.90000E+01 3.30136E-03 0.00000E+00 6.60272E-03
 3.00000E+01 2.89178E-02 0.00000E+00 5.78355E-02
 3.20000E+01 3.93003E-01 0.00000E+00 7.86006E-01
 3.40000E+01 1.49703E+00 0.00000E+00 2.99407E+00
 3.60000E+01 3.45371E+00 0.00000E+00 6.90743E+00
 3.80000E+01 6.34502E+00 0.00000E+00 1.26900E+01
 4.00000E+01 1.14676E+01 0.00000E+00 2.29352E+01
 4.20000E+01 2.25227E+01 0.00000E+00 4.50454E+01
 4.40000E+01 4.22892E+01 0.00000E+00 8.45784E+01
 4.60000E+01 6.97645E+01 0.00000E+00 1.39529E+02
 4.80000E+01 9.85844E+01 0.00000E+00 1.97169E+02
 5.00000E+01 1.25533E+02 0.00000E+00 2.51066E+02
 5.20000E+01 1.50472E+02 0.00000E+00 3.00944E+02
 5.40000E+01 1.62881E+02 0.00000E+00 3.25763E+02
 5.60000E+01 1.71265E+02 0.00000E+00 3.42531E+02
 5.80000E+01 1.71123E+02 0.00000E+00 3.42245E+02
 6.00000E+01 1.70393E+02 0.00000E+00 3.40786E+02
 6.50000E+01 1.59182E+02 0.00000E+00 3.18364E+02
 7.00000E+01 1.49103E+02 0.00000E+00 2.98206E+02
 7.50000E+01 1.38948E+02 0.00000E+00 2.77896E+02
 8.00000E+01 1.35469E+02 0.00000E+00 2.70939E+02
 9.00000E+01 1.22672E+02 0.00000E+00 2.45343E+02
 1.00000E+02 1.11777E+02 0.00000E+00 2.23553E+02
 1.10000E+02 9.71143E+01 0.00000E+00 1.94229E+02
 1.20000E+02 8.61545E+01 0.00000E+00 1.72309E+02
 1.30000E+02 7.89958E+01 0.00000E+00 1.57992E+02
 1.40000E+02 7.00423E+01 0.00000E+00 1.40085E+02
 1.50000E+02 6.39147E+01 0.00000E+00 1.27829E+02
 1.60000E+02 5.96652E+01 0.00000E+00 1.19330E+02
 1.80000E+02 4.97581E+01 0.00000E+00 9.95161E+01
 2.00000E+02 4.36966E+01 0.00000E+00 8.73932E+01
