# n +  90Zr: Production of  90Y  - Total
# Q-value    =-1.49612E+00 mass=  89.907144
# E-threshold= 1.51290E+00
# # energies =   120
#     E          xs
 1.00000E-11 0.00000E+00
 2.53000E-08 0.00000E+00
 1.00000E-06 0.00000E+00
 1.00000E-05 0.00000E+00
 1.00000E-04 0.00000E+00
 2.00000E-04 0.00000E+00
 3.00000E-04 0.00000E+00
 6.00000E-04 0.00000E+00
 1.00000E-03 0.00000E+00
 1.20000E-03 0.00000E+00
 2.00000E-03 0.00000E+00
 3.00000E-03 0.00000E+00
 6.00000E-03 0.00000E+00
 1.00000E-02 0.00000E+00
 2.00000E-02 0.00000E+00
 3.00000E-02 0.00000E+00
 6.00000E-02 0.00000E+00
 1.00000E-01 0.00000E+00
 2.00000E-01 0.00000E+00
 3.00000E-01 0.00000E+00
 4.00000E-01 0.00000E+00
 5.00000E-01 0.00000E+00
 6.00000E-01 0.00000E+00
 7.00000E-01 0.00000E+00
 8.00000E-01 0.00000E+00
 9.00000E-01 0.00000E+00
 1.00000E+00 0.00000E+00
 1.20000E+00 0.00000E+00
 1.40000E+00 0.00000E+00
 1.60000E+00 0.00000E+00
 1.80000E+00 0.00000E+00
 2.00000E+00 0.00000E+00
 2.20000E+00 8.96649E-10
 2.40000E+00 8.87128E-08
 2.60000E+00 2.85939E-06
 2.80000E+00 4.22019E-05
 3.00000E+00 3.29467E-04
 3.20000E+00 1.77456E-03
 3.40000E+00 6.60036E-03
 3.60000E+00 1.89298E-02
 3.80000E+00 4.68973E-02
 4.00000E+00 1.02198E-01
 4.20000E+00 1.95942E-01
 4.40000E+00 3.26103E-01
 4.60000E+00 4.77996E-01
 4.80000E+00 6.72992E-01
 5.00000E+00 9.42251E-01
 5.20000E+00 1.28153E+00
 5.40000E+00 1.67987E+00
 5.60000E+00 2.12958E+00
 5.80000E+00 2.63140E+00
 6.00000E+00 3.16382E+00
 6.20000E+00 3.72651E+00
 6.40000E+00 4.33701E+00
 6.60000E+00 4.95412E+00
 6.80000E+00 5.61601E+00
 7.00000E+00 6.29411E+00
 7.20000E+00 6.94849E+00
 7.40000E+00 7.65092E+00
 7.60000E+00 8.30504E+00
 7.80000E+00 9.05549E+00
 8.00000E+00 9.76287E+00
 8.50000E+00 1.15811E+01
 9.00000E+00 1.34977E+01
 9.50000E+00 1.55026E+01
 1.00000E+01 1.76169E+01
 1.05000E+01 1.98516E+01
 1.10000E+01 2.21967E+01
 1.15000E+01 2.46093E+01
 1.20000E+01 2.70192E+01
 1.25000E+01 2.94008E+01
 1.30000E+01 3.14306E+01
 1.35000E+01 3.29788E+01
 1.40000E+01 3.38790E+01
 1.45000E+01 3.42205E+01
 1.50000E+01 3.41344E+01
 1.60000E+01 3.35664E+01
 1.70000E+01 3.22409E+01
 1.80000E+01 3.15825E+01
 1.90000E+01 3.12739E+01
 2.00000E+01 3.13722E+01
 2.10000E+01 3.13644E+01
 2.20000E+01 3.15358E+01
 2.30000E+01 3.13183E+01
 2.40000E+01 3.11116E+01
 2.50000E+01 3.01696E+01
 2.60000E+01 2.97634E+01
 2.70000E+01 2.88586E+01
 2.80000E+01 2.84890E+01
 2.90000E+01 2.74134E+01
 3.00000E+01 2.67874E+01
 3.20000E+01 2.49598E+01
 3.40000E+01 2.31109E+01
 3.60000E+01 2.19257E+01
 3.80000E+01 1.99876E+01
 4.00000E+01 1.85860E+01
 4.20000E+01 1.68521E+01
 4.40000E+01 1.62243E+01
 4.60000E+01 1.46634E+01
 4.80000E+01 1.35738E+01
 5.00000E+01 1.25226E+01
 5.20000E+01 1.13721E+01
 5.40000E+01 1.05595E+01
 5.60000E+01 9.96486E+00
 5.80000E+01 9.04769E+00
 6.00000E+01 8.46716E+00
 6.50000E+01 7.20209E+00
 7.00000E+01 6.13246E+00
 7.50000E+01 5.45635E+00
 8.00000E+01 4.73070E+00
 9.00000E+01 3.56307E+00
 1.00000E+02 2.82542E+00
 1.10000E+02 2.24977E+00
 1.20000E+02 1.90128E+00
 1.30000E+02 1.57827E+00
 1.40000E+02 1.35715E+00
 1.50000E+02 1.18867E+00
 1.60000E+02 1.00016E+00
 1.80000E+02 7.84652E-01
 2.00000E+02 6.04944E-01
 0.00000     0.000000
