#rp040090.L03         Number of runs:    300
# E(MeV)      xs(mb)     xslow(mb)      xsupp(mb)
 1.00000E-11 0.00000E+00 0.00000E+00 0.00000E+00
 2.53000E-08 0.00000E+00 0.00000E+00 0.00000E+00
 1.00000E-06 0.00000E+00 0.00000E+00 0.00000E+00
 1.00000E-05 0.00000E+00 0.00000E+00 0.00000E+00
 1.00000E-04 0.00000E+00 0.00000E+00 0.00000E+00
 2.00000E-04 0.00000E+00 0.00000E+00 0.00000E+00
 3.00000E-04 0.00000E+00 0.00000E+00 0.00000E+00
 6.00000E-04 0.00000E+00 0.00000E+00 0.00000E+00
 1.00000E-03 0.00000E+00 0.00000E+00 0.00000E+00
 1.20000E-03 0.00000E+00 0.00000E+00 0.00000E+00
 2.00000E-03 0.00000E+00 0.00000E+00 0.00000E+00
 3.00000E-03 0.00000E+00 0.00000E+00 0.00000E+00
 6.00000E-03 0.00000E+00 0.00000E+00 0.00000E+00
 1.00000E-02 0.00000E+00 0.00000E+00 0.00000E+00
 2.00000E-02 0.00000E+00 0.00000E+00 0.00000E+00
 3.00000E-02 0.00000E+00 0.00000E+00 0.00000E+00
 6.00000E-02 0.00000E+00 0.00000E+00 0.00000E+00
 1.00000E-01 0.00000E+00 0.00000E+00 0.00000E+00
 2.00000E-01 0.00000E+00 0.00000E+00 0.00000E+00
 3.00000E-01 0.00000E+00 0.00000E+00 0.00000E+00
 4.00000E-01 0.00000E+00 0.00000E+00 0.00000E+00
 5.00000E-01 0.00000E+00 0.00000E+00 0.00000E+00
 6.00000E-01 0.00000E+00 0.00000E+00 0.00000E+00
 7.00000E-01 0.00000E+00 0.00000E+00 0.00000E+00
 8.00000E-01 0.00000E+00 0.00000E+00 0.00000E+00
 9.00000E-01 0.00000E+00 0.00000E+00 0.00000E+00
 1.00000E+00 0.00000E+00 0.00000E+00 0.00000E+00
 1.20000E+00 0.00000E+00 0.00000E+00 0.00000E+00
 1.40000E+00 0.00000E+00 0.00000E+00 0.00000E+00
 1.60000E+00 0.00000E+00 0.00000E+00 0.00000E+00
 1.80000E+00 0.00000E+00 0.00000E+00 0.00000E+00
 2.00000E+00 0.00000E+00 0.00000E+00 0.00000E+00
 2.20000E+00 0.00000E+00 0.00000E+00 0.00000E+00
 2.40000E+00 2.33035E+01 9.29409E+00 3.73130E+01
 2.60000E+00 4.75800E+01 2.10898E+01 7.40702E+01
 2.80000E+00 9.68008E+01 5.47670E+01 1.38835E+02
 3.00000E+00 1.65477E+02 1.11476E+02 2.19479E+02
 3.20000E+00 1.97777E+02 1.35011E+02 2.60542E+02
 3.40000E+00 2.17856E+02 1.46471E+02 2.89240E+02
 3.60000E+00 2.37040E+02 1.57938E+02 3.16141E+02
 3.80000E+00 2.54915E+02 1.68406E+02 3.41425E+02
 4.00000E+00 2.71826E+02 1.80922E+02 3.62729E+02
 4.20000E+00 2.93654E+02 2.01459E+02 3.85849E+02
 4.40000E+00 3.35759E+02 2.41619E+02 4.29899E+02
 4.60000E+00 3.88515E+02 2.94393E+02 4.82636E+02
 4.80000E+00 4.27954E+02 3.32468E+02 5.23441E+02
 5.00000E+00 4.54020E+02 3.57272E+02 5.50767E+02
 5.20000E+00 4.75252E+02 3.76823E+02 5.73682E+02
 5.40000E+00 4.95028E+02 3.95301E+02 5.94755E+02
 5.60000E+00 5.14448E+02 4.14235E+02 6.14660E+02
 5.80000E+00 5.33657E+02 4.33839E+02 6.33475E+02
 6.00000E+00 5.52495E+02 4.53720E+02 6.51270E+02
 6.20000E+00 5.71204E+02 4.74005E+02 6.68402E+02
 6.40000E+00 5.89221E+02 4.93891E+02 6.84552E+02
 6.60000E+00 6.06702E+02 5.13382E+02 7.00022E+02
 6.80000E+00 6.23650E+02 5.32281E+02 7.15018E+02
 7.00000E+00 6.40184E+02 5.50481E+02 7.29886E+02
 7.20000E+00 6.56163E+02 5.67639E+02 7.44687E+02
 7.40000E+00 6.70832E+02 5.82881E+02 7.58784E+02
 7.60000E+00 6.84007E+02 5.96150E+02 7.71865E+02
 7.80000E+00 6.96039E+02 6.07983E+02 7.84094E+02
 8.00000E+00 7.07387E+02 6.18885E+02 7.95890E+02
 8.50000E+00 7.33955E+02 6.43653E+02 8.24256E+02
 9.00000E+00 7.58636E+02 6.65942E+02 8.51331E+02
 9.50000E+00 7.81758E+02 6.86339E+02 8.77176E+02
 1.00000E+01 8.03464E+02 7.04911E+02 9.02017E+02
 1.05000E+01 8.23489E+02 7.21380E+02 9.25597E+02
 1.10000E+01 8.41304E+02 7.35443E+02 9.47164E+02
 1.15000E+01 8.55364E+02 7.45909E+02 9.64819E+02
 1.20000E+01 8.61743E+02 7.48959E+02 9.74527E+02
 1.25000E+01 8.24163E+02 7.05838E+02 9.42488E+02
 1.30000E+01 7.28795E+02 6.02249E+02 8.55340E+02
 1.35000E+01 6.36291E+02 5.10432E+02 7.62150E+02
 1.40000E+01 5.50315E+02 4.27840E+02 6.72789E+02
 1.45000E+01 4.72648E+02 3.53820E+02 5.91476E+02
 1.50000E+01 4.16589E+02 3.02924E+02 5.30254E+02
 1.60000E+01 3.21363E+02 2.19445E+02 4.23281E+02
 1.70000E+01 2.62254E+02 1.72882E+02 3.51627E+02
 1.80000E+01 2.23638E+02 1.44432E+02 3.02844E+02
 1.90000E+01 2.00492E+02 1.29018E+02 2.71966E+02
 2.00000E+01 1.82521E+02 1.17210E+02 2.47831E+02
 2.10000E+01 1.71178E+02 1.10484E+02 2.31872E+02
 2.20000E+01 1.64883E+02 1.07533E+02 2.22234E+02
 2.30000E+01 1.57299E+02 1.03298E+02 2.11300E+02
 2.40000E+01 1.50687E+02 9.96729E+01 2.01702E+02
 2.50000E+01 1.43820E+02 9.59304E+01 1.91710E+02
 2.60000E+01 1.38082E+02 9.29630E+01 1.83202E+02
 2.70000E+01 1.33515E+02 9.09442E+01 1.76086E+02
 2.80000E+01 1.29828E+02 8.94163E+01 1.70240E+02
 2.90000E+01 1.24948E+02 8.67608E+01 1.63135E+02
 3.00000E+01 1.21613E+02 8.53953E+01 1.57831E+02
 3.20000E+01 1.13153E+02 7.94550E+01 1.46852E+02
 3.40000E+01 1.04832E+02 7.36122E+01 1.36053E+02
 3.60000E+01 9.66390E+01 6.78588E+01 1.25419E+02
 3.80000E+01 8.90606E+01 6.25373E+01 1.15584E+02
 4.00000E+01 8.26635E+01 5.80453E+01 1.07282E+02
 4.20000E+01 7.68394E+01 5.39558E+01 9.97231E+01
 4.40000E+01 7.14129E+01 5.01453E+01 9.26805E+01
 4.60000E+01 6.72320E+01 4.72095E+01 8.72545E+01
 4.80000E+01 6.25920E+01 4.39514E+01 8.12326E+01
 5.00000E+01 5.94335E+01 4.17335E+01 7.71334E+01
 5.20000E+01 5.63203E+01 3.95475E+01 7.30932E+01
 5.40000E+01 5.22874E+01 3.67156E+01 6.78592E+01
 5.60000E+01 5.01902E+01 3.52430E+01 6.51374E+01
 5.80000E+01 4.78100E+01 3.35716E+01 6.20484E+01
 6.00000E+01 4.46646E+01 3.13630E+01 5.79662E+01
 6.50000E+01 3.88436E+01 2.72755E+01 5.04116E+01
 7.00000E+01 3.40342E+01 2.38984E+01 4.41700E+01
 7.50000E+01 2.98588E+01 2.09665E+01 3.87511E+01
 8.00000E+01 2.70642E+01 1.90041E+01 3.51242E+01
 9.00000E+01 2.09089E+01 1.46820E+01 2.71358E+01
 1.00000E+02 1.64555E+01 1.15549E+01 2.13562E+01
 1.10000E+02 1.33963E+01 9.40673E+00 1.73859E+01
 1.20000E+02 1.08928E+01 7.64884E+00 1.41369E+01
 1.30000E+02 9.11590E+00 6.40108E+00 1.18307E+01
 1.40000E+02 7.76873E+00 5.45512E+00 1.00823E+01
 1.50000E+02 6.43577E+00 4.51912E+00 8.35241E+00
 1.60000E+02 5.55634E+00 3.90160E+00 7.21108E+00
 1.80000E+02 4.15386E+00 2.91680E+00 5.39093E+00
 2.00000E+02 3.27977E+00 2.30301E+00 4.25652E+00
