#rp039091.L01         Number of runs:    250
#
#
#
# E(MeV)      xs(mb)     xslow(mb)      xsupp(mb)
 1.00000E-01 0.00000E+00 0.00000E+00 0.00000E+00
 2.00000E-01 0.00000E+00 0.00000E+00 0.00000E+00
 3.00000E-01 0.00000E+00 0.00000E+00 0.00000E+00
 4.00000E-01 0.00000E+00 0.00000E+00 0.00000E+00
 5.00000E-01 0.00000E+00 0.00000E+00 0.00000E+00
 6.00000E-01 0.00000E+00 0.00000E+00 0.00000E+00
 7.00000E-01 0.00000E+00 0.00000E+00 0.00000E+00
 8.00000E-01 0.00000E+00 0.00000E+00 0.00000E+00
 9.00000E-01 0.00000E+00 0.00000E+00 0.00000E+00
 1.00000E+00 0.00000E+00 0.00000E+00 0.00000E+00
 1.20000E+00 0.00000E+00 0.00000E+00 0.00000E+00
 1.40000E+00 0.00000E+00 0.00000E+00 0.00000E+00
 1.60000E+00 0.00000E+00 0.00000E+00 0.00000E+00
 1.80000E+00 0.00000E+00 0.00000E+00 0.00000E+00
 2.00000E+00 0.00000E+00 0.00000E+00 0.00000E+00
 2.20000E+00 0.00000E+00 0.00000E+00 0.00000E+00
 2.40000E+00 0.00000E+00 0.00000E+00 0.00000E+00
 2.60000E+00 0.00000E+00 0.00000E+00 0.00000E+00
 2.80000E+00 0.00000E+00 0.00000E+00 0.00000E+00
 3.00000E+00 0.00000E+00 0.00000E+00 0.00000E+00
 3.20000E+00 0.00000E+00 0.00000E+00 0.00000E+00
 3.40000E+00 0.00000E+00 0.00000E+00 0.00000E+00
 3.60000E+00 0.00000E+00 0.00000E+00 0.00000E+00
 3.80000E+00 0.00000E+00 0.00000E+00 0.00000E+00
 4.00000E+00 0.00000E+00 0.00000E+00 0.00000E+00
 4.20000E+00 0.00000E+00 0.00000E+00 0.00000E+00
 4.40000E+00 0.00000E+00 0.00000E+00 0.00000E+00
 4.60000E+00 0.00000E+00 0.00000E+00 0.00000E+00
 4.80000E+00 0.00000E+00 0.00000E+00 0.00000E+00
 5.00000E+00 0.00000E+00 0.00000E+00 0.00000E+00
 5.20000E+00 0.00000E+00 0.00000E+00 0.00000E+00
 5.40000E+00 0.00000E+00 0.00000E+00 0.00000E+00
 5.60000E+00 0.00000E+00 0.00000E+00 0.00000E+00
 5.80000E+00 0.00000E+00 0.00000E+00 0.00000E+00
 6.00000E+00 0.00000E+00 0.00000E+00 0.00000E+00
 6.20000E+00 0.00000E+00 0.00000E+00 0.00000E+00
 6.40000E+00 0.00000E+00 0.00000E+00 0.00000E+00
 6.60000E+00 0.00000E+00 0.00000E+00 0.00000E+00
 6.80000E+00 0.00000E+00 0.00000E+00 0.00000E+00
 7.00000E+00 0.00000E+00 0.00000E+00 0.00000E+00
 7.20000E+00 0.00000E+00 0.00000E+00 0.00000E+00
 7.40000E+00 0.00000E+00 0.00000E+00 0.00000E+00
 7.60000E+00 0.00000E+00 0.00000E+00 0.00000E+00
 7.80000E+00 0.00000E+00 0.00000E+00 0.00000E+00
 8.00000E+00 0.00000E+00 0.00000E+00 0.00000E+00
 8.50000E+00 0.00000E+00 0.00000E+00 0.00000E+00
 9.00000E+00 0.00000E+00 0.00000E+00 0.00000E+00
 9.50000E+00 0.00000E+00 0.00000E+00 0.00000E+00
 1.00000E+01 0.00000E+00 0.00000E+00 0.00000E+00
 1.05000E+01 0.00000E+00 0.00000E+00 0.00000E+00
 1.10000E+01 0.00000E+00 0.00000E+00 0.00000E+00
 1.15000E+01 0.00000E+00 0.00000E+00 0.00000E+00
 1.20000E+01 0.00000E+00 0.00000E+00 0.00000E+00
 1.25000E+01 0.00000E+00 0.00000E+00 0.00000E+00
 1.30000E+01 0.00000E+00 0.00000E+00 0.00000E+00
 1.35000E+01 0.00000E+00 0.00000E+00 0.00000E+00
 1.40000E+01 0.00000E+00 0.00000E+00 0.00000E+00
 1.45000E+01 0.00000E+00 0.00000E+00 0.00000E+00
 1.50000E+01 0.00000E+00 0.00000E+00 0.00000E+00
 1.60000E+01 0.00000E+00 0.00000E+00 0.00000E+00
 1.70000E+01 0.00000E+00 0.00000E+00 0.00000E+00
 1.80000E+01 0.00000E+00 0.00000E+00 0.00000E+00
 1.90000E+01 0.00000E+00 0.00000E+00 0.00000E+00
 2.00000E+01 0.00000E+00 0.00000E+00 0.00000E+00
 2.10000E+01 0.00000E+00 0.00000E+00 0.00000E+00
 2.20000E+01 0.00000E+00 0.00000E+00 0.00000E+00
 2.30000E+01 0.00000E+00 0.00000E+00 0.00000E+00
 2.40000E+01 0.00000E+00 0.00000E+00 0.00000E+00
 2.50000E+01 0.00000E+00 0.00000E+00 0.00000E+00
 2.60000E+01 0.00000E+00 0.00000E+00 0.00000E+00
 2.70000E+01 0.00000E+00 0.00000E+00 0.00000E+00
 2.80000E+01 0.00000E+00 0.00000E+00 0.00000E+00
 2.90000E+01 0.00000E+00 0.00000E+00 0.00000E+00
 3.00000E+01 0.00000E+00 0.00000E+00 0.00000E+00
 3.20000E+01 6.54939E-13 6.54939E-13 6.54939E-13
 3.40000E+01 3.74150E-06 3.74150E-06 3.74150E-06
 3.60000E+01 3.66682E-03 3.66682E-03 3.66682E-03
 3.80000E+01 1.06169E-01 1.06169E-01 1.06169E-01
 4.00000E+01 5.70120E-01 5.70120E-01 5.70120E-01
 4.20000E+01 1.52894E+00 1.52894E+00 1.52894E+00
 4.40000E+01 2.91069E+00 2.91069E+00 2.91069E+00
 4.60000E+01 5.11159E+00 5.11159E+00 5.11159E+00
 4.80000E+01 9.80026E+00 9.80026E+00 9.80026E+00
 5.00000E+01 1.91080E+01 1.91080E+01 1.91080E+01
 5.20000E+01 3.39062E+01 3.39062E+01 3.39062E+01
 5.40000E+01 5.18607E+01 5.18607E+01 5.18607E+01
 5.60000E+01 7.34463E+01 7.34463E+01 7.34463E+01
 5.80000E+01 9.18432E+01 9.18432E+01 9.18432E+01
 6.00000E+01 1.03344E+02 1.03344E+02 1.03344E+02
 6.50000E+01 1.05220E+02 1.05220E+02 1.05220E+02
 7.00000E+01 8.61155E+01 8.61155E+01 8.61155E+01
 7.50000E+01 6.88688E+01 6.88688E+01 6.88688E+01
 8.00000E+01 5.84158E+01 5.84158E+01 5.84158E+01
 9.00000E+01 5.00222E+01 5.00222E+01 5.00222E+01
 1.00000E+02 4.60562E+01 4.60562E+01 4.60562E+01
 1.10000E+02 4.29029E+01 4.29029E+01 4.29029E+01
 1.20000E+02 3.97469E+01 3.97469E+01 3.97469E+01
 1.30000E+02 3.73553E+01 3.73553E+01 3.73553E+01
 1.40000E+02 3.44701E+01 3.44701E+01 3.44701E+01
 1.50000E+02 3.03035E+01 3.03035E+01 3.03035E+01
 1.60000E+02 2.84048E+01 2.84048E+01 2.84048E+01
 1.80000E+02 2.35888E+01 2.35888E+01 2.35888E+01
 2.00000E+02 2.07412E+01 2.07412E+01 2.07412E+01
