
                       be used for evaluation purposes
                                                            29-Mar-2019 14:55
                       _________________________________

                       P E A K     F I T     R E P O R T
                       _________________________________

 Spectrum file Analysed: AE03192019_FP03_10cm_HPGE1.Chn   
 Sample Title :                                                  

 Spectrum saved on 19-Mar-2019 at  9:35    Collected on 18-Mar-2019 at  9:49
 Sample  Taken  on 18-Mar-2019 at  9:49    Decayed      0 Days,     0 mins.

            Detector file number used:     3
            Energy     Calibration Performed on 27-Mar-2019 at 16:26
            Peak Shape Calibration Performed on 27-Mar-2019 at 16:29


   Datetime:  18-Mar-2019  9:49
   Live:      85198.0 

   Reported Activity values were rounded     
   FitzPeaks Version: 3.71 23rd January 2014           

 Peak   Centre   FW@HM         Goodness   Peak      %      Gammas       %      2 Sigma
Energy  Channel  (KeV)  Signif  of Fit    Area   Uncert.  per sec.   Uncert. Background

   68.3   363.7   1.08!    6.6    0.63      4571   16.1   5.3647e-02   16.1    48658
   70.2   373.4   1.08!   11.4    0.63      9017    8.4   1.0584e-01    8.4    48658
   74.2   395.1   1.09!    8.9    2.06      8483   17.1   9.9571e-02   17.1    62534
   76.5   407.0   1.09!   20.7    2.06     19888    7.4   2.3343e-01    7.4    56850
   79.0   420.4   1.10!    5.3    2.06      6195   23.4   7.2718e-02   23.4    62534
   86.5   460.5   0.96     6.3    1.84      5424   21.4   6.3663e-02   21.4    46638
   89.1   474.4   0.97     3.9    1.84      2526   45.0   2.9651e-02   45.0    46638
   94.8   504.6   0.97     3.7    1.16      1871   36.9   2.1964e-02   36.9    49121
  124.8   664.2   1.16!   29.4    2.70     33056    3.1   3.8800e-01    3.1    57334
  139.6   743.1   1.02     4.0    1.51      3176   22.7   3.7283e-02   22.7    45514
  190.3  1013.1   1.25!    6.0    2.07      4471   12.0   5.2473e-02   12.0    30422
  194.9  1037.7   1.25!   19.7    2.07     17228    4.1   2.0221e-01    4.1    30422
  244.5  1301.9   1.32!   18.0    5.17     16351    4.0   1.9192e-01    4.0    20844
  247.6  1318.7   1.32!    4.1    5.17      2762   17.8   3.2416e-02   17.8    20844
  276.8  1473.9   1.19     3.5    1.00       950   37.1   1.1153e-02   37.1    13971
  284.2  1513.6   1.19     3.5    0.88       751   44.9   8.8102e-03   44.9    13125
  302.4  1610.3   1.22     8.9    4.55      5726    7.6   6.7211e-02    7.6    11658
  307.3  1636.7   1.22     3.5    4.55       806   38.3   9.4636e-03   38.3    11658
  346.5  1845.5   1.27     5.1    2.42      2075   17.0   2.4361e-02   17.0     9728
  360.4  1919.4   1.48!   14.1   11.83     12177    5.4   1.4293e-01    5.4    10350
  402.7  2144.6   1.33     3.7    0.67       624   40.5   7.3255e-03   40.5     6833
  474.5  2526.8   1.42     3.4    1.56       768   33.1   9.0171e-03   33.1     5546
  523.4  2787.5   1.48     9.2    5.51      3761   30.3   4.4145e-02   30.3    18342
  571.9  3045.7   1.53     4.4    1.49      1107   21.3   1.2990e-02   21.3     4602
  583.3  3106.8   1.55     3.6    1.15       645   34.9   7.5759e-03   34.9     4452
  596.9  3178.8   1.69    13.9    1.19      6187    4.6   7.2620e-02    4.6     4522
  598.6  3188.2   1.70     5.1    1.19      3416    7.9   4.0091e-02    7.9     4522
  623.6  3321.4   1.72    20.4    0.87     10417    3.0   1.2227e-01    3.0     4442
  625.4  3331.1   1.72     7.7    0.87      5666    5.0   6.6507e-02    5.0     4181
  744.3  3964.2   1.74     4.6    5.05      1617   16.8   1.8983e-02   16.8     3617
  774.8  4126.5   1.77     3.5    0.60       511   34.5   6.0025e-03   34.5     2875
  786.6  4189.7   1.78     3.9    2.09       884   26.0   1.0377e-02   26.0     3129
  814.2  4336.4   1.82     3.4    1.04       450   40.4   5.2829e-03   40.4     2588
  825.5  4396.7   1.93     3.5    0.97       415   45.0   4.8681e-03   45.0     2630
  830.1  4421.2   1.93    32.3    0.97     18141    1.9   2.1293e-01    1.9     2491
  832.3  4432.8   1.94    14.6    0.97     10281    2.7   1.2067e-01    2.7     2630
  881.3  4693.9   1.90     3.7    1.94       686   28.3   8.0530e-03   28.3     2507
  932.5  4966.8   2.25!   13.1    4.60      5317    5.7   6.2413e-02    5.7     2905
  934.9  4979.5   2.25!    3.7    4.60      2400    9.6   2.8173e-02    9.6     2773
  956.5  5094.4   1.98     3.3    1.53       535   33.1   6.2842e-03   33.1     2281
  988.1  5262.7   2.02     4.1    1.39       749   22.3   8.7859e-03   22.3     2115
  992.0  5283.4   2.03     7.1    1.39      2254    8.3   2.6458e-02    8.3     2115
  994.3  5295.9   2.03     4.4    1.39      1322   13.1   1.5518e-02   13.1     2226
 1089.2  5801.2   2.14     3.6    1.53       548   32.1   6.4363e-03   32.1     2069
 1142.7  6086.3   2.33     3.5    1.35       730   25.1   8.5647e-03   25.1     2104
 1147.0  6109.3   2.34    13.2    1.35      3389    5.8   3.9779e-02    5.8     2104
 1149.8  6123.8   2.34     5.9    1.35      1750   11.1   2.0539e-02   11.1     2104
 1183.0  6301.0   2.25     3.3    0.96       318   53.0   3.7334e-03   53.0     2250
 1268.0  6753.7   2.35     6.9    0.93      1443   12.5   1.6940e-02   12.5     2096
 1270.7  6768.2   2.35     4.1    0.93       883   20.0   1.0365e-02   20.0     2096
 1305.5  6953.6   2.39     5.3    1.45       703   24.4   8.2505e-03   24.4     1857
 1412.4  7523.0   2.52     3.9    1.74       916   15.5   1.0747e-02   15.5     1084
 1437.5  7656.4   2.55     3.5    1.23       308   36.8   3.6157e-03   36.8      973
 1443.4  7688.2   2.55     3.3    1.23       479   25.6   5.6211e-03   25.6      973
 1498.5  7981.2   3.01!   34.1   19.24     39921    1.9   4.6857e-01    1.9      775
 1548.6  8248.3   2.68     5.1    1.15       523   20.5   6.1402e-03   20.5      664
 1630.0  8681.8   2.77     4.4    1.09       477   22.6   5.5957e-03   22.6      699
 1634.1  8703.6   2.78     4.1    1.09       601   18.5   7.0516e-03   18.5      699
 1662.9  8857.0   2.81     3.5    0.95       328   23.9   3.8556e-03   23.9      500
 1673.3  8912.6   2.83     3.5    0.95       247   32.2   2.8946e-03   32.2      519
 1704.9  9080.6   2.86     3.7    1.06       278   31.5   3.2623e-03   31.5      451
 1774.8  9452.9   2.95     8.7    1.21       906   11.2   1.0638e-02   11.2      368
 1810.5  9643.5   3.10    19.8    1.49      4766    3.5   5.5937e-02    3.5      414
 1895.6 10096.6   3.09     5.4    1.19       647   13.6   7.5889e-03   13.6      354
 2157.2 11489.7   3.39     4.2    1.44       749   11.7   8.7916e-03   11.7      405
 2172.5 11571.6   3.41     3.6    1.44       213   33.1   2.4987e-03   33.1      405
 2258.2 12027.9   3.51     4.2    0.80       788   11.8   9.2503e-03   11.8      352
 2261.6 12045.9   3.52     7.0    0.80       720   13.2   8.4452e-03   13.2      352
 2507.3 13354.8   3.80     4.1    1.46       235   37.5   2.7559e-03   37.5      322
 2677.0 14258.9   4.02    17.3    1.43      4471    3.1   5.2483e-02    3.1       54
 2682.2 14286.5   4.02    13.7    1.43      3333    4.1   3.9124e-02    4.1       53

 ! indicates the Iterative Peak Width fitting reached a limiting value.
