# n +  89Y  Total alpha    production
# Q-value    = 6.85052E-01
# 
# # energies =    40
#    E         xs         Yield
 1.00000E+00 0.00000E+00 0.00000E+00
 2.00000E+00 0.00000E+00 0.00000E+00
 3.00000E+00 0.00000E+00 0.00000E+00
 4.00000E+00 3.82815E-11 2.18345E-14
 5.00000E+00 6.51938E-06 3.70887E-09
 6.00000E+00 1.19668E-04 6.84450E-08
 7.00000E+00 1.41551E-03 8.01759E-07
 8.00000E+00 1.06543E-02 6.01922E-06
 9.00000E+00 5.05746E-02 2.87142E-05
 1.00000E+01 1.70937E-01 9.78599E-05
 1.10000E+01 4.43946E-01 2.56875E-04
 1.20000E+01 9.40536E-01 5.50461E-04
 1.30000E+01 1.70420E+00 1.00746E-03
 1.40000E+01 2.77231E+00 1.65168E-03
 1.50000E+01 4.19537E+00 2.51380E-03
 1.60000E+01 5.92855E+00 3.56588E-03
 1.70000E+01 8.13259E+00 4.90213E-03
 1.80000E+01 1.08985E+01 6.57833E-03
 1.90000E+01 1.40481E+01 8.49727E-03
 2.00000E+01 1.69156E+01 1.02756E-02
 2.10000E+01 1.95325E+01 1.19486E-02
 2.20000E+01 2.06910E+01 1.27743E-02
 2.30000E+01 2.21645E+01 1.38269E-02
 2.40000E+01 2.36337E+01 1.48989E-02
 2.50000E+01 2.50866E+01 1.59717E-02
 2.60000E+01 2.64800E+01 1.70103E-02
 2.70000E+01 2.78242E+01 1.80185E-02
 2.80000E+01 2.90936E+01 1.89814E-02
 2.90000E+01 3.02917E+01 1.99055E-02
 3.00000E+01 3.14272E+01 2.08010E-02
 3.10000E+01 3.25011E+01 2.16725E-02
 3.20000E+01 3.35242E+01 2.25280E-02
 3.30000E+01 3.45024E+01 2.33709E-02
 3.40000E+01 3.54431E+01 2.42035E-02
 3.50000E+01 3.63543E+01 2.50279E-02
 3.60000E+01 3.72422E+01 2.58456E-02
 3.70000E+01 3.81212E+01 2.66642E-02
 3.80000E+01 3.90057E+01 2.74926E-02
 3.90000E+01 3.98722E+01 2.83137E-02
 4.00000E+01 4.06913E+01 2.91066E-02
