# n +  89Y  Total deuteron production
# Q-value    =-4.85113E+00
# 
# # energies =    40
#    E         xs         Yield
 1.00000E+00 0.00000E+00 0.00000E+00
 2.00000E+00 0.00000E+00 0.00000E+00
 3.00000E+00 0.00000E+00 0.00000E+00
 4.00000E+00 0.00000E+00 0.00000E+00
 5.00000E+00 0.00000E+00 0.00000E+00
 6.00000E+00 6.33519E-13 3.62347E-16
 7.00000E+00 2.27423E-06 1.28814E-09
 8.00000E+00 5.77680E-04 3.26364E-07
 9.00000E+00 1.39316E-02 7.90979E-06
 1.00000E+01 1.11298E-01 6.37173E-05
 1.10000E+01 4.32319E-01 2.50147E-04
 1.20000E+01 1.02079E+00 5.97430E-04
 1.30000E+01 1.87831E+00 1.11039E-03
 1.40000E+01 3.10216E+00 1.84820E-03
 1.50000E+01 4.90678E+00 2.94006E-03
 1.60000E+01 7.02299E+00 4.22415E-03
 1.70000E+01 9.31707E+00 5.61611E-03
 1.80000E+01 1.07796E+01 6.50658E-03
 1.90000E+01 1.40020E+01 8.46938E-03
 2.00000E+01 1.64145E+01 9.97120E-03
 2.10000E+01 1.86766E+01 1.14250E-02
 2.20000E+01 2.09579E+01 1.29392E-02
 2.30000E+01 2.37403E+01 1.48099E-02
 2.40000E+01 2.58487E+01 1.62953E-02
 2.50000E+01 2.78909E+01 1.77571E-02
 2.60000E+01 2.98397E+01 1.91686E-02
 2.70000E+01 3.17002E+01 2.05286E-02
 2.80000E+01 3.35012E+01 2.18570E-02
 2.90000E+01 3.53874E+01 2.32540E-02
 3.00000E+01 3.70384E+01 2.45149E-02
 3.10000E+01 3.86200E+01 2.57527E-02
 3.20000E+01 4.01260E+01 2.69644E-02
 3.30000E+01 4.15623E+01 2.81530E-02
 3.40000E+01 4.29328E+01 2.93180E-02
 3.50000E+01 4.42431E+01 3.04589E-02
 3.60000E+01 4.54991E+01 3.15757E-02
 3.70000E+01 4.67056E+01 3.26686E-02
 3.80000E+01 4.78655E+01 3.37373E-02
 3.90000E+01 4.89831E+01 3.47835E-02
 4.00000E+01 5.00642E+01 3.58110E-02
