# n +  89Y  Total neutron  production
# Q-value    = 0.00000E+00
# 
# # energies =    40
#    E         xs         Yield
 1.00000E+00 5.70785E+01 9.27819E-01
 2.00000E+00 1.13001E+03 9.97384E-01
 3.00000E+00 1.52592E+03 9.98136E-01
 4.00000E+00 1.75106E+03 9.98748E-01
 5.00000E+00 1.75654E+03 9.99294E-01
 6.00000E+00 1.74698E+03 9.99203E-01
 7.00000E+00 1.76351E+03 9.98867E-01
 8.00000E+00 1.76694E+03 9.98244E-01
 9.00000E+00 1.75644E+03 9.97235E-01
 1.00000E+01 1.73947E+03 9.95828E-01
 1.10000E+01 1.71761E+03 9.93836E-01
 1.20000E+01 1.79616E+03 1.05123E+00
 1.30000E+01 2.21157E+03 1.30740E+00
 1.40000E+01 2.51749E+03 1.49986E+00
 1.50000E+01 2.70557E+03 1.62113E+00
 1.60000E+01 2.78484E+03 1.67501E+00
 1.70000E+01 2.82596E+03 1.70342E+00
 1.80000E+01 2.83804E+03 1.71303E+00
 1.90000E+01 2.83426E+03 1.71436E+00
 2.00000E+01 2.82015E+03 1.71314E+00
 2.10000E+01 2.79453E+03 1.70948E+00
 2.20000E+01 2.78513E+03 1.71950E+00
 2.30000E+01 2.83487E+03 1.76848E+00
 2.40000E+01 2.91786E+03 1.83945E+00
 2.50000E+01 3.02058E+03 1.92309E+00
 2.60000E+01 3.10658E+03 1.99562E+00
 2.70000E+01 3.17346E+03 2.05508E+00
 2.80000E+01 3.21298E+03 2.09624E+00
 2.90000E+01 3.22555E+03 2.11959E+00
 3.00000E+01 3.23959E+03 2.14422E+00
 3.10000E+01 3.23425E+03 2.15667E+00
 3.20000E+01 3.22622E+03 2.16800E+00
 3.30000E+01 3.21580E+03 2.17829E+00
 3.40000E+01 3.20619E+03 2.18945E+00
 3.50000E+01 3.21001E+03 2.20992E+00
 3.60000E+01 3.23366E+03 2.24412E+00
 3.70000E+01 3.25716E+03 2.27824E+00
 3.80000E+01 3.28678E+03 2.31664E+00
 3.90000E+01 3.32084E+03 2.35817E+00
 4.00000E+01 3.34310E+03 2.39133E+00
