# n +  89Y  Total proton   production
# Q-value    =-7.16982E-01
# 
# # energies =    40
#    E         xs         Yield
 1.00000E+00 0.00000E+00 0.00000E+00
 2.00000E+00 3.94886E-05 3.48539E-08
 3.00000E+00 5.91281E-02 3.86770E-05
 4.00000E+00 5.33016E-01 3.04015E-04
 5.00000E+00 7.03781E-01 4.00381E-04
 6.00000E+00 1.06759E+00 6.10616E-04
 7.00000E+00 1.72473E+00 9.76905E-04
 8.00000E+00 2.80439E+00 1.58436E-03
 9.00000E+00 4.54991E+00 2.58325E-03
 1.00000E+01 2.03248E+01 1.16358E-02
 1.10000E+01 8.12605E+01 4.70187E-02
 1.20000E+01 1.51291E+02 8.85453E-02
 1.30000E+01 1.24614E+02 7.36671E-02
 1.40000E+01 9.23387E+01 5.50133E-02
 1.50000E+01 6.92783E+01 4.15104E-02
 1.60000E+01 6.24638E+01 3.75704E-02
 1.70000E+01 6.00611E+01 3.62034E-02
 1.80000E+01 6.28921E+01 3.79616E-02
 1.90000E+01 6.75507E+01 4.08593E-02
 2.00000E+01 7.35999E+01 4.47092E-02
 2.10000E+01 8.02611E+01 4.90978E-02
 2.20000E+01 8.92514E+01 5.51026E-02
 2.30000E+01 9.88822E+01 6.16857E-02
 2.40000E+01 1.08871E+02 6.86332E-02
 2.50000E+01 1.15902E+02 7.37906E-02
 2.60000E+01 1.22355E+02 7.85989E-02
 2.70000E+01 1.27774E+02 8.27442E-02
 2.80000E+01 1.34144E+02 8.75190E-02
 2.90000E+01 1.40453E+02 9.22951E-02
 3.00000E+01 1.46227E+02 9.67848E-02
 3.10000E+01 1.53522E+02 1.02372E-01
 3.20000E+01 1.62236E+02 1.09021E-01
 3.30000E+01 1.74910E+02 1.18478E-01
 3.40000E+01 1.90913E+02 1.30371E-01
 3.50000E+01 2.06699E+02 1.42301E-01
 3.60000E+01 2.21314E+02 1.53589E-01
 3.70000E+01 2.33699E+02 1.63462E-01
 3.80000E+01 2.43721E+02 1.71783E-01
 3.90000E+01 2.50687E+02 1.78016E-01
 4.00000E+01 2.57017E+02 1.83845E-01
