# n +  89Y : Production of  86Rb - Ground state
# Q-value    = 6.85052E-01 mass=  85.911167
# E-threshold= 0.00000E+00
# # energies =    40
#     E          xs      Branching
 1.00000E+00 0.00000E+00 0.00000E+00
 2.00000E+00 0.00000E+00 0.00000E+00
 3.00000E+00 0.00000E+00 0.00000E+00
 4.00000E+00 7.48055E-12 0.00000E+00
 5.00000E+00 6.26508E-06 0.00000E+00
 6.00000E+00 8.65790E-05 0.00000E+00
 7.00000E+00 1.29335E-03 9.19066E-01
 8.00000E+00 9.28638E-03 8.72034E-01
 9.00000E+00 4.24492E-02 8.39371E-01
 1.00000E+01 1.39107E-01 8.13798E-01
 1.10000E+01 3.52437E-01 7.93875E-01
 1.20000E+01 7.28851E-01 7.74934E-01
 1.30000E+01 1.28316E+00 7.52943E-01
 1.40000E+01 2.01526E+00 7.26930E-01
 1.50000E+01 2.93024E+00 6.98502E-01
 1.60000E+01 3.95854E+00 6.68466E-01
 1.70000E+01 5.15860E+00 6.39367E-01
 1.80000E+01 6.50071E+00 6.09541E-01
 1.90000E+01 7.54890E+00 5.77837E-01
 2.00000E+01 8.21398E+00 5.53223E-01
 2.10000E+01 7.97914E+00 5.24501E-01
 2.20000E+01 7.38777E+00 5.06659E-01
 2.30000E+01 6.66837E+00 4.89459E-01
 2.40000E+01 5.92769E+00 4.67368E-01
 2.50000E+01 5.48618E+00 4.55912E-01
 2.60000E+01 4.77888E+00 4.39479E-01
 2.70000E+01 4.22221E+00 4.22071E-01
 2.80000E+01 3.87450E+00 4.15762E-01
 2.90000E+01 3.47379E+00 4.10076E-01
 3.00000E+01 2.96821E+00 3.90455E-01
 3.10000E+01 2.71471E+00 3.85844E-01
 3.20000E+01 2.53661E+00 3.84303E-01
 3.30000E+01 2.35895E+00 3.84137E-01
 3.40000E+01 2.27033E+00 3.86521E-01
 3.50000E+01 2.17494E+00 3.82482E-01
 3.60000E+01 2.29025E+00 3.93859E-01
 3.70000E+01 2.39254E+00 4.02299E-01
 3.80000E+01 2.49116E+00 4.03181E-01
 3.90000E+01 2.73949E+00 4.16616E-01
 4.00000E+01 2.84209E+00 4.16561E-01
