# n +  89Y : Production of  86Sr - Total
# Q-value    =-1.81351E+01 mass=  85.909261
# E-threshold= 1.83408E+01
# # energies =    40
#     E          xs
 1.00000E+00 0.00000E+00
 2.00000E+00 0.00000E+00
 3.00000E+00 0.00000E+00
 4.00000E+00 0.00000E+00
 5.00000E+00 0.00000E+00
 6.00000E+00 0.00000E+00
 7.00000E+00 0.00000E+00
 8.00000E+00 0.00000E+00
 9.00000E+00 0.00000E+00
 1.00000E+01 0.00000E+00
 1.10000E+01 0.00000E+00
 1.20000E+01 0.00000E+00
 1.30000E+01 0.00000E+00
 1.40000E+01 0.00000E+00
 1.50000E+01 0.00000E+00
 1.60000E+01 0.00000E+00
 1.70000E+01 0.00000E+00
 1.80000E+01 0.00000E+00
 1.90000E+01 0.00000E+00
 2.00000E+01 0.00000E+00
 2.10000E+01 0.00000E+00
 2.20000E+01 0.00000E+00
 2.30000E+01 3.25700E-03
 2.40000E+01 2.57753E-02
 2.50000E+01 1.05793E-01
 2.60000E+01 2.89413E-01
 2.70000E+01 6.25711E-01
 2.80000E+01 1.09003E+00
 2.90000E+01 1.70290E+00
 3.00000E+01 2.62904E+00
 3.10000E+01 4.44810E+00
 3.20000E+01 8.60435E+00
 3.30000E+01 1.68596E+01
 3.40000E+01 2.90011E+01
 3.50000E+01 4.16261E+01
 3.60000E+01 5.47451E+01
 3.70000E+01 6.54401E+01
 3.80000E+01 7.52293E+01
 3.90000E+01 8.27800E+01
 4.00000E+01 8.92901E+01
