# n +  89Y : Production of  85Kr - Level  1     0.30487 MeV
# Q-value    =-8.17545E+00 mass=  84.912527
# E-threshold= 8.26820E+00
# # energies =    40
#     E          xs      Branching
 1.00000E+00 0.00000E+00 0.00000E+00
 2.00000E+00 0.00000E+00 0.00000E+00
 3.00000E+00 0.00000E+00 0.00000E+00
 4.00000E+00 0.00000E+00 0.00000E+00
 5.00000E+00 0.00000E+00 0.00000E+00
 6.00000E+00 0.00000E+00 0.00000E+00
 7.00000E+00 0.00000E+00 0.00000E+00
 8.00000E+00 0.00000E+00 0.00000E+00
 9.00000E+00 0.00000E+00 0.00000E+00
 1.00000E+01 0.00000E+00 0.00000E+00
 1.10000E+01 0.00000E+00 0.00000E+00
 1.20000E+01 0.00000E+00 0.00000E+00
 1.30000E+01 0.00000E+00 0.00000E+00
 1.40000E+01 0.00000E+00 0.00000E+00
 1.50000E+01 0.00000E+00 0.00000E+00
 1.60000E+01 0.00000E+00 0.00000E+00
 1.70000E+01 0.00000E+00 0.00000E+00
 1.80000E+01 0.00000E+00 0.00000E+00
 1.90000E+01 0.00000E+00 0.00000E+00
 2.00000E+01 0.00000E+00 0.00000E+00
 2.10000E+01 0.00000E+00 0.00000E+00
 2.20000E+01 0.00000E+00 0.00000E+00
 2.30000E+01 0.00000E+00 0.00000E+00
 2.40000E+01 2.21647E-04 1.90816E-01
 2.50000E+01 4.57050E-04 2.10552E-01
 2.60000E+01 8.12756E-04 2.20208E-01
 2.70000E+01 1.31673E-03 2.22628E-01
 2.80000E+01 1.98624E-03 2.20213E-01
 2.90000E+01 2.89250E-03 2.14045E-01
 3.00000E+01 4.03582E-03 2.04275E-01
 3.10000E+01 5.34338E-03 1.93632E-01
 3.20000E+01 6.77875E-03 1.83659E-01
 3.30000E+01 8.10318E-03 1.71399E-01
 3.40000E+01 9.47764E-03 1.62134E-01
 3.50000E+01 1.06298E-02 1.56740E-01
 3.60000E+01 1.13337E-02 1.49033E-01
 3.70000E+01 1.20774E-02 1.44054E-01
 3.80000E+01 1.25695E-02 1.42413E-01
 3.90000E+01 1.27715E-02 1.41058E-01
 4.00000E+01 1.29814E-02 1.39618E-01
