# n +  89Y : Production of  85Kr - Total
# Q-value    =-7.87058E+00 mass=  84.912527
# E-threshold= 7.95987E+00
# # energies =    40
#     E          xs
 1.00000E+00 0.00000E+00
 2.00000E+00 0.00000E+00
 3.00000E+00 0.00000E+00
 4.00000E+00 0.00000E+00
 5.00000E+00 0.00000E+00
 6.00000E+00 0.00000E+00
 7.00000E+00 0.00000E+00
 8.00000E+00 0.00000E+00
 9.00000E+00 0.00000E+00
 1.00000E+01 0.00000E+00
 1.10000E+01 0.00000E+00
 1.20000E+01 0.00000E+00
 1.30000E+01 0.00000E+00
 1.40000E+01 0.00000E+00
 1.50000E+01 0.00000E+00
 1.60000E+01 0.00000E+00
 1.70000E+01 0.00000E+00
 1.80000E+01 0.00000E+00
 1.90000E+01 0.00000E+00
 2.00000E+01 0.00000E+00
 2.10000E+01 0.00000E+00
 2.20000E+01 0.00000E+00
 2.30000E+01 0.00000E+00
 2.40000E+01 1.16158E-03
 2.50000E+01 2.17073E-03
 2.60000E+01 3.69085E-03
 2.70000E+01 5.91448E-03
 2.80000E+01 9.01964E-03
 2.90000E+01 1.35135E-02
 3.00000E+01 1.97568E-02
 3.10000E+01 2.75956E-02
 3.20000E+01 3.69095E-02
 3.30000E+01 4.72768E-02
 3.40000E+01 5.84556E-02
 3.50000E+01 6.78182E-02
 3.60000E+01 7.60480E-02
 3.70000E+01 8.38399E-02
 3.80000E+01 8.82608E-02
 3.90000E+01 9.05414E-02
 4.00000E+01 9.29778E-02
