# n +  89Y : Production of  90Y  - Total
# Q-value    = 6.85703E+00 mass=  89.907145
# E-threshold= 0.00000E+00
# # energies =    40
#     E          xs
 1.00000E+00 4.36664E+00
 2.00000E+00 2.96174E+00
 3.00000E+00 2.79017E+00
 4.00000E+00 1.66718E+00
 5.00000E+00 5.39986E-01
 6.00000E+00 3.30967E-01
 7.00000E+00 2.82076E-01
 8.00000E+00 3.12926E-01
 9.00000E+00 4.19696E-01
 1.00000E+01 5.90090E-01
 1.10000E+01 7.63337E-01
 1.20000E+01 8.86434E-01
 1.30000E+01 9.45468E-01
 1.40000E+01 9.94817E-01
 1.50000E+01 9.51711E-01
 1.60000E+01 8.70589E-01
 1.70000E+01 7.73816E-01
 1.80000E+01 6.48818E-01
 1.90000E+01 5.56407E-01
 2.00000E+01 4.87886E-01
 2.10000E+01 4.18173E-01
 2.20000E+01 3.73543E-01
 2.30000E+01 3.37188E-01
 2.40000E+01 3.08947E-01
 2.50000E+01 2.79295E-01
 2.60000E+01 2.60173E-01
 2.70000E+01 2.43107E-01
 2.80000E+01 2.30337E-01
 2.90000E+01 2.19430E-01
 3.00000E+01 2.05414E-01
 3.10000E+01 1.96074E-01
 3.20000E+01 1.88400E-01
 3.30000E+01 1.80422E-01
 3.40000E+01 1.74279E-01
 3.50000E+01 1.66643E-01
 3.60000E+01 1.64390E-01
 3.70000E+01 1.50048E-01
 3.80000E+01 1.51692E-01
 3.90000E+01 1.42464E-01
 4.00000E+01 1.44838E-01
