# n +  89Y : Production of  88Rb - Total
# Q-value    =-1.16060E+01 mass=  87.911316
# E-threshold= 1.17376E+01
# # energies =    40
#     E          xs
 1.00000E+00 0.00000E+00
 2.00000E+00 0.00000E+00
 3.00000E+00 0.00000E+00
 4.00000E+00 0.00000E+00
 5.00000E+00 0.00000E+00
 6.00000E+00 0.00000E+00
 7.00000E+00 0.00000E+00
 8.00000E+00 0.00000E+00
 9.00000E+00 0.00000E+00
 1.00000E+01 0.00000E+00
 1.10000E+01 0.00000E+00
 1.20000E+01 0.00000E+00
 1.30000E+01 0.00000E+00
 1.40000E+01 0.00000E+00
 1.50000E+01 0.00000E+00
 1.60000E+01 0.00000E+00
 1.70000E+01 0.00000E+00
 1.80000E+01 0.00000E+00
 1.90000E+01 0.00000E+00
 2.00000E+01 0.00000E+00
 2.10000E+01 0.00000E+00
 2.20000E+01 0.00000E+00
 2.30000E+01 1.32535E-03
 2.40000E+01 2.40432E-03
 2.50000E+01 4.07950E-03
 2.60000E+01 6.38001E-03
 2.70000E+01 9.66916E-03
 2.80000E+01 1.37864E-02
 2.90000E+01 1.89933E-02
 3.00000E+01 2.45172E-02
 3.10000E+01 3.09007E-02
 3.20000E+01 3.67791E-02
 3.30000E+01 4.30340E-02
 3.40000E+01 4.81241E-02
 3.50000E+01 5.36445E-02
 3.60000E+01 5.93045E-02
 3.70000E+01 6.39368E-02
 3.80000E+01 6.72012E-02
 3.90000E+01 7.05426E-02
 4.00000E+01 7.52199E-02
