# n +  89Y : Production of  87Y  - Total
# Q-value    =-2.08326E+01 mass=  86.910876
# E-threshold= 2.10690E+01
# # energies =    40
#     E          xs
 1.00000E+00 0.00000E+00
 2.00000E+00 0.00000E+00
 3.00000E+00 0.00000E+00
 4.00000E+00 0.00000E+00
 5.00000E+00 0.00000E+00
 6.00000E+00 0.00000E+00
 7.00000E+00 0.00000E+00
 8.00000E+00 0.00000E+00
 9.00000E+00 0.00000E+00
 1.00000E+01 0.00000E+00
 1.10000E+01 0.00000E+00
 1.20000E+01 0.00000E+00
 1.30000E+01 0.00000E+00
 1.40000E+01 0.00000E+00
 1.50000E+01 0.00000E+00
 1.60000E+01 0.00000E+00
 1.70000E+01 0.00000E+00
 1.80000E+01 0.00000E+00
 1.90000E+01 0.00000E+00
 2.00000E+01 0.00000E+00
 2.10000E+01 0.00000E+00
 2.20000E+01 1.67775E+01
 2.30000E+01 1.06467E+02
 2.40000E+01 2.23990E+02
 2.50000E+01 3.53257E+02
 2.60000E+01 4.68281E+02
 2.70000E+01 5.55519E+02
 2.80000E+01 6.16678E+02
 2.90000E+01 6.49270E+02
 3.00000E+01 6.78113E+02
 3.10000E+01 6.91303E+02
 3.20000E+01 6.96520E+02
 3.30000E+01 6.92537E+02
 3.40000E+01 6.76211E+02
 3.50000E+01 6.40651E+02
 3.60000E+01 5.96617E+02
 3.70000E+01 5.42857E+02
 3.80000E+01 4.85402E+02
 3.90000E+01 4.37789E+02
 4.00000E+01 3.98410E+02
