# n +  89Y : Production of  84Rb - Total
# Q-value    =-1.84456E+01 mass=  83.914375
# E-threshold= 1.86549E+01
# # energies =    40
#     E          xs
 1.00000E+00 0.00000E+00
 2.00000E+00 0.00000E+00
 3.00000E+00 0.00000E+00
 4.00000E+00 0.00000E+00
 5.00000E+00 0.00000E+00
 6.00000E+00 0.00000E+00
 7.00000E+00 0.00000E+00
 8.00000E+00 0.00000E+00
 9.00000E+00 0.00000E+00
 1.00000E+01 0.00000E+00
 1.10000E+01 0.00000E+00
 1.20000E+01 0.00000E+00
 1.30000E+01 0.00000E+00
 1.40000E+01 0.00000E+00
 1.50000E+01 0.00000E+00
 1.60000E+01 0.00000E+00
 1.70000E+01 0.00000E+00
 1.80000E+01 0.00000E+00
 1.90000E+01 0.00000E+00
 2.00000E+01 0.00000E+00
 2.10000E+01 0.00000E+00
 2.20000E+01 0.00000E+00
 2.30000E+01 0.00000E+00
 2.40000E+01 0.00000E+00
 2.50000E+01 0.00000E+00
 2.60000E+01 0.00000E+00
 2.70000E+01 6.43873E-03
 2.80000E+01 5.13763E-02
 2.90000E+01 1.90922E-01
 3.00000E+01 6.68643E-01
 3.10000E+01 1.43414E+00
 3.20000E+01 2.82410E+00
 3.30000E+01 4.43625E+00
 3.40000E+01 6.02824E+00
 3.50000E+01 8.35026E+00
 3.60000E+01 1.04992E+01
 3.70000E+01 1.25806E+01
 3.80000E+01 1.47071E+01
 3.90000E+01 1.68770E+01
 4.00000E+01 1.85261E+01
