# n +  89Y : Production of  90Y  - Ground state
# Q-value    = 6.85703E+00 mass=  89.907145
# E-threshold= 0.00000E+00
# # energies =    40
#     E          xs      Branching
 1.00000E+00 4.13668E+00 9.47336E-01
 2.00000E+00 2.74300E+00 9.26143E-01
 3.00000E+00 2.54212E+00 9.11099E-01
 4.00000E+00 1.49510E+00 8.96783E-01
 5.00000E+00 4.70668E-01 8.71631E-01
 6.00000E+00 2.76182E-01 8.34471E-01
 7.00000E+00 2.23755E-01 7.93245E-01
 8.00000E+00 2.35587E-01 7.52850E-01
 9.00000E+00 3.07143E-01 7.31822E-01
 1.00000E+01 4.33392E-01 7.34451E-01
 1.10000E+01 5.70525E-01 7.47409E-01
 1.20000E+01 6.66733E-01 7.52152E-01
 1.30000E+01 7.07563E-01 7.48373E-01
 1.40000E+01 7.40825E-01 7.44684E-01
 1.50000E+01 6.92341E-01 7.27470E-01
 1.60000E+01 6.16355E-01 7.07974E-01
 1.70000E+01 5.34587E-01 6.90844E-01
 1.80000E+01 4.42359E-01 6.81791E-01
 1.90000E+01 3.74835E-01 6.73670E-01
 2.00000E+01 3.27506E-01 6.71276E-01
 2.10000E+01 2.81632E-01 6.73482E-01
 2.20000E+01 2.52015E-01 6.74662E-01
 2.30000E+01 2.27756E-01 6.75458E-01
 2.40000E+01 2.09330E-01 6.77560E-01
 2.50000E+01 1.90322E-01 6.81435E-01
 2.60000E+01 1.78147E-01 6.84726E-01
 2.70000E+01 1.66820E-01 6.86201E-01
 2.80000E+01 1.58688E-01 6.88937E-01
 2.90000E+01 1.51528E-01 6.90553E-01
 3.00000E+01 1.42498E-01 6.93715E-01
 3.10000E+01 1.36427E-01 6.95796E-01
 3.20000E+01 1.31485E-01 6.97904E-01
 3.30000E+01 1.25827E-01 6.97406E-01
 3.40000E+01 1.21742E-01 6.98548E-01
 3.50000E+01 1.16229E-01 6.97475E-01
 3.60000E+01 1.14956E-01 6.99287E-01
 3.70000E+01 1.04867E-01 6.98892E-01
 3.80000E+01 1.06651E-01 7.03078E-01
 3.90000E+01 9.98123E-02 7.00614E-01
 4.00000E+01 1.02187E-01 7.05528E-01
