# n +  89Y : Production of  89Y  - Level  1     0.90897 MeV
# Q-value    =-9.08970E-01 mass=  88.905841
# E-threshold= 9.19283E-01
# # energies =    40
#     E          xs      Branching
 1.00000E+00 5.70116E+01 9.98827E-01
 2.00000E+00 2.20565E+02 1.95188E-01
 3.00000E+00 5.44863E+02 3.57073E-01
 4.00000E+00 6.54454E+02 3.73747E-01
 5.00000E+00 8.58110E+02 4.88431E-01
 6.00000E+00 9.37131E+02 5.36213E-01
 7.00000E+00 1.00650E+03 5.70368E-01
 8.00000E+00 1.05893E+03 5.98753E-01
 9.00000E+00 1.09697E+03 6.23929E-01
 1.00000E+01 1.12171E+03 6.49253E-01
 1.10000E+01 1.12285E+03 6.81447E-01
 1.20000E+01 1.03340E+03 7.10470E-01
 1.30000E+01 7.42774E+02 7.24241E-01
 1.40000E+01 5.22151E+02 7.26908E-01
 1.50000E+01 3.80983E+02 7.24901E-01
 1.60000E+01 3.09918E+02 7.19047E-01
 1.70000E+01 2.69774E+02 7.19750E-01
 1.80000E+01 2.49820E+02 7.21819E-01
 1.90000E+01 2.35550E+02 7.23817E-01
 2.00000E+01 2.24180E+02 7.25513E-01
 2.10000E+01 2.15668E+02 7.26778E-01
 2.20000E+01 2.04756E+02 7.27248E-01
 2.30000E+01 2.00400E+02 7.31007E-01
 2.40000E+01 1.93051E+02 7.31109E-01
 2.50000E+01 1.83840E+02 7.33019E-01
 2.60000E+01 1.79247E+02 7.34549E-01
 2.70000E+01 1.71990E+02 7.35536E-01
 2.80000E+01 1.67574E+02 7.36129E-01
 2.90000E+01 1.63573E+02 7.38714E-01
 3.00000E+01 1.56648E+02 7.37140E-01
 3.10000E+01 1.52999E+02 7.38452E-01
 3.20000E+01 1.46935E+02 7.38650E-01
 3.30000E+01 1.40462E+02 7.37065E-01
 3.40000E+01 1.36036E+02 7.36971E-01
 3.50000E+01 1.32542E+02 7.37990E-01
 3.60000E+01 1.24698E+02 7.34860E-01
 3.70000E+01 1.20227E+02 7.33785E-01
 3.80000E+01 1.16712E+02 7.33660E-01
 3.90000E+01 1.13592E+02 7.33864E-01
 4.00000E+01 1.07541E+02 7.30449E-01
