# n +  89Y : Production of  87Rb - Total
# Q-value    =-9.97044E+00 mass=  86.909181
# E-threshold= 1.00836E+01
# # energies =    40
#     E          xs
 1.00000E+00 0.00000E+00
 2.00000E+00 0.00000E+00
 3.00000E+00 0.00000E+00
 4.00000E+00 0.00000E+00
 5.00000E+00 0.00000E+00
 6.00000E+00 0.00000E+00
 7.00000E+00 0.00000E+00
 8.00000E+00 0.00000E+00
 9.00000E+00 0.00000E+00
 1.00000E+01 0.00000E+00
 1.10000E+01 0.00000E+00
 1.20000E+01 0.00000E+00
 1.30000E+01 0.00000E+00
 1.40000E+01 0.00000E+00
 1.50000E+01 0.00000E+00
 1.60000E+01 0.00000E+00
 1.70000E+01 0.00000E+00
 1.80000E+01 0.00000E+00
 1.90000E+01 0.00000E+00
 2.00000E+01 0.00000E+00
 2.10000E+01 2.20298E-03
 2.20000E+01 1.00546E-02
 2.30000E+01 3.32933E-02
 2.40000E+01 8.45365E-02
 2.50000E+01 1.76116E-01
 2.60000E+01 3.18273E-01
 2.70000E+01 5.17776E-01
 2.80000E+01 7.72871E-01
 2.90000E+01 1.08013E+00
 3.00000E+01 1.43101E+00
 3.10000E+01 1.72944E+00
 3.20000E+01 2.10621E+00
 3.30000E+01 2.39420E+00
 3.40000E+01 2.66997E+00
 3.50000E+01 2.90831E+00
 3.60000E+01 3.05064E+00
 3.70000E+01 3.28905E+00
 3.80000E+01 3.39546E+00
 3.90000E+01 3.47081E+00
 4.00000E+01 3.65557E+00
