# n +  89Y  Total triton   production
# Q-value    =-9.70676E+00
# 
# # energies =    40
#    E         xs         Yield
 1.00000E+00 0.00000E+00 0.00000E+00
 2.00000E+00 0.00000E+00 0.00000E+00
 3.00000E+00 0.00000E+00 0.00000E+00
 4.00000E+00 0.00000E+00 0.00000E+00
 5.00000E+00 0.00000E+00 0.00000E+00
 6.00000E+00 0.00000E+00 0.00000E+00
 7.00000E+00 0.00000E+00 0.00000E+00
 8.00000E+00 0.00000E+00 0.00000E+00
 9.00000E+00 0.00000E+00 0.00000E+00
 1.00000E+01 0.00000E+00 0.00000E+00
 1.10000E+01 3.06058E-17 1.77091E-20
 1.20000E+01 4.73041E-09 2.76853E-12
 1.30000E+01 1.87625E-06 1.10917E-09
 1.40000E+01 5.60060E-05 3.33671E-08
 1.50000E+01 4.04694E-04 2.42485E-07
 1.60000E+01 5.31137E-03 3.19466E-06
 1.70000E+01 4.20558E-02 2.53502E-05
 1.80000E+01 1.69599E-01 1.02370E-04
 1.90000E+01 3.88617E-01 2.35062E-04
 2.00000E+01 7.75177E-01 4.70891E-04
 2.10000E+01 1.28914E+00 7.88602E-04
 2.20000E+01 1.90772E+00 1.17780E-03
 2.30000E+01 2.60643E+00 1.62597E-03
 2.40000E+01 3.36220E+00 2.11956E-03
 2.50000E+01 4.15480E+00 2.64521E-03
 2.60000E+01 4.96759E+00 3.19111E-03
 2.70000E+01 5.85213E+00 3.78975E-03
 2.80000E+01 6.58712E+00 4.29761E-03
 2.90000E+01 7.38968E+00 4.85595E-03
 3.00000E+01 8.17462E+00 5.41061E-03
 3.10000E+01 8.93623E+00 5.95888E-03
 3.20000E+01 9.72472E+00 6.53495E-03
 3.30000E+01 1.04023E+01 7.04622E-03
 3.40000E+01 1.10616E+01 7.55375E-03
 3.50000E+01 1.16828E+01 8.04293E-03
 3.60000E+01 1.22663E+01 8.51268E-03
 3.70000E+01 1.28114E+01 8.96102E-03
 3.80000E+01 1.33219E+01 9.38975E-03
 3.90000E+01 1.38006E+01 9.79996E-03
 4.00000E+01 1.42499E+01 1.01930E-02
