# n +  89Y  Elastic cross sections
# 
# 
# # energies =    40
#    E      Cross section
 1.00000E+00 6.45240E+03
 2.00000E+00 3.53132E+03
 3.00000E+00 2.48664E+03
 4.00000E+00 1.96196E+03
 5.00000E+00 1.92912E+03
 6.00000E+00 2.08334E+03
 7.00000E+00 2.24983E+03
 8.00000E+00 2.38058E+03
 9.00000E+00 2.45704E+03
 1.00000E+01 2.47921E+03
 1.10000E+01 2.45563E+03
 1.20000E+01 2.39732E+03
 1.30000E+01 2.31519E+03
 1.40000E+01 2.21841E+03
 1.50000E+01 2.11394E+03
 1.60000E+01 2.00708E+03
 1.70000E+01 1.90221E+03
 1.80000E+01 1.80276E+03
 1.90000E+01 1.71089E+03
 2.00000E+01 1.62744E+03
 2.10000E+01 1.55255E+03
 2.20000E+01 1.48626E+03
 2.30000E+01 1.42885E+03
 2.40000E+01 1.38072E+03
 2.50000E+01 1.34222E+03
 2.60000E+01 1.31346E+03
 2.70000E+01 1.29422E+03
 2.80000E+01 1.28393E+03
 2.90000E+01 1.28175E+03
 3.00000E+01 1.28665E+03
 3.10000E+01 1.29755E+03
 3.20000E+01 1.31342E+03
 3.30000E+01 1.33335E+03
 3.40000E+01 1.35658E+03
 3.50000E+01 1.38246E+03
 3.60000E+01 1.41048E+03
 3.70000E+01 1.44017E+03
 3.80000E+01 1.47112E+03
 3.90000E+01 1.50294E+03
 4.00000E+01 1.53524E+03
