# n +  89Y  Total gamma    production
# Q-value    = 6.85703E+00
# 
# # energies =    40
#    E         xs         Yield
 1.00000E+00 1.07461E+01 1.74680E-01
 2.00000E+00 8.05333E+00 7.10813E-03
 3.00000E+00 8.38676E+00 5.48597E-03
 4.00000E+00 1.28484E+02 7.32831E-02
 5.00000E+00 1.35824E+03 7.72704E-01
 6.00000E+00 1.86543E+03 1.06695E+00
 7.00000E+00 2.36854E+03 1.34156E+00
 8.00000E+00 2.82849E+03 1.59798E+00
 9.00000E+00 3.23616E+03 1.83736E+00
 1.00000E+01 3.56320E+03 2.03990E+00
 1.10000E+01 3.72867E+03 2.15747E+00
 1.20000E+01 3.51100E+03 2.05486E+00
 1.30000E+01 2.47351E+03 1.46225E+00
 1.40000E+01 1.88159E+03 1.12101E+00
 1.50000E+01 1.74656E+03 1.04651E+00
 1.60000E+01 1.93853E+03 1.16598E+00
 1.70000E+01 2.23564E+03 1.34759E+00
 1.80000E+01 2.57510E+03 1.55433E+00
 1.90000E+01 2.89167E+03 1.74908E+00
 2.00000E+01 3.17706E+03 1.92995E+00
 2.10000E+01 3.43405E+03 2.10069E+00
 2.20000E+01 3.57661E+03 2.20815E+00
 2.30000E+01 3.43526E+03 2.14302E+00
 2.40000E+01 3.19671E+03 2.01524E+00
 2.50000E+01 2.94013E+03 1.87187E+00
 2.60000E+01 2.76615E+03 1.77693E+00
 2.70000E+01 2.68627E+03 1.73959E+00
 2.80000E+01 2.70209E+03 1.76292E+00
 2.90000E+01 2.80206E+03 1.84130E+00
 3.00000E+01 2.88993E+03 1.91278E+00
 3.10000E+01 3.02304E+03 2.01583E+00
 3.20000E+01 3.13811E+03 2.10879E+00
 3.30000E+01 3.23462E+03 2.19103E+00
 3.40000E+01 3.29704E+03 2.25150E+00
 3.50000E+01 3.28985E+03 2.26488E+00
 3.60000E+01 3.20615E+03 2.22502E+00
 3.70000E+01 3.12466E+03 2.18557E+00
 3.80000E+01 3.03734E+03 2.14082E+00
 3.90000E+01 2.95181E+03 2.09612E+00
 4.00000E+01 2.92624E+03 2.09315E+00
