# n +  89Y  Total helium-3 production
# Q-value    =-9.97044E+00
# 
# # energies =    40
#    E         xs         Yield
 1.00000E+00 0.00000E+00 0.00000E+00
 2.00000E+00 0.00000E+00 0.00000E+00
 3.00000E+00 0.00000E+00 0.00000E+00
 4.00000E+00 0.00000E+00 0.00000E+00
 5.00000E+00 0.00000E+00 0.00000E+00
 6.00000E+00 0.00000E+00 0.00000E+00
 7.00000E+00 0.00000E+00 0.00000E+00
 8.00000E+00 0.00000E+00 0.00000E+00
 9.00000E+00 0.00000E+00 0.00000E+00
 1.00000E+01 0.00000E+00 0.00000E+00
 1.10000E+01 0.00000E+00 0.00000E+00
 1.20000E+01 0.00000E+00 0.00000E+00
 1.30000E+01 4.05730E-32 2.39853E-35
 1.40000E+01 2.36765E-21 1.41059E-24
 1.50000E+01 5.31215E-11 3.18295E-14
 1.60000E+01 2.33800E-09 1.40625E-12
 1.70000E+01 5.41277E-08 3.26269E-11
 1.80000E+01 1.71543E-06 1.03543E-09
 1.90000E+01 3.22250E-05 1.94919E-08
 2.00000E+01 3.35125E-04 2.03576E-07
 2.10000E+01 2.20303E-03 1.34765E-06
 2.20000E+01 1.00283E-02 6.19137E-06
 2.30000E+01 3.32110E-02 2.07181E-05
 2.40000E+01 8.43212E-02 5.31569E-05
 2.50000E+01 1.75725E-01 1.11878E-04
 2.60000E+01 3.17162E-01 2.03740E-04
 2.70000E+01 5.13335E-01 3.32428E-04
 2.80000E+01 7.63917E-01 4.98399E-04
 2.90000E+01 1.06456E+00 6.99551E-04
 3.00000E+01 1.41305E+00 9.35267E-04
 3.10000E+01 1.73478E+00 1.15679E-03
 3.20000E+01 2.16862E+00 1.45730E-03
 3.30000E+01 2.61199E+00 1.76928E-03
 3.40000E+01 3.10166E+00 2.11807E-03
 3.50000E+01 3.63213E+00 2.50052E-03
 3.60000E+01 4.18869E+00 2.90690E-03
 3.70000E+01 4.76867E+00 3.33548E-03
 3.80000E+01 5.36960E+00 3.78469E-03
 3.90000E+01 5.98930E+00 4.25307E-03
 4.00000E+01 6.62572E+00 4.73940E-03
