# n +  89Y  Nonelastic cross sections
# 
# 
# # energies =    40
#    E      Cross section
 1.00000E+00 6.15190E+01
 2.00000E+00 1.13297E+03
 3.00000E+00 1.52877E+03
 4.00000E+00 1.75325E+03
 5.00000E+00 1.75778E+03
 6.00000E+00 1.74837E+03
 7.00000E+00 1.76551E+03
 8.00000E+00 1.77005E+03
 9.00000E+00 1.76131E+03
 1.00000E+01 1.74675E+03
 1.10000E+01 1.72826E+03
 1.20000E+01 1.70863E+03
 1.30000E+01 1.69158E+03
 1.40000E+01 1.67848E+03
 1.50000E+01 1.66894E+03
 1.60000E+01 1.66258E+03
 1.70000E+01 1.65899E+03
 1.80000E+01 1.65673E+03
 1.90000E+01 1.65325E+03
 2.00000E+01 1.64619E+03
 2.10000E+01 1.63472E+03
 2.20000E+01 1.61973E+03
 2.30000E+01 1.60300E+03
 2.40000E+01 1.58627E+03
 2.50000E+01 1.57069E+03
 2.60000E+01 1.55670E+03
 2.70000E+01 1.54420E+03
 2.80000E+01 1.53274E+03
 2.90000E+01 1.52178E+03
 3.00000E+01 1.51085E+03
 3.10000E+01 1.49965E+03
 3.20000E+01 1.48811E+03
 3.30000E+01 1.47630E+03
 3.40000E+01 1.46438E+03
 3.50000E+01 1.45255E+03
 3.60000E+01 1.44095E+03
 3.70000E+01 1.42968E+03
 3.80000E+01 1.41877E+03
 3.90000E+01 1.40823E+03
 4.00000E+01 1.39801E+03
