# n +  89Y : Production of  87Y  - Ground state
# Q-value    =-2.08326E+01 mass=  86.910876
# E-threshold= 2.10690E+01
# # energies =    40
#     E          xs      Branching
 1.00000E+00 0.00000E+00 0.00000E+00
 2.00000E+00 0.00000E+00 0.00000E+00
 3.00000E+00 0.00000E+00 0.00000E+00
 4.00000E+00 0.00000E+00 0.00000E+00
 5.00000E+00 0.00000E+00 0.00000E+00
 6.00000E+00 0.00000E+00 0.00000E+00
 7.00000E+00 0.00000E+00 0.00000E+00
 8.00000E+00 0.00000E+00 0.00000E+00
 9.00000E+00 0.00000E+00 0.00000E+00
 1.00000E+01 0.00000E+00 0.00000E+00
 1.10000E+01 0.00000E+00 0.00000E+00
 1.20000E+01 0.00000E+00 0.00000E+00
 1.30000E+01 0.00000E+00 0.00000E+00
 1.40000E+01 0.00000E+00 0.00000E+00
 1.50000E+01 0.00000E+00 0.00000E+00
 1.60000E+01 0.00000E+00 0.00000E+00
 1.70000E+01 0.00000E+00 0.00000E+00
 1.80000E+01 0.00000E+00 0.00000E+00
 1.90000E+01 0.00000E+00 0.00000E+00
 2.00000E+01 0.00000E+00 0.00000E+00
 2.10000E+01 0.00000E+00 0.00000E+00
 2.20000E+01 7.33913E+00 4.37439E-01
 2.30000E+01 2.79598E+01 2.62615E-01
 2.40000E+01 6.24207E+01 2.78676E-01
 2.50000E+01 9.51799E+01 2.69435E-01
 2.60000E+01 1.21793E+02 2.60085E-01
 2.70000E+01 1.39588E+02 2.51275E-01
 2.80000E+01 1.51418E+02 2.45538E-01
 2.90000E+01 1.57647E+02 2.42806E-01
 3.00000E+01 1.57394E+02 2.32106E-01
 3.10000E+01 1.57220E+02 2.27426E-01
 3.20000E+01 1.52368E+02 2.18757E-01
 3.30000E+01 1.46368E+02 2.11350E-01
 3.40000E+01 1.35898E+02 2.00970E-01
 3.50000E+01 1.25983E+02 1.96649E-01
 3.60000E+01 1.12541E+02 1.88632E-01
 3.70000E+01 1.01083E+02 1.86206E-01
 3.80000E+01 9.00023E+01 1.85418E-01
 3.90000E+01 7.94007E+01 1.81367E-01
 4.00000E+01 7.21141E+01 1.81005E-01
