# n +  89Y : Production of  90Y  - Level  2     0.68167 MeV
# Q-value    = 6.17536E+00 mass=  89.907145
# E-threshold= 0.00000E+00
# # energies =    40
#     E          xs      Branching
 1.00000E+00 2.29965E-01 5.26641E-02
 2.00000E+00 2.18747E-01 7.38574E-02
 3.00000E+00 2.48048E-01 8.89006E-02
 4.00000E+00 1.72082E-01 1.03217E-01
 5.00000E+00 6.93176E-02 1.28369E-01
 6.00000E+00 5.47846E-02 1.65529E-01
 7.00000E+00 5.83204E-02 2.06755E-01
 8.00000E+00 7.73397E-02 2.47150E-01
 9.00000E+00 1.12553E-01 2.68178E-01
 1.00000E+01 1.56698E-01 2.65549E-01
 1.10000E+01 1.92812E-01 2.52591E-01
 1.20000E+01 2.19701E-01 2.47848E-01
 1.30000E+01 2.37906E-01 2.51627E-01
 1.40000E+01 2.53993E-01 2.55316E-01
 1.50000E+01 2.59370E-01 2.72530E-01
 1.60000E+01 2.54234E-01 2.92026E-01
 1.70000E+01 2.39230E-01 3.09156E-01
 1.80000E+01 2.06460E-01 3.18209E-01
 1.90000E+01 1.81572E-01 3.26330E-01
 2.00000E+01 1.60380E-01 3.28724E-01
 2.10000E+01 1.36541E-01 3.26518E-01
 2.20000E+01 1.21528E-01 3.25338E-01
 2.30000E+01 1.09432E-01 3.24542E-01
 2.40000E+01 9.96170E-02 3.22440E-01
 2.50000E+01 8.89738E-02 3.18565E-01
 2.60000E+01 8.20259E-02 3.15274E-01
 2.70000E+01 7.62866E-02 3.13799E-01
 2.80000E+01 7.16495E-02 3.11063E-01
 2.90000E+01 6.79019E-02 3.09446E-01
 3.00000E+01 6.29151E-02 3.06285E-01
 3.10000E+01 5.96465E-02 3.04204E-01
 3.20000E+01 5.69150E-02 3.02096E-01
 3.30000E+01 5.45946E-02 3.02594E-01
 3.40000E+01 5.25367E-02 3.01452E-01
 3.50000E+01 5.04137E-02 3.02525E-01
 3.60000E+01 4.94344E-02 3.00713E-01
 3.70000E+01 4.51805E-02 3.01108E-01
 3.80000E+01 4.50407E-02 2.96922E-01
 3.90000E+01 4.26518E-02 2.99386E-01
 4.00000E+01 4.26508E-02 2.94472E-01
