# n +  89Y : Production of  84Rb - Ground state
# Q-value    =-1.84456E+01 mass=  83.914375
# E-threshold= 1.86549E+01
# # energies =    40
#     E          xs      Branching
 1.00000E+00 0.00000E+00 0.00000E+00
 2.00000E+00 0.00000E+00 0.00000E+00
 3.00000E+00 0.00000E+00 0.00000E+00
 4.00000E+00 0.00000E+00 0.00000E+00
 5.00000E+00 0.00000E+00 0.00000E+00
 6.00000E+00 0.00000E+00 0.00000E+00
 7.00000E+00 0.00000E+00 0.00000E+00
 8.00000E+00 0.00000E+00 0.00000E+00
 9.00000E+00 0.00000E+00 0.00000E+00
 1.00000E+01 0.00000E+00 0.00000E+00
 1.10000E+01 0.00000E+00 0.00000E+00
 1.20000E+01 0.00000E+00 0.00000E+00
 1.30000E+01 0.00000E+00 0.00000E+00
 1.40000E+01 0.00000E+00 0.00000E+00
 1.50000E+01 0.00000E+00 0.00000E+00
 1.60000E+01 0.00000E+00 0.00000E+00
 1.70000E+01 0.00000E+00 0.00000E+00
 1.80000E+01 0.00000E+00 0.00000E+00
 1.90000E+01 0.00000E+00 0.00000E+00
 2.00000E+01 0.00000E+00 0.00000E+00
 2.10000E+01 0.00000E+00 0.00000E+00
 2.20000E+01 0.00000E+00 0.00000E+00
 2.30000E+01 0.00000E+00 0.00000E+00
 2.40000E+01 0.00000E+00 0.00000E+00
 2.50000E+01 0.00000E+00 0.00000E+00
 2.60000E+01 0.00000E+00 0.00000E+00
 2.70000E+01 5.83641E-03 9.06454E-01
 2.80000E+01 3.81626E-02 7.42806E-01
 2.90000E+01 1.56520E-01 8.19813E-01
 3.00000E+01 4.82743E-01 7.21974E-01
 3.10000E+01 1.08799E+00 7.58637E-01
 3.20000E+01 2.02230E+00 7.16087E-01
 3.30000E+01 3.25280E+00 7.33232E-01
 3.40000E+01 4.48719E+00 7.44361E-01
 3.50000E+01 6.03039E+00 7.22179E-01
 3.60000E+01 7.63832E+00 7.27512E-01
 3.70000E+01 9.23536E+00 7.34093E-01
 3.80000E+01 1.06608E+01 7.24877E-01
 3.90000E+01 1.22387E+01 7.25170E-01
 4.00000E+01 1.34731E+01 7.27249E-01
