# n +  89Y : Production of  88Y  - Total
# Q-value    =-1.14807E+01 mass=  87.909501
# E-threshold= 1.16109E+01
# # energies =    40
#     E          xs
 1.00000E+00 0.00000E+00
 2.00000E+00 0.00000E+00
 3.00000E+00 0.00000E+00
 4.00000E+00 0.00000E+00
 5.00000E+00 0.00000E+00
 6.00000E+00 0.00000E+00
 7.00000E+00 0.00000E+00
 8.00000E+00 0.00000E+00
 9.00000E+00 0.00000E+00
 1.00000E+01 0.00000E+00
 1.10000E+01 0.00000E+00
 1.20000E+01 1.02405E+02
 1.30000E+01 5.39572E+02
 1.40000E+01 8.63771E+02
 1.50000E+01 1.06705E+03
 1.60000E+01 1.15849E+03
 1.70000E+01 1.20917E+03
 1.80000E+01 1.22876E+03
 1.90000E+01 1.23490E+03
 2.00000E+01 1.23273E+03
 2.10000E+01 1.22149E+03
 2.20000E+01 1.19195E+03
 2.30000E+01 1.07848E+03
 2.40000E+01 9.40022E+02
 2.50000E+01 7.97012E+02
 2.60000E+01 6.63983E+02
 2.70000E+01 5.64815E+02
 2.80000E+01 4.87956E+02
 2.90000E+01 4.40234E+02
 3.00000E+01 3.99853E+02
 3.10000E+01 3.69680E+02
 3.20000E+01 3.48847E+02
 3.30000E+01 3.33165E+02
 3.40000E+01 3.17476E+02
 3.50000E+01 3.05423E+02
 3.60000E+01 2.96475E+02
 3.70000E+01 2.87785E+02
 3.80000E+01 2.79756E+02
 3.90000E+01 2.67960E+02
 4.00000E+01 2.62748E+02
