# n +  89Y : Production of  89Y  - Ground state
# Q-value    = 0.00000E+00 mass=  88.905841
# E-threshold=-0.00000E+00
# # energies =    40
#     E          xs      Branching
 1.00000E+00 6.69437E-02 1.17284E-03
 2.00000E+00 9.09446E+02 8.04812E-01
 3.00000E+00 9.81053E+02 6.42927E-01
 4.00000E+00 1.09661E+03 6.26253E-01
 5.00000E+00 8.98762E+02 5.11569E-01
 6.00000E+00 8.10552E+02 4.63787E-01
 7.00000E+00 7.58148E+02 4.29632E-01
 8.00000E+00 7.09626E+02 4.01247E-01
 9.00000E+00 6.61196E+02 3.76071E-01
 1.00000E+01 6.05983E+02 3.50747E-01
 1.10000E+01 5.24892E+02 3.18553E-01
 1.20000E+01 4.21131E+02 2.89530E-01
 1.30000E+01 2.82815E+02 2.75759E-01
 1.40000E+01 1.96167E+02 2.73092E-01
 1.50000E+01 1.44582E+02 2.75099E-01
 1.60000E+01 1.21094E+02 2.80953E-01
 1.70000E+01 1.05042E+02 2.80250E-01
 1.80000E+01 9.62780E+01 2.78181E-01
 1.90000E+01 8.98778E+01 2.76183E-01
 2.00000E+01 8.48152E+01 2.74487E-01
 2.10000E+01 8.10771E+01 2.73222E-01
 2.20000E+01 7.67934E+01 2.72752E-01
 2.30000E+01 7.37423E+01 2.68993E-01
 2.40000E+01 7.10013E+01 2.68891E-01
 2.50000E+01 6.69583E+01 2.66981E-01
 2.60000E+01 6.47762E+01 2.65451E-01
 2.70000E+01 6.18395E+01 2.64464E-01
 2.80000E+01 6.00684E+01 2.63871E-01
 2.90000E+01 5.78565E+01 2.61286E-01
 3.00000E+01 5.58599E+01 2.62860E-01
 3.10000E+01 5.41898E+01 2.61548E-01
 3.20000E+01 5.19887E+01 2.61350E-01
 3.30000E+01 5.01073E+01 2.62935E-01
 3.40000E+01 4.85522E+01 2.63029E-01
 3.50000E+01 4.70567E+01 2.62010E-01
 3.60000E+01 4.49916E+01 2.65141E-01
 3.70000E+01 4.36179E+01 2.66215E-01
 3.80000E+01 4.23696E+01 2.66340E-01
 3.90000E+01 4.11942E+01 2.66136E-01
 4.00000E+01 3.96848E+01 2.69551E-01
