# n +  89Y : Production of  83Rb - Total
# Q-value    =-2.72053E+01 mass=  82.915114
# E-threshold= 2.75139E+01
# # energies =    40
#     E          xs
 1.00000E+00 0.00000E+00
 2.00000E+00 0.00000E+00
 3.00000E+00 0.00000E+00
 4.00000E+00 0.00000E+00
 5.00000E+00 0.00000E+00
 6.00000E+00 0.00000E+00
 7.00000E+00 0.00000E+00
 8.00000E+00 0.00000E+00
 9.00000E+00 0.00000E+00
 1.00000E+01 0.00000E+00
 1.10000E+01 0.00000E+00
 1.20000E+01 0.00000E+00
 1.30000E+01 0.00000E+00
 1.40000E+01 0.00000E+00
 1.50000E+01 0.00000E+00
 1.60000E+01 0.00000E+00
 1.70000E+01 0.00000E+00
 1.80000E+01 0.00000E+00
 1.90000E+01 0.00000E+00
 2.00000E+01 0.00000E+00
 2.10000E+01 0.00000E+00
 2.20000E+01 0.00000E+00
 2.30000E+01 0.00000E+00
 2.40000E+01 0.00000E+00
 2.50000E+01 0.00000E+00
 2.60000E+01 0.00000E+00
 2.70000E+01 0.00000E+00
 2.80000E+01 0.00000E+00
 2.90000E+01 0.00000E+00
 3.00000E+01 0.00000E+00
 3.10000E+01 0.00000E+00
 3.20000E+01 0.00000E+00
 3.30000E+01 0.00000E+00
 3.40000E+01 0.00000E+00
 3.50000E+01 0.00000E+00
 3.60000E+01 1.32791E-02
 3.70000E+01 4.10045E-02
 3.80000E+01 2.02952E-01
 3.90000E+01 4.72451E-01
 4.00000E+01 9.60450E-01
