# n +  89Y : Production of  88Sr - Total
# Q-value    =-4.85113E+00 mass=  87.905612
# E-threshold= 4.90617E+00
# # energies =    40
#     E          xs
 1.00000E+00 0.00000E+00
 2.00000E+00 0.00000E+00
 3.00000E+00 0.00000E+00
 4.00000E+00 0.00000E+00
 5.00000E+00 0.00000E+00
 6.00000E+00 0.00000E+00
 7.00000E+00 0.00000E+00
 8.00000E+00 0.00000E+00
 9.00000E+00 1.69840E-01
 1.00000E+01 1.39792E+01
 1.10000E+01 7.26133E+01
 1.20000E+01 1.40284E+02
 1.30000E+01 1.11442E+02
 1.40000E+01 7.75480E+01
 1.50000E+01 5.38122E+01
 1.60000E+01 4.70727E+01
 1.70000E+01 4.53801E+01
 1.80000E+01 4.84847E+01
 1.90000E+01 5.56737E+01
 2.00000E+01 6.36534E+01
 2.10000E+01 7.19167E+01
 2.20000E+01 8.00983E+01
 2.30000E+01 8.88402E+01
 2.40000E+01 9.63824E+01
 2.50000E+01 1.01477E+02
 2.60000E+01 1.07159E+02
 2.70000E+01 1.09629E+02
 2.80000E+01 1.12551E+02
 2.90000E+01 1.14597E+02
 3.00000E+01 1.14876E+02
 3.10000E+01 1.16748E+02
 3.20000E+01 1.18020E+02
 3.30000E+01 1.16394E+02
 3.40000E+01 1.16804E+02
 3.50000E+01 1.15495E+02
 3.60000E+01 1.14953E+02
 3.70000E+01 1.14580E+02
 3.80000E+01 1.13910E+02
 3.90000E+01 1.11607E+02
 4.00000E+01 1.10980E+02
