# n +  89Y : Production of  85Rb - Total
# Q-value    =-7.96593E+00 mass=  84.911790
# E-threshold= 8.05631E+00
# # energies =    40
#     E          xs
 1.00000E+00 0.00000E+00
 2.00000E+00 0.00000E+00
 3.00000E+00 0.00000E+00
 4.00000E+00 0.00000E+00
 5.00000E+00 0.00000E+00
 6.00000E+00 0.00000E+00
 7.00000E+00 0.00000E+00
 8.00000E+00 0.00000E+00
 9.00000E+00 0.00000E+00
 1.00000E+01 0.00000E+00
 1.10000E+01 0.00000E+00
 1.20000E+01 0.00000E+00
 1.30000E+01 0.00000E+00
 1.40000E+01 0.00000E+00
 1.50000E+01 0.00000E+00
 1.60000E+01 6.70884E-03
 1.70000E+01 6.42804E-02
 1.80000E+01 2.33584E-01
 1.90000E+01 9.84033E-01
 2.00000E+01 2.06812E+00
 2.10000E+01 4.31966E+00
 2.20000E+01 6.10942E+00
 2.30000E+01 8.54001E+00
 2.40000E+01 1.09494E+01
 2.50000E+01 1.30510E+01
 2.60000E+01 1.56019E+01
 2.70000E+01 1.78081E+01
 2.80000E+01 1.97127E+01
 2.90000E+01 2.16134E+01
 3.00000E+01 2.31364E+01
 3.10000E+01 2.40461E+01
 3.20000E+01 2.41790E+01
 3.30000E+01 2.41796E+01
 3.40000E+01 2.40451E+01
 3.50000E+01 2.31458E+01
 3.60000E+01 2.22031E+01
 3.70000E+01 2.12613E+01
 3.80000E+01 2.02013E+01
 3.90000E+01 1.88625E+01
 4.00000E+01 1.78624E+01
