# n +  89Y : Production of  87Sr - Ground state
# Q-value    =-9.70676E+00 mass=  86.908877
# E-threshold= 9.81688E+00
# # energies =    40
#     E          xs      Branching
 1.00000E+00 0.00000E+00 0.00000E+00
 2.00000E+00 0.00000E+00 0.00000E+00
 3.00000E+00 0.00000E+00 0.00000E+00
 4.00000E+00 0.00000E+00 0.00000E+00
 5.00000E+00 0.00000E+00 0.00000E+00
 6.00000E+00 0.00000E+00 0.00000E+00
 7.00000E+00 0.00000E+00 0.00000E+00
 8.00000E+00 0.00000E+00 0.00000E+00
 9.00000E+00 0.00000E+00 0.00000E+00
 1.00000E+01 0.00000E+00 0.00000E+00
 1.10000E+01 0.00000E+00 0.00000E+00
 1.20000E+01 0.00000E+00 0.00000E+00
 1.30000E+01 0.00000E+00 0.00000E+00
 1.40000E+01 0.00000E+00 0.00000E+00
 1.50000E+01 0.00000E+00 0.00000E+00
 1.60000E+01 2.79448E-03 5.27119E-01
 1.70000E+01 2.46846E-02 5.82346E-01
 1.80000E+01 1.06824E-01 6.23974E-01
 1.90000E+01 2.65329E-01 6.74924E-01
 2.00000E+01 5.47130E-01 6.93863E-01
 2.10000E+01 1.30435E+00 7.69250E-01
 2.20000E+01 5.11802E+00 8.90055E-01
 2.30000E+01 8.74371E+00 8.92006E-01
 2.40000E+01 1.36748E+01 8.92278E-01
 2.50000E+01 1.79896E+01 8.78096E-01
 2.60000E+01 2.12499E+01 8.59542E-01
 2.70000E+01 2.59115E+01 8.48040E-01
 2.80000E+01 3.08867E+01 8.35126E-01
 2.90000E+01 3.67686E+01 8.36737E-01
 3.00000E+01 4.26976E+01 8.30455E-01
 3.10000E+01 4.86403E+01 8.33362E-01
 3.20000E+01 5.34227E+01 8.26142E-01
 3.30000E+01 6.13064E+01 8.35984E-01
 3.40000E+01 6.60797E+01 8.32134E-01
 3.50000E+01 7.27981E+01 8.39061E-01
 3.60000E+01 7.67529E+01 8.41576E-01
 3.70000E+01 7.99291E+01 8.38041E-01
 3.80000E+01 8.23846E+01 8.39754E-01
 3.90000E+01 8.58503E+01 8.43718E-01
 4.00000E+01 8.75218E+01 8.42663E-01
