# n +  89Y : Production of  84Rb - Level  2     0.46359 MeV
# Q-value    =-1.89092E+01 mass=  83.914375
# E-threshold= 1.91237E+01
# # energies =    40
#     E          xs      Branching
 1.00000E+00 0.00000E+00 0.00000E+00
 2.00000E+00 0.00000E+00 0.00000E+00
 3.00000E+00 0.00000E+00 0.00000E+00
 4.00000E+00 0.00000E+00 0.00000E+00
 5.00000E+00 0.00000E+00 0.00000E+00
 6.00000E+00 0.00000E+00 0.00000E+00
 7.00000E+00 0.00000E+00 0.00000E+00
 8.00000E+00 0.00000E+00 0.00000E+00
 9.00000E+00 0.00000E+00 0.00000E+00
 1.00000E+01 0.00000E+00 0.00000E+00
 1.10000E+01 0.00000E+00 0.00000E+00
 1.20000E+01 0.00000E+00 0.00000E+00
 1.30000E+01 0.00000E+00 0.00000E+00
 1.40000E+01 0.00000E+00 0.00000E+00
 1.50000E+01 0.00000E+00 0.00000E+00
 1.60000E+01 0.00000E+00 0.00000E+00
 1.70000E+01 0.00000E+00 0.00000E+00
 1.80000E+01 0.00000E+00 0.00000E+00
 1.90000E+01 0.00000E+00 0.00000E+00
 2.00000E+01 0.00000E+00 0.00000E+00
 2.10000E+01 0.00000E+00 0.00000E+00
 2.20000E+01 0.00000E+00 0.00000E+00
 2.30000E+01 0.00000E+00 0.00000E+00
 2.40000E+01 0.00000E+00 0.00000E+00
 2.50000E+01 0.00000E+00 0.00000E+00
 2.60000E+01 0.00000E+00 0.00000E+00
 2.70000E+01 6.02317E-04 9.35460E-02
 2.80000E+01 1.32137E-02 2.57194E-01
 2.90000E+01 3.44017E-02 1.80187E-01
 3.00000E+01 1.85900E-01 2.78026E-01
 3.10000E+01 3.46149E-01 2.41363E-01
 3.20000E+01 8.01798E-01 2.83913E-01
 3.30000E+01 1.18345E+00 2.66768E-01
 3.40000E+01 1.54105E+00 2.55639E-01
 3.50000E+01 2.31988E+00 2.77821E-01
 3.60000E+01 2.86092E+00 2.72488E-01
 3.70000E+01 3.34528E+00 2.65907E-01
 3.80000E+01 4.04626E+00 2.75123E-01
 3.90000E+01 4.63832E+00 2.74830E-01
 4.00000E+01 5.05303E+00 2.72751E-01
