# n +  89Y : Production of  86Rb - Level  2     0.55605 MeV
# Q-value    = 1.29002E-01 mass=  85.911167
# E-threshold= 0.00000E+00
# # energies =    40
#     E          xs      Branching
 1.00000E+00 0.00000E+00 0.00000E+00
 2.00000E+00 0.00000E+00 0.00000E+00
 3.00000E+00 0.00000E+00 0.00000E+00
 4.00000E+00 5.52998E-12 0.00000E+00
 5.00000E+00 2.08555E-08 0.00000E+00
 6.00000E+00 4.09823E-06 0.00000E+00
 7.00000E+00 1.13894E-04 8.09342E-02
 8.00000E+00 1.36273E-03 1.27966E-01
 9.00000E+00 8.12341E-03 1.60629E-01
 1.00000E+01 3.18285E-02 1.86202E-01
 1.10000E+01 9.15081E-02 2.06125E-01
 1.20000E+01 2.11682E-01 2.25066E-01
 1.30000E+01 4.21034E-01 2.47057E-01
 1.40000E+01 7.57029E-01 2.73070E-01
 1.50000E+01 1.26480E+00 3.01498E-01
 1.60000E+01 1.96329E+00 3.31534E-01
 1.70000E+01 2.90970E+00 3.60633E-01
 1.80000E+01 4.16422E+00 3.90459E-01
 1.90000E+01 5.51516E+00 4.22163E-01
 2.00000E+01 6.63353E+00 4.46777E-01
 2.10000E+01 7.23367E+00 4.75499E-01
 2.20000E+01 7.19359E+00 4.93341E-01
 2.30000E+01 6.95559E+00 5.10541E-01
 2.40000E+01 6.75546E+00 5.32632E-01
 2.50000E+01 6.54724E+00 5.44088E-01
 2.60000E+01 6.09509E+00 5.60521E-01
 2.70000E+01 5.78135E+00 5.77929E-01
 2.80000E+01 5.44452E+00 5.84238E-01
 2.90000E+01 4.99730E+00 5.89924E-01
 3.00000E+01 4.63371E+00 6.09545E-01
 3.10000E+01 4.32107E+00 6.14156E-01
 3.20000E+01 4.06394E+00 6.15697E-01
 3.30000E+01 3.78196E+00 6.15863E-01
 3.40000E+01 3.60343E+00 6.13479E-01
 3.50000E+01 3.51144E+00 6.17518E-01
 3.60000E+01 3.52465E+00 6.06141E-01
 3.70000E+01 3.55462E+00 5.97701E-01
 3.80000E+01 3.68760E+00 5.96819E-01
 3.90000E+01 3.83608E+00 5.83384E-01
 4.00000E+01 3.98067E+00 5.83439E-01
