# n +  89Y : Production of  87Sr - Level  1     0.38853 MeV
# Q-value    =-1.00953E+01 mass=  86.908877
# E-threshold= 1.02098E+01
# # energies =    40
#     E          xs      Branching
 1.00000E+00 0.00000E+00 0.00000E+00
 2.00000E+00 0.00000E+00 0.00000E+00
 3.00000E+00 0.00000E+00 0.00000E+00
 4.00000E+00 0.00000E+00 0.00000E+00
 5.00000E+00 0.00000E+00 0.00000E+00
 6.00000E+00 0.00000E+00 0.00000E+00
 7.00000E+00 0.00000E+00 0.00000E+00
 8.00000E+00 0.00000E+00 0.00000E+00
 9.00000E+00 0.00000E+00 0.00000E+00
 1.00000E+01 0.00000E+00 0.00000E+00
 1.10000E+01 0.00000E+00 0.00000E+00
 1.20000E+01 0.00000E+00 0.00000E+00
 1.30000E+01 0.00000E+00 0.00000E+00
 1.40000E+01 0.00000E+00 0.00000E+00
 1.50000E+01 0.00000E+00 0.00000E+00
 1.60000E+01 2.50694E-03 4.72881E-01
 1.70000E+01 1.77036E-02 4.17654E-01
 1.80000E+01 6.43753E-02 3.76026E-01
 1.90000E+01 1.27796E-01 3.25076E-01
 2.00000E+01 2.41397E-01 3.06137E-01
 2.10000E+01 3.91263E-01 2.30750E-01
 2.20000E+01 6.32205E-01 1.09945E-01
 2.30000E+01 1.05859E+00 1.07994E-01
 2.40000E+01 1.65092E+00 1.07722E-01
 2.50000E+01 2.49746E+00 1.21904E-01
 2.60000E+01 3.47244E+00 1.40458E-01
 2.70000E+01 4.64308E+00 1.51960E-01
 2.80000E+01 6.09776E+00 1.64874E-01
 2.90000E+01 7.17423E+00 1.63263E-01
 3.00000E+01 8.71713E+00 1.69545E-01
 3.10000E+01 9.72605E+00 1.66638E-01
 3.20000E+01 1.12426E+01 1.73858E-01
 3.30000E+01 1.20280E+01 1.64016E-01
 3.40000E+01 1.33302E+01 1.67866E-01
 3.50000E+01 1.39633E+01 1.60939E-01
 3.60000E+01 1.44485E+01 1.58424E-01
 3.70000E+01 1.54470E+01 1.61959E-01
 3.80000E+01 1.57210E+01 1.60246E-01
 3.90000E+01 1.59021E+01 1.56282E-01
 4.00000E+01 1.63416E+01 1.57337E-01
