# n +  89Y : Production of  85Kr - Ground state
# Q-value    =-7.87058E+00 mass=  84.912527
# E-threshold= 7.95987E+00
# # energies =    40
#     E          xs      Branching
 1.00000E+00 0.00000E+00 0.00000E+00
 2.00000E+00 0.00000E+00 0.00000E+00
 3.00000E+00 0.00000E+00 0.00000E+00
 4.00000E+00 0.00000E+00 0.00000E+00
 5.00000E+00 0.00000E+00 0.00000E+00
 6.00000E+00 0.00000E+00 0.00000E+00
 7.00000E+00 0.00000E+00 0.00000E+00
 8.00000E+00 0.00000E+00 0.00000E+00
 9.00000E+00 0.00000E+00 0.00000E+00
 1.00000E+01 0.00000E+00 0.00000E+00
 1.10000E+01 0.00000E+00 0.00000E+00
 1.20000E+01 0.00000E+00 0.00000E+00
 1.30000E+01 0.00000E+00 0.00000E+00
 1.40000E+01 0.00000E+00 0.00000E+00
 1.50000E+01 0.00000E+00 0.00000E+00
 1.60000E+01 0.00000E+00 0.00000E+00
 1.70000E+01 0.00000E+00 0.00000E+00
 1.80000E+01 0.00000E+00 0.00000E+00
 1.90000E+01 0.00000E+00 0.00000E+00
 2.00000E+01 0.00000E+00 0.00000E+00
 2.10000E+01 0.00000E+00 0.00000E+00
 2.20000E+01 0.00000E+00 0.00000E+00
 2.30000E+01 0.00000E+00 0.00000E+00
 2.40000E+01 9.39929E-04 8.09184E-01
 2.50000E+01 1.71368E-03 7.89448E-01
 2.60000E+01 2.87810E-03 7.79792E-01
 2.70000E+01 4.59775E-03 7.77372E-01
 2.80000E+01 7.03339E-03 7.79787E-01
 2.90000E+01 1.06210E-02 7.85955E-01
 3.00000E+01 1.57209E-02 7.95725E-01
 3.10000E+01 2.22522E-02 8.06368E-01
 3.20000E+01 3.01307E-02 8.16341E-01
 3.30000E+01 3.91736E-02 8.28601E-01
 3.40000E+01 4.89780E-02 8.37866E-01
 3.50000E+01 5.71884E-02 8.43260E-01
 3.60000E+01 6.47143E-02 8.50967E-01
 3.70000E+01 7.17625E-02 8.55946E-01
 3.80000E+01 7.56913E-02 8.57587E-01
 3.90000E+01 7.77698E-02 8.58942E-01
 4.00000E+01 7.99964E-02 8.60382E-01
