# n +  89Y : Production of  89Sr - Total
# Q-value    =-7.16982E-01 mass=  88.907451
# E-threshold= 7.25116E-01
# # energies =    40
#     E          xs
 1.00000E+00 0.00000E+00
 2.00000E+00 0.00000E+00
 3.00000E+00 5.91281E-02
 4.00000E+00 5.33016E-01
 5.00000E+00 7.03768E-01
 6.00000E+00 1.06758E+00
 7.00000E+00 1.72482E+00
 8.00000E+00 2.80520E+00
 9.00000E+00 4.39781E+00
 1.00000E+01 6.46824E+00
 1.10000E+01 9.10397E+00
 1.20000E+01 1.20723E+01
 1.30000E+01 1.51140E+01
 1.40000E+01 1.79834E+01
 1.50000E+01 2.04991E+01
 1.60000E+01 2.25678E+01
 1.70000E+01 2.41811E+01
 1.80000E+01 2.54131E+01
 1.90000E+01 2.61385E+01
 2.00000E+01 2.66187E+01
 2.10000E+01 2.69087E+01
 2.20000E+01 2.65839E+01
 2.30000E+01 2.69115E+01
 2.40000E+01 2.66921E+01
 2.50000E+01 2.62345E+01
 2.60000E+01 2.53284E+01
 2.70000E+01 2.48825E+01
 2.80000E+01 2.39355E+01
 2.90000E+01 2.33073E+01
 3.00000E+01 2.28189E+01
 3.10000E+01 2.17253E+01
 3.20000E+01 2.09363E+01
 3.30000E+01 2.03135E+01
 3.40000E+01 1.96096E+01
 3.50000E+01 1.84723E+01
 3.60000E+01 1.76499E+01
 3.70000E+01 1.69544E+01
 3.80000E+01 1.62932E+01
 3.90000E+01 1.53051E+01
 4.00000E+01 1.43975E+01
