# n +  89Y : Production of  89Y  - Total
# Q-value    =-9.08970E-01 mass=  88.905841
# E-threshold= 9.19283E-01
# # energies =    40
#     E          xs
 1.00000E+00 5.70785E+01
 2.00000E+00 1.13001E+03
 3.00000E+00 1.52592E+03
 4.00000E+00 1.75106E+03
 5.00000E+00 1.75687E+03
 6.00000E+00 1.74768E+03
 7.00000E+00 1.76465E+03
 8.00000E+00 1.76855E+03
 9.00000E+00 1.75817E+03
 1.00000E+01 1.72769E+03
 1.10000E+01 1.64774E+03
 1.20000E+01 1.45453E+03
 1.30000E+01 1.02559E+03
 1.40000E+01 7.18318E+02
 1.50000E+01 5.25565E+02
 1.60000E+01 4.31013E+02
 1.70000E+01 3.74816E+02
 1.80000E+01 3.46098E+02
 1.90000E+01 3.25428E+02
 2.00000E+01 3.08995E+02
 2.10000E+01 2.96745E+02
 2.20000E+01 2.81550E+02
 2.30000E+01 2.74142E+02
 2.40000E+01 2.64053E+02
 2.50000E+01 2.50798E+02
 2.60000E+01 2.44024E+02
 2.70000E+01 2.33830E+02
 2.80000E+01 2.27643E+02
 2.90000E+01 2.21430E+02
 3.00000E+01 2.12508E+02
 3.10000E+01 2.07189E+02
 3.20000E+01 1.98924E+02
 3.30000E+01 1.90570E+02
 3.40000E+01 1.84589E+02
 3.50000E+01 1.79599E+02
 3.60000E+01 1.69690E+02
 3.70000E+01 1.63845E+02
 3.80000E+01 1.59081E+02
 3.90000E+01 1.54786E+02
 4.00000E+01 1.47226E+02
