# n +  89Y : Production of  87Sr - Total
# Q-value    =-9.70676E+00 mass=  86.908877
# E-threshold= 9.81688E+00
# # energies =    40
#     E          xs
 1.00000E+00 0.00000E+00
 2.00000E+00 0.00000E+00
 3.00000E+00 0.00000E+00
 4.00000E+00 0.00000E+00
 5.00000E+00 0.00000E+00
 6.00000E+00 0.00000E+00
 7.00000E+00 0.00000E+00
 8.00000E+00 0.00000E+00
 9.00000E+00 0.00000E+00
 1.00000E+01 0.00000E+00
 1.10000E+01 0.00000E+00
 1.20000E+01 0.00000E+00
 1.30000E+01 0.00000E+00
 1.40000E+01 0.00000E+00
 1.50000E+01 0.00000E+00
 1.60000E+01 5.30142E-03
 1.70000E+01 4.23882E-02
 1.80000E+01 1.71199E-01
 1.90000E+01 3.93125E-01
 2.00000E+01 7.88527E-01
 2.10000E+01 1.69561E+00
 2.20000E+01 5.75022E+00
 2.30000E+01 9.80230E+00
 2.40000E+01 1.53257E+01
 2.50000E+01 2.04870E+01
 2.60000E+01 2.47223E+01
 2.70000E+01 3.05546E+01
 2.80000E+01 3.69844E+01
 2.90000E+01 4.39428E+01
 3.00000E+01 5.14147E+01
 3.10000E+01 5.83663E+01
 3.20000E+01 6.46653E+01
 3.30000E+01 7.33344E+01
 3.40000E+01 7.94098E+01
 3.50000E+01 8.67614E+01
 3.60000E+01 9.12014E+01
 3.70000E+01 9.53761E+01
 3.80000E+01 9.81056E+01
 3.90000E+01 1.01752E+02
 4.00000E+01 1.03863E+02
