# n +  89Y : Production of  87Y  - Level  1     0.38082 MeV
# Q-value    =-2.12134E+01 mass=  86.910876
# E-threshold= 2.14541E+01
# # energies =    40
#     E          xs      Branching
 1.00000E+00 0.00000E+00 0.00000E+00
 2.00000E+00 0.00000E+00 0.00000E+00
 3.00000E+00 0.00000E+00 0.00000E+00
 4.00000E+00 0.00000E+00 0.00000E+00
 5.00000E+00 0.00000E+00 0.00000E+00
 6.00000E+00 0.00000E+00 0.00000E+00
 7.00000E+00 0.00000E+00 0.00000E+00
 8.00000E+00 0.00000E+00 0.00000E+00
 9.00000E+00 0.00000E+00 0.00000E+00
 1.00000E+01 0.00000E+00 0.00000E+00
 1.10000E+01 0.00000E+00 0.00000E+00
 1.20000E+01 0.00000E+00 0.00000E+00
 1.30000E+01 0.00000E+00 0.00000E+00
 1.40000E+01 0.00000E+00 0.00000E+00
 1.50000E+01 0.00000E+00 0.00000E+00
 1.60000E+01 0.00000E+00 0.00000E+00
 1.70000E+01 0.00000E+00 0.00000E+00
 1.80000E+01 0.00000E+00 0.00000E+00
 1.90000E+01 0.00000E+00 0.00000E+00
 2.00000E+01 0.00000E+00 0.00000E+00
 2.10000E+01 0.00000E+00 0.00000E+00
 2.20000E+01 9.43835E+00 5.62561E-01
 2.30000E+01 7.85069E+01 7.37385E-01
 2.40000E+01 1.61570E+02 7.21324E-01
 2.50000E+01 2.58077E+02 7.30565E-01
 2.60000E+01 3.46488E+02 7.39915E-01
 2.70000E+01 4.15931E+02 7.48725E-01
 2.80000E+01 4.65260E+02 7.54462E-01
 2.90000E+01 4.91623E+02 7.57194E-01
 3.00000E+01 5.20719E+02 7.67894E-01
 3.10000E+01 5.34083E+02 7.72574E-01
 3.20000E+01 5.44152E+02 7.81243E-01
 3.30000E+01 5.46169E+02 7.88650E-01
 3.40000E+01 5.40312E+02 7.99030E-01
 3.50000E+01 5.14668E+02 8.03351E-01
 3.60000E+01 4.84076E+02 8.11368E-01
 3.70000E+01 4.41774E+02 8.13794E-01
 3.80000E+01 3.95399E+02 8.14582E-01
 3.90000E+01 3.58389E+02 8.18633E-01
 4.00000E+01 3.26296E+02 8.18995E-01
