# n +  89Y : Production of  86Rb - Total
# Q-value    = 6.85052E-01 mass=  85.911167
# E-threshold= 0.00000E+00
# # energies =    40
#     E          xs
 1.00000E+00 1.00000E-07
 2.00000E+00 1.00000E-07
 3.00000E+00 1.00000E-07
 4.00000E+00 1.00000E-07
 5.00000E+00 1.00000E-07
 6.00000E+00 1.00000E-07
 7.00000E+00 1.40724E-03
 8.00000E+00 1.06491E-02
 9.00000E+00 5.05726E-02
 1.00000E+01 1.70935E-01
 1.10000E+01 4.43945E-01
 1.20000E+01 9.40532E-01
 1.30000E+01 1.70420E+00
 1.40000E+01 2.77229E+00
 1.50000E+01 4.19503E+00
 1.60000E+01 5.92182E+00
 1.70000E+01 8.06830E+00
 1.80000E+01 1.06649E+01
 1.90000E+01 1.30641E+01
 2.00000E+01 1.48475E+01
 2.10000E+01 1.52128E+01
 2.20000E+01 1.45814E+01
 2.30000E+01 1.36240E+01
 2.40000E+01 1.26832E+01
 2.50000E+01 1.20334E+01
 2.60000E+01 1.08740E+01
 2.70000E+01 1.00036E+01
 2.80000E+01 9.31902E+00
 2.90000E+01 8.47108E+00
 3.00000E+01 7.60192E+00
 3.10000E+01 7.03578E+00
 3.20000E+01 6.60055E+00
 3.30000E+01 6.14091E+00
 3.40000E+01 5.87375E+00
 3.50000E+01 5.68638E+00
 3.60000E+01 5.81490E+00
 3.70000E+01 5.94715E+00
 3.80000E+01 6.17875E+00
 3.90000E+01 6.57556E+00
 4.00000E+01 6.82276E+00
