# n +  89Y : Production of  84Kr - Total
# Q-value    =-1.27583E+01 mass=  83.911498
# E-threshold= 1.29031E+01
# # energies =    40
#     E          xs
 1.00000E+00 0.00000E+00
 2.00000E+00 0.00000E+00
 3.00000E+00 0.00000E+00
 4.00000E+00 0.00000E+00
 5.00000E+00 0.00000E+00
 6.00000E+00 0.00000E+00
 7.00000E+00 0.00000E+00
 8.00000E+00 0.00000E+00
 9.00000E+00 0.00000E+00
 1.00000E+01 0.00000E+00
 1.10000E+01 0.00000E+00
 1.20000E+01 0.00000E+00
 1.30000E+01 0.00000E+00
 1.40000E+01 0.00000E+00
 1.50000E+01 0.00000E+00
 1.60000E+01 0.00000E+00
 1.70000E+01 0.00000E+00
 1.80000E+01 0.00000E+00
 1.90000E+01 0.00000E+00
 2.00000E+01 0.00000E+00
 2.10000E+01 0.00000E+00
 2.20000E+01 0.00000E+00
 2.30000E+01 0.00000E+00
 2.40000E+01 0.00000E+00
 2.50000E+01 0.00000E+00
 2.60000E+01 0.00000E+00
 2.70000E+01 0.00000E+00
 2.80000E+01 2.95560E-03
 2.90000E+01 6.30970E-03
 3.00000E+01 1.58443E-02
 3.10000E+01 1.86551E-02
 3.20000E+01 3.31582E-02
 3.30000E+01 4.49592E-02
 3.40000E+01 5.61103E-02
 3.50000E+01 8.74251E-02
 3.60000E+01 1.26956E-01
 3.70000E+01 1.57266E-01
 3.80000E+01 2.16294E-01
 3.90000E+01 2.93660E-01
 4.00000E+01 3.76494E-01
