# n +  89Y  Total cross sections
# 
# 
# # energies =    40
#     E      Non-elastic    Elastic     Total     Comp. el.   Shape el.   Reaction   Comp. nonel   Direct    Pre-equil.  Dir. Capt.
 1.00000E+00 6.15190E+01 6.45240E+03 6.51392E+03 2.50008E+03 3.95232E+03 2.56160E+03 6.15190E+01 0.00000E+00 0.00000E+00 0.00000E+00
 2.00000E+00 1.13297E+03 3.53132E+03 4.66429E+03 1.18599E+03 2.34533E+03 2.31896E+03 1.13297E+03 0.00000E+00 0.00000E+00 0.00000E+00
 3.00000E+00 1.52877E+03 2.48664E+03 4.01542E+03 6.60005E+02 1.82664E+03 2.18877E+03 1.47851E+03 5.02539E+01 0.00000E+00 0.00000E+00
 4.00000E+00 1.75325E+03 1.96196E+03 3.71521E+03 1.75895E+02 1.78606E+03 1.92915E+03 1.66581E+03 8.70304E+01 4.15590E-01 0.00000E+00
 5.00000E+00 1.75778E+03 1.92912E+03 3.68691E+03 2.44004E+01 1.90472E+03 1.78218E+03 1.63108E+03 9.59514E+01 1.92264E+01 0.00000E+00
 6.00000E+00 1.74837E+03 2.08334E+03 3.83171E+03 6.08526E+00 2.07725E+03 1.75446E+03 1.58204E+03 9.84107E+01 4.77483E+01 0.00000E+00
 7.00000E+00 1.76551E+03 2.24983E+03 4.01535E+03 1.94190E+00 2.24789E+03 1.76745E+03 1.55749E+03 9.63923E+01 8.50888E+01 0.00000E+00
 8.00000E+00 1.77005E+03 2.38058E+03 4.15063E+03 6.73672E-01 2.37991E+03 1.77072E+03 1.51260E+03 9.38962E+01 1.20515E+02 0.00000E+00
 9.00000E+00 1.76131E+03 2.45704E+03 4.21835E+03 2.39366E-01 2.45680E+03 1.76155E+03 1.46597E+03 9.22327E+01 1.57214E+02 0.00000E+00
 1.00000E+01 1.74675E+03 2.47921E+03 4.22596E+03 8.58194E-02 2.47912E+03 1.74684E+03 1.41496E+03 9.06513E+01 1.93932E+02 0.00000E+00
 1.10000E+01 1.72826E+03 2.45563E+03 4.18389E+03 3.14561E-02 2.45560E+03 1.72829E+03 1.36147E+03 8.87480E+01 2.31128E+02 0.00000E+00
 1.20000E+01 1.70863E+03 2.39732E+03 4.10595E+03 7.34795E-03 2.39731E+03 1.70864E+03 1.30781E+03 8.66711E+01 2.68336E+02 0.00000E+00
 1.30000E+01 1.69158E+03 2.31519E+03 4.00676E+03 2.86642E-03 2.31519E+03 1.69158E+03 1.25646E+03 8.47657E+01 3.05742E+02 0.00000E+00
 1.40000E+01 1.67848E+03 2.21841E+03 3.89689E+03 1.14990E-03 2.21841E+03 1.67848E+03 1.20806E+03 8.32058E+01 3.43729E+02 0.00000E+00
 1.50000E+01 1.66894E+03 2.11394E+03 3.78288E+03 4.72194E-04 2.11394E+03 1.66894E+03 1.16219E+03 8.19851E+01 3.82217E+02 0.00000E+00
 1.60000E+01 1.66258E+03 2.00708E+03 3.66966E+03 1.97874E-04 2.00708E+03 1.66258E+03 1.11863E+03 8.07502E+01 4.21059E+02 0.00000E+00
 1.70000E+01 1.65899E+03 1.90221E+03 3.56120E+03 8.46645E-05 1.90221E+03 1.65899E+03 1.07711E+03 7.95490E+01 4.60099E+02 0.00000E+00
 1.80000E+01 1.65673E+03 1.80276E+03 3.45949E+03 3.70955E-05 1.80276E+03 1.65673E+03 1.03778E+03 7.73931E+01 4.99185E+02 0.00000E+00
 1.90000E+01 1.65325E+03 1.71089E+03 3.36414E+03 1.65876E-05 1.71089E+03 1.65325E+03 9.96792E+02 7.69174E+01 5.37410E+02 0.00000E+00
 2.00000E+01 1.64619E+03 1.62744E+03 3.27363E+03 7.57784E-06 1.62744E+03 1.64619E+03 9.55743E+02 7.56012E+01 5.73068E+02 0.00000E+00
 2.10000E+01 1.63472E+03 1.55255E+03 3.18727E+03 3.53544E-06 1.55255E+03 1.63472E+03 9.13927E+02 7.41559E+01 6.05096E+02 0.00000E+00
 2.20000E+01 1.61973E+03 1.48626E+03 3.10599E+03 1.69615E-06 1.48626E+03 1.61973E+03 8.72026E+02 7.26487E+01 6.33608E+02 0.00000E+00
 2.30000E+01 1.60300E+03 1.42885E+03 3.03185E+03 8.43274E-07 1.42885E+03 1.60300E+03 8.23448E+02 7.14309E+01 6.66712E+02 0.00000E+00
 2.40000E+01 1.58627E+03 1.38072E+03 2.96699E+03 4.53206E-07 1.38072E+03 1.58627E+03 7.83932E+02 7.01293E+01 6.90853E+02 0.00000E+00
 2.50000E+01 1.57069E+03 1.34222E+03 2.91291E+03 2.70463E-07 1.34222E+03 1.57069E+03 7.48201E+02 6.84625E+01 7.12727E+02 0.00000E+00
 2.60000E+01 1.55670E+03 1.31346E+03 2.87016E+03 1.83370E-07 1.31346E+03 1.55670E+03 7.13881E+02 6.68123E+01 7.34738E+02 0.00000E+00
 2.70000E+01 1.54420E+03 1.29422E+03 2.83842E+03 1.41330E-07 1.29422E+03 1.54420E+03 6.81568E+02 6.52789E+01 7.55733E+02 0.00000E+00
 2.80000E+01 1.53274E+03 1.28393E+03 2.81668E+03 1.20781E-07 1.28393E+03 1.53274E+03 6.51434E+02 6.37936E+01 7.75491E+02 0.00000E+00
 2.90000E+01 1.52178E+03 1.28175E+03 2.80354E+03 1.10580E-07 1.28175E+03 1.52178E+03 6.22814E+02 6.22976E+01 7.94207E+02 0.00000E+00
 3.00000E+01 1.51085E+03 1.28665E+03 2.79750E+03 1.05448E-07 1.28665E+03 1.51085E+03 5.95834E+02 6.09267E+01 8.11315E+02 0.00000E+00
 3.10000E+01 1.49965E+03 1.29755E+03 2.79720E+03 1.02835E-07 1.29755E+03 1.49965E+03 5.70199E+02 5.95637E+01 8.26955E+02 0.00000E+00
 3.20000E+01 1.48811E+03 1.31342E+03 2.80153E+03 1.01488E-07 1.31342E+03 1.48811E+03 5.45602E+02 5.83173E+01 8.41142E+02 0.00000E+00
 3.30000E+01 1.47630E+03 1.33335E+03 2.80965E+03 1.00788E-07 1.33335E+03 1.47630E+03 5.22159E+02 5.69946E+01 8.53948E+02 0.00000E+00
 3.40000E+01 1.46438E+03 1.35658E+03 2.82096E+03 1.00421E-07 1.35658E+03 1.46438E+03 4.99749E+02 5.56683E+01 8.65579E+02 0.00000E+00
 3.50000E+01 1.45255E+03 1.38246E+03 2.83502E+03 1.00227E-07 1.38246E+03 1.45255E+03 4.78444E+02 5.43525E+01 8.76196E+02 0.00000E+00
 3.60000E+01 1.44095E+03 1.41048E+03 2.85143E+03 1.00123E-07 1.41048E+03 1.44095E+03 4.58262E+02 5.30526E+01 8.85963E+02 0.00000E+00
 3.70000E+01 1.42968E+03 1.44017E+03 2.86985E+03 1.00067E-07 1.44017E+03 1.42968E+03 4.39178E+02 5.17755E+01 8.95005E+02 0.00000E+00
 3.80000E+01 1.41877E+03 1.47112E+03 2.88989E+03 1.00037E-07 1.47112E+03 1.41877E+03 4.21071E+02 5.05267E+01 9.03459E+02 0.00000E+00
 3.90000E+01 1.40823E+03 1.50294E+03 2.91116E+03 1.00021E-07 1.50294E+03 1.40823E+03 4.03988E+02 4.93193E+01 9.11287E+02 0.00000E+00
 4.00000E+01 1.39801E+03 1.53524E+03 2.93325E+03 1.00012E-07 1.53524E+03 1.39801E+03 3.87798E+02 4.81379E+01 9.18609E+02 0.00000E+00
