# n +  89Y  Total cross sections
# 
# 
# # energies =    40
#    E      Cross section
 1.00000E+00 6.51392E+03
 2.00000E+00 4.66429E+03
 3.00000E+00 4.01542E+03
 4.00000E+00 3.71521E+03
 5.00000E+00 3.68691E+03
 6.00000E+00 3.83171E+03
 7.00000E+00 4.01535E+03
 8.00000E+00 4.15063E+03
 9.00000E+00 4.21835E+03
 1.00000E+01 4.22596E+03
 1.10000E+01 4.18389E+03
 1.20000E+01 4.10595E+03
 1.30000E+01 4.00676E+03
 1.40000E+01 3.89689E+03
 1.50000E+01 3.78288E+03
 1.60000E+01 3.66966E+03
 1.70000E+01 3.56120E+03
 1.80000E+01 3.45949E+03
 1.90000E+01 3.36414E+03
 2.00000E+01 3.27363E+03
 2.10000E+01 3.18727E+03
 2.20000E+01 3.10599E+03
 2.30000E+01 3.03185E+03
 2.40000E+01 2.96699E+03
 2.50000E+01 2.91291E+03
 2.60000E+01 2.87016E+03
 2.70000E+01 2.83842E+03
 2.80000E+01 2.81668E+03
 2.90000E+01 2.80354E+03
 3.00000E+01 2.79750E+03
 3.10000E+01 2.79720E+03
 3.20000E+01 2.80153E+03
 3.30000E+01 2.80965E+03
 3.40000E+01 2.82096E+03
 3.50000E+01 2.83502E+03
 3.60000E+01 2.85143E+03
 3.70000E+01 2.86985E+03
 3.80000E+01 2.88989E+03
 3.90000E+01 2.91116E+03
 4.00000E+01 2.93325E+03
