
                       be used for evaluation purposes
                                                            18-Mar-2019 11:02
                       _________________________________

                       P E A K     F I T     R E P O R T
                       _________________________________

 Spectrum file Analysed: Sum_Spec.dat                     
 Sample Title : Cs137                                            

 Spectrum saved on 25-Oct-2018 at 16:28    Collected on 15-Aug-2018 at  1:46
 Sample  Taken  on 15-Aug-2018 at  1:46    Decayed      0 Days,     0 mins.

            Detector file number used:     1
            Energy     Calibration Performed on 13-Mar-2019 at 17:27
            Peak Shape Calibration Performed on 13-Mar-2019 at 17:31

 

   Reported Activity values were rounded     
   FitzPeaks Version: 3.71 23rd January 2014           

 Peak   Centre   FW@HM         Goodness   Peak      %      Gammas       %      2 Sigma
Energy  Channel  (KeV)  Signif  of Fit    Area   Uncert.  per sec.   Uncert. Background

   72.6   388.3   0.97     7.4    1.03      1110   11.8   1.3219e+00   11.8     1444
   74.8   399.9   0.97    12.7    1.03      1973    7.0   2.3493e+00    7.0     1444
   84.7   452.5   0.96     4.4    1.34       673   18.0   8.0089e-01   18.0     1314
   87.1   465.5   0.96     3.6    1.34       263   47.1   3.1308e-01   47.1     1314
  202.5  1081.2   1.12    48.2    1.02     22218    1.3   2.6450e+01    1.3     1767
  266.7  1424.1   1.16     3.7    0.78       380   31.4   4.5212e-01   31.4     1491
  388.5  2073.9   1.28    17.4    1.24      2883    4.8   3.4326e+00    4.8      795
  448.0  2391.5   1.37     3.6    0.97       179   47.6   2.1328e-01   47.6      688
  479.4  2559.5   1.45    32.0    0.63     10008    2.0   1.1914e+01    2.0      812
  510.9  2727.4   2.78    21.6    1.21     44646    1.0   5.3150e+01    1.0     1650
  555.5  2965.4   1.49     9.5    1.20      1003   10.9   1.1938e+00   10.9      778
  658.2  3513.7   1.60     3.9    0.57       341   33.5   4.0604e-01   33.5     1157
  681.9  3640.2   1.63     3.5    0.94       391   32.5   4.6601e-01   32.5     1365
  723.9  3864.2   1.68     3.9    1.09       182   55.9   2.1693e-01   55.9      836
  743.1  3966.4   1.70     5.3    0.89       345   22.5   4.1097e-01   22.5      669
  749.7  4002.1   1.71     3.8    0.89       188   37.0   2.2403e-01   37.0      630
  756.5  4038.3   1.72     3.5    0.89       218   32.7   2.6000e-01   32.7      669
  908.9  4851.6   1.95    83.5    4.23     63363    0.9   7.5432e+01    0.9       79
  934.3  4987.0   1.92     8.1    1.07       539   10.1   6.4169e-01   10.1       58
 1024.0  5466.1   2.02     4.2    0.73       227   18.3   2.7006e-01   18.3       72
 1368.3  7303.7   2.40     5.2    1.15       252   15.9   3.0017e-01   15.9       36
 1383.4  7384.1   2.42     3.4    1.17        50   56.0   5.8958e-02   56.0       39
 1404.9  7499.1   2.45     3.6    1.10       115   28.5   1.3650e-01   28.5       38
 1712.9  9142.6   2.79     5.5    0.88       271   13.9   3.2229e-01   13.9       22
 2752.8 14693.1   3.96     5.1    0.77       117   27.3   1.3962e-01   27.3        5
