# n +  66Zn: Production of  65Zn - Total
# Q-value    =-1.10585E+01 mass=  64.929240
# E-threshold= 1.12277E+01
# # energies =   121
#     E          xs
 1.00000E-11 0.00000E+00
 2.53000E-08 0.00000E+00
 1.00000E-06 0.00000E+00
 1.00000E-05 0.00000E+00
 1.00000E-04 0.00000E+00
 2.00000E-04 0.00000E+00
 3.00000E-04 0.00000E+00
 6.00000E-04 0.00000E+00
 9.24000E-04 0.00000E+00
 1.00000E-03 0.00000E+00
 2.00000E-03 0.00000E+00
 3.00000E-03 0.00000E+00
 4.62000E-03 0.00000E+00
 6.00000E-03 0.00000E+00
 1.00000E-02 0.00000E+00
 2.00000E-02 0.00000E+00
 3.00000E-02 0.00000E+00
 6.00000E-02 0.00000E+00
 1.00000E-01 0.00000E+00
 2.00000E-01 0.00000E+00
 3.00000E-01 0.00000E+00
 4.00000E-01 0.00000E+00
 5.00000E-01 0.00000E+00
 6.00000E-01 0.00000E+00
 7.00000E-01 0.00000E+00
 8.00000E-01 0.00000E+00
 9.00000E-01 0.00000E+00
 1.00000E+00 0.00000E+00
 1.20000E+00 0.00000E+00
 1.40000E+00 0.00000E+00
 1.60000E+00 0.00000E+00
 1.80000E+00 0.00000E+00
 2.00000E+00 0.00000E+00
 2.20000E+00 0.00000E+00
 2.40000E+00 0.00000E+00
 2.60000E+00 0.00000E+00
 2.80000E+00 0.00000E+00
 3.00000E+00 0.00000E+00
 3.20000E+00 0.00000E+00
 3.40000E+00 0.00000E+00
 3.60000E+00 0.00000E+00
 3.80000E+00 0.00000E+00
 4.00000E+00 0.00000E+00
 4.20000E+00 0.00000E+00
 4.40000E+00 0.00000E+00
 4.60000E+00 0.00000E+00
 4.80000E+00 0.00000E+00
 5.00000E+00 0.00000E+00
 5.20000E+00 0.00000E+00
 5.40000E+00 0.00000E+00
 5.60000E+00 0.00000E+00
 5.80000E+00 0.00000E+00
 6.00000E+00 0.00000E+00
 6.20000E+00 0.00000E+00
 6.40000E+00 0.00000E+00
 6.60000E+00 0.00000E+00
 6.80000E+00 0.00000E+00
 7.00000E+00 0.00000E+00
 7.20000E+00 0.00000E+00
 7.40000E+00 0.00000E+00
 7.60000E+00 0.00000E+00
 7.80000E+00 0.00000E+00
 8.00000E+00 0.00000E+00
 8.50000E+00 0.00000E+00
 9.00000E+00 0.00000E+00
 9.50000E+00 0.00000E+00
 1.00000E+01 0.00000E+00
 1.05000E+01 0.00000E+00
 1.10000E+01 0.00000E+00
 1.15000E+01 2.73653E+01
 1.20000E+01 1.22913E+02
 1.25000E+01 2.47082E+02
 1.30000E+01 3.71245E+02
 1.35000E+01 4.85621E+02
 1.40000E+01 5.78685E+02
 1.45000E+01 6.53981E+02
 1.50000E+01 7.08726E+02
 1.60000E+01 7.77673E+02
 1.70000E+01 8.10857E+02
 1.80000E+01 8.20302E+02
 1.90000E+01 8.15006E+02
 2.00000E+01 7.99898E+02
 2.10000E+01 7.77779E+02
 2.20000E+01 7.43066E+02
 2.30000E+01 6.96310E+02
 2.40000E+01 6.42206E+02
 2.50000E+01 5.82623E+02
 2.60000E+01 5.28800E+02
 2.70000E+01 4.81310E+02
 2.80000E+01 4.40911E+02
 2.90000E+01 4.06020E+02
 3.00000E+01 3.79755E+02
 3.20000E+01 3.37743E+02
 3.40000E+01 3.07583E+02
 3.60000E+01 2.83596E+02
 3.80000E+01 2.65107E+02
 4.00000E+01 2.49261E+02
 4.20000E+01 2.33410E+02
 4.40000E+01 2.19391E+02
 4.60000E+01 2.06450E+02
 4.80000E+01 1.93621E+02
 5.00000E+01 1.80757E+02
 5.20000E+01 1.68651E+02
 5.40000E+01 1.58979E+02
 5.60000E+01 1.50264E+02
 5.80000E+01 1.44820E+02
 6.00000E+01 1.40207E+02
 6.50000E+01 1.25080E+02
 7.00000E+01 1.10899E+02
 7.50000E+01 9.87032E+01
 8.00000E+01 8.94068E+01
 9.00000E+01 7.47795E+01
 1.00000E+02 6.32590E+01
 1.10000E+02 5.46185E+01
 1.20000E+02 4.76579E+01
 1.30000E+02 4.18565E+01
 1.40000E+02 3.68296E+01
 1.50000E+02 3.28165E+01
 1.60000E+02 2.92862E+01
 1.80000E+02 2.37231E+01
 2.00000E+02 2.00734E+01
