#rp030069.L01         Number of runs:    250
# Q-value    =0.99+01 mass=  efg.930084
# E-threshold= 4.1507E+01
# # energies =   121
# E(MeV)      xs(mb)     xslow(mb)      xsupp(mb)
 1.00000E-11 0.00000E+00 0.00000E+00 0.00000E+00
 2.53000E-08 0.00000E+00 0.00000E+00 0.00000E+00
 1.00000E-06 0.00000E+00 0.00000E+00 0.00000E+00
 1.00000E-05 0.00000E+00 0.00000E+00 0.00000E+00
 1.00000E-04 0.00000E+00 0.00000E+00 0.00000E+00
 2.00000E-04 0.00000E+00 0.00000E+00 0.00000E+00
 3.00000E-04 0.00000E+00 0.00000E+00 0.00000E+00
 6.00000E-04 0.00000E+00 0.00000E+00 0.00000E+00
 1.00000E-03 0.00000E+00 0.00000E+00 0.00000E+00
 1.44000E-03 0.00000E+00 0.00000E+00 0.00000E+00
 2.00000E-03 0.00000E+00 0.00000E+00 0.00000E+00
 3.00000E-03 0.00000E+00 0.00000E+00 0.00000E+00
 6.00000E-03 0.00000E+00 0.00000E+00 0.00000E+00
 7.20000E-03 0.00000E+00 0.00000E+00 0.00000E+00
 1.00000E-02 0.00000E+00 0.00000E+00 0.00000E+00
 2.00000E-02 0.00000E+00 0.00000E+00 0.00000E+00
 3.00000E-02 0.00000E+00 0.00000E+00 0.00000E+00
 6.00000E-02 0.00000E+00 0.00000E+00 0.00000E+00
 1.00000E-01 0.00000E+00 0.00000E+00 0.00000E+00
 2.00000E-01 0.00000E+00 0.00000E+00 0.00000E+00
 3.00000E-01 0.00000E+00 0.00000E+00 0.00000E+00
 4.00000E-01 0.00000E+00 0.00000E+00 0.00000E+00
 5.00000E-01 0.00000E+00 0.00000E+00 0.00000E+00
 6.00000E-01 0.00000E+00 0.00000E+00 0.00000E+00
 7.00000E-01 0.00000E+00 0.00000E+00 0.00000E+00
 8.00000E-01 0.00000E+00 0.00000E+00 0.00000E+00
 9.00000E-01 0.00000E+00 0.00000E+00 0.00000E+00
 1.00000E+00 0.00000E+00 0.00000E+00 0.00000E+00
 1.20000E+00 0.00000E+00 0.00000E+00 0.00000E+00
 1.40000E+00 0.00000E+00 0.00000E+00 0.00000E+00
 1.60000E+00 0.00000E+00 0.00000E+00 0.00000E+00
 1.80000E+00 0.00000E+00 0.00000E+00 0.00000E+00
 2.00000E+00 0.00000E+00 0.00000E+00 0.00000E+00
 2.20000E+00 0.00000E+00 0.00000E+00 0.00000E+00
 2.40000E+00 0.00000E+00 0.00000E+00 0.00000E+00
 2.60000E+00 0.00000E+00 0.00000E+00 0.00000E+00
 2.80000E+00 0.00000E+00 0.00000E+00 0.00000E+00
 3.00000E+00 0.00000E+00 0.00000E+00 0.00000E+00
 3.20000E+00 0.00000E+00 0.00000E+00 0.00000E+00
 3.40000E+00 0.00000E+00 0.00000E+00 0.00000E+00
 3.60000E+00 0.00000E+00 0.00000E+00 0.00000E+00
 3.80000E+00 0.00000E+00 0.00000E+00 0.00000E+00
 4.00000E+00 0.00000E+00 0.00000E+00 0.00000E+00
 4.20000E+00 0.00000E+00 0.00000E+00 0.00000E+00
 4.40000E+00 0.00000E+00 0.00000E+00 0.00000E+00
 4.60000E+00 0.00000E+00 0.00000E+00 0.00000E+00
 4.80000E+00 0.00000E+00 0.00000E+00 0.00000E+00
 5.00000E+00 0.00000E+00 0.00000E+00 0.00000E+00
 5.20000E+00 0.00000E+00 0.00000E+00 0.00000E+00
 5.40000E+00 0.00000E+00 0.00000E+00 0.00000E+00
 5.60000E+00 0.00000E+00 0.00000E+00 0.00000E+00
 5.80000E+00 0.00000E+00 0.00000E+00 0.00000E+00
 6.00000E+00 0.00000E+00 0.00000E+00 0.00000E+00
 6.20000E+00 0.00000E+00 0.00000E+00 0.00000E+00
 6.40000E+00 0.00000E+00 0.00000E+00 0.00000E+00
 6.60000E+00 0.00000E+00 0.00000E+00 0.00000E+00
 6.80000E+00 0.00000E+00 0.00000E+00 0.00000E+00
 7.00000E+00 0.00000E+00 0.00000E+00 0.00000E+00
 7.20000E+00 0.00000E+00 0.00000E+00 0.00000E+00
 7.40000E+00 0.00000E+00 0.00000E+00 0.00000E+00
 7.60000E+00 0.00000E+00 0.00000E+00 0.00000E+00
 7.80000E+00 0.00000E+00 0.00000E+00 0.00000E+00
 8.00000E+00 0.00000E+00 0.00000E+00 0.00000E+00
 8.50000E+00 0.00000E+00 0.00000E+00 0.00000E+00
 9.00000E+00 0.00000E+00 0.00000E+00 0.00000E+00
 9.50000E+00 0.00000E+00 0.00000E+00 0.00000E+00
 1.00000E+01 1.82013E+01 1.23192E+01 2.40834E+01
 1.05000E+01 9.55366E+01 7.88142E+01 1.12259E+02
 1.10000E+01 2.07305E+02 1.78866E+02 2.35744E+02
 1.15000E+01 3.09275E+02 2.70470E+02 3.48080E+02
 1.20000E+01 3.94733E+02 3.47827E+02 4.41640E+02
 1.25000E+01 4.61423E+02 4.08571E+02 5.14274E+02
 1.30000E+01 5.14739E+02 4.57237E+02 5.72242E+02
 1.35000E+01 5.58328E+02 4.96610E+02 6.20045E+02
 1.40000E+01 5.96469E+02 5.31139E+02 6.61800E+02
 1.45000E+01 6.25638E+02 5.57074E+02 6.94202E+02
 1.50000E+01 6.49196E+02 5.77878E+02 7.20515E+02
 1.60000E+01 6.83671E+02 6.08225E+02 7.59116E+02
 1.70000E+01 7.01485E+02 6.22936E+02 7.80034E+02
 1.80000E+01 7.06275E+02 6.26582E+02 7.85967E+02
 1.90000E+01 6.87921E+02 6.08418E+02 7.67424E+02
 2.00000E+01 6.50185E+02 5.71793E+02 7.28576E+02
 2.10000E+01 5.96491E+02 5.18419E+02 6.74563E+02
 2.20000E+01 5.35995E+02 4.56561E+02 6.15429E+02
 2.30000E+01 4.76681E+02 3.94014E+02 5.59348E+02
 2.40000E+01 4.22650E+02 3.36756E+02 5.08544E+02
 2.50000E+01 3.78823E+02 2.88797E+02 4.68849E+02
 2.60000E+01 3.42250E+02 2.49323E+02 4.35177E+02
 2.70000E+01 3.11467E+02 2.17335E+02 4.05599E+02
 2.80000E+01 2.88177E+02 1.93519E+02 3.82835E+02
 2.90000E+01 2.67489E+02 1.74092E+02 3.60885E+02
 3.00000E+01 2.51921E+02 1.60335E+02 3.43506E+02
 3.20000E+01 2.26608E+02 1.44225E+02 3.08991E+02
 3.40000E+01 2.07622E+02 1.32141E+02 2.83103E+02
 3.60000E+01 1.93531E+02 1.23173E+02 2.63890E+02
 3.80000E+01 1.81138E+02 1.15285E+02 2.46991E+02
 4.00000E+01 1.70067E+02 1.08239E+02 2.31894E+02
 4.20000E+01 1.59257E+02 1.01359E+02 2.17155E+02
 4.40000E+01 1.49756E+02 9.53120E+01 2.04199E+02
 4.60000E+01 1.40405E+02 8.93608E+01 1.91449E+02
 4.80000E+01 1.33490E+02 8.49601E+01 1.82021E+02
 5.00000E+01 1.25132E+02 7.96404E+01 1.70624E+02
 5.20000E+01 1.18399E+02 7.53549E+01 1.61442E+02
 5.40000E+01 1.12318E+02 7.14848E+01 1.53151E+02
 5.60000E+01 1.07573E+02 6.84648E+01 1.46681E+02
 5.80000E+01 1.04039E+02 6.62155E+01 1.41862E+02
 6.00000E+01 1.02372E+02 6.51549E+01 1.39590E+02
 6.50000E+01 9.13830E+01 5.81608E+01 1.24605E+02
 7.00000E+01 8.26738E+01 5.26178E+01 1.12730E+02
 7.50000E+01 7.49142E+01 4.76792E+01 1.02149E+02
 8.00000E+01 6.77263E+01 4.31044E+01 9.23481E+01
 9.00000E+01 5.60589E+01 3.56787E+01 7.64390E+01
 1.00000E+02 4.76736E+01 3.03419E+01 6.50052E+01
 1.10000E+02 4.12013E+01 2.62226E+01 5.61800E+01
 1.20000E+02 3.60831E+01 2.29651E+01 4.92011E+01
 1.30000E+02 3.19212E+01 2.03163E+01 4.35261E+01
 1.40000E+02 2.82602E+01 1.79862E+01 3.85342E+01
 1.50000E+02 2.54901E+01 1.62232E+01 3.47570E+01
 1.60000E+02 2.27909E+01 1.45053E+01 3.10766E+01
 1.80000E+02 1.88690E+01 1.20092E+01 2.57289E+01
 2.00000E+02 1.57790E+01 1.00426E+01 2.15154E+01
