
  An isotopic target is assumed:
  At# Mass# % abundance % uncertainty
  49 113 In    4.290000  0.050000
  49 115 In   95.710000  0.050000
  ldopt set internally =           1
 Kataria-Ramamurthy shell dependent ld

   0.0000000000000000        1.0000000000000000        49.000000000000000        115.00000000000000                1           0  ZP,AP,ZT,AT,ISOT,LEVNO
 
 
1Neutrons on Indium                                                              
  Ebeam  Rx.cs used  Rx. cs algo fiss cs (mb) capture cs (mb)
   1.00  2.771E+03    0.00E+00    0.00E+00    8.28E+01
   2.00  2.548E+03    0.00E+00    0.00E+00    8.70E+00
   3.00  2.442E+03    0.00E+00    0.00E+00    1.83E+00
   4.00  2.379E+03    0.00E+00    0.00E+00    6.56E-01
   5.00  2.364E+03    0.00E+00    0.00E+00    3.06E-01
   6.00  2.330E+03    0.00E+00    0.00E+00    1.62E-01
   7.00  2.279E+03    0.00E+00    0.00E+00    9.29E-02
   8.00  2.221E+03    0.00E+00    0.00E+00    5.67E-02
   9.00  2.172E+03    0.00E+00    0.00E+00    3.66E-02
  10.00  2.142E+03    0.00E+00    0.00E+00    2.46E-02
  11.00  2.120E+03    0.00E+00    0.00E+00    1.71E-02
  12.00  2.104E+03    0.00E+00    0.00E+00    1.34E-02
  13.00  2.092E+03    0.00E+00    0.00E+00    9.69E-03
  14.00  2.077E+03    0.00E+00    0.00E+00    7.11E-03
  15.00  2.055E+03    0.00E+00    0.00E+00    5.30E-03
  16.00  2.030E+03    0.00E+00    0.00E+00    3.97E-03
  17.00  2.010E+03    0.00E+00    0.00E+00    3.04E-03
  18.00  1.991E+03    0.00E+00    0.00E+00    2.34E-03
  19.00  1.976E+03    0.00E+00    0.00E+00    1.82E-03
  20.00  1.966E+03    0.00E+00    0.00E+00    1.43E-03
  21.00  1.959E+03    0.00E+00    0.00E+00    1.13E-03
  22.00  1.948E+03    0.00E+00    0.00E+00    8.94E-04
  23.00  1.936E+03    0.00E+00    0.00E+00    7.16E-04
  24.00  1.921E+03    0.00E+00    0.00E+00    6.10E-04
  25.00  1.905E+03    0.00E+00    0.00E+00    4.90E-04
  26.00  1.892E+03    0.00E+00    0.00E+00    3.96E-04
  27.00  1.878E+03    0.00E+00    0.00E+00    3.18E-04
  28.00  1.866E+03    0.00E+00    0.00E+00    2.64E-04
  29.00  1.855E+03    0.00E+00    0.00E+00    2.14E-04
  30.00  1.843E+03    0.00E+00    0.00E+00    1.75E-04
  31.00  1.834E+03    0.00E+00    0.00E+00    1.43E-04
  32.00  1.823E+03    0.00E+00    0.00E+00    1.17E-04
  33.00  1.811E+03    0.00E+00    0.00E+00    9.63E-05
  34.00  1.799E+03    0.00E+00    0.00E+00    7.93E-05
  35.00  1.787E+03    0.00E+00    0.00E+00    6.86E-05
  36.00  1.775E+03    0.00E+00    0.00E+00    5.69E-05
  37.00  1.767E+03    0.00E+00    0.00E+00    4.68E-05
  38.00  1.756E+03    0.00E+00    0.00E+00    3.19E-05
  39.00  1.746E+03    0.00E+00    0.00E+00    2.66E-05
 Ebeam (MeV) Rx cs (mb) fiss cs (mb) capture cs (mb)

  Ebeam  Z   A   Total    grnd st  isomer1 isomer2  isomer1  isomer2  didl nolevs
  (MeV)           cs.      cs.      cs.     cs.     to total to total
  1.00  49 116 8.28E+01 0.00E+00 0.00E+00 0.00E+00 0.00E+00 0.00E+00   0   3
  2.00  49 116 8.70E+00 0.00E+00 0.00E+00 0.00E+00 0.00E+00 0.00E+00   0   3
  3.00  49 116 1.83E+00 0.00E+00 0.00E+00 0.00E+00 0.00E+00 0.00E+00   0   3
  4.00  49 116 6.56E-01 0.00E+00 0.00E+00 0.00E+00 0.00E+00 0.00E+00   0   3
  5.00  49 116 3.06E-01 0.00E+00 0.00E+00 0.00E+00 0.00E+00 0.00E+00   0   3
  6.00  49 116 1.62E-01 0.00E+00 0.00E+00 0.00E+00 0.00E+00 0.00E+00   0   3
  7.00  49 116 9.29E-02 0.00E+00 0.00E+00 0.00E+00 0.00E+00 0.00E+00   0   3
  8.00  49 116 5.67E-02 0.00E+00 0.00E+00 0.00E+00 0.00E+00 0.00E+00   0   3
  9.00  49 116 3.66E-02 0.00E+00 0.00E+00 0.00E+00 0.00E+00 0.00E+00   0   3
 10.00  49 116 2.46E-02 0.00E+00 0.00E+00 0.00E+00 0.00E+00 0.00E+00   0   3
 11.00  49 116 1.71E-02 0.00E+00 0.00E+00 0.00E+00 0.00E+00 0.00E+00   0   3
 12.00  49 116 1.34E-02 0.00E+00 0.00E+00 0.00E+00 0.00E+00 0.00E+00   0   3
 13.00  49 116 9.69E-03 0.00E+00 0.00E+00 0.00E+00 0.00E+00 0.00E+00   0   3
 14.00  49 116 7.11E-03 0.00E+00 0.00E+00 0.00E+00 0.00E+00 0.00E+00   0   3
 15.00  49 116 5.30E-03 0.00E+00 0.00E+00 0.00E+00 0.00E+00 0.00E+00   0   3
 16.00  49 116 3.97E-03 0.00E+00 0.00E+00 0.00E+00 0.00E+00 0.00E+00   0   3
 17.00  49 116 3.04E-03 0.00E+00 0.00E+00 0.00E+00 0.00E+00 0.00E+00   0   3
 18.00  49 116 2.34E-03 0.00E+00 0.00E+00 0.00E+00 0.00E+00 0.00E+00   0   3
 19.00  49 116 1.82E-03 0.00E+00 0.00E+00 0.00E+00 0.00E+00 0.00E+00   0   3
 20.00  49 116 1.43E-03 0.00E+00 0.00E+00 0.00E+00 0.00E+00 0.00E+00   0   3
 21.00  49 116 1.13E-03 0.00E+00 0.00E+00 0.00E+00 0.00E+00 0.00E+00   0   3
 22.00  49 116 8.94E-04 0.00E+00 0.00E+00 0.00E+00 0.00E+00 0.00E+00   0   3
 23.00  49 116 7.16E-04 0.00E+00 0.00E+00 0.00E+00 0.00E+00 0.00E+00   0   3
 24.00  49 116 6.10E-04 0.00E+00 0.00E+00 0.00E+00 0.00E+00 0.00E+00   0   3
 25.00  49 116 4.90E-04 0.00E+00 0.00E+00 0.00E+00 0.00E+00 0.00E+00   0   3
 26.00  49 116 3.96E-04 0.00E+00 0.00E+00 0.00E+00 0.00E+00 0.00E+00   0   3
 27.00  49 116 3.18E-04 0.00E+00 0.00E+00 0.00E+00 0.00E+00 0.00E+00   0   3
 28.00  49 116 2.64E-04 0.00E+00 0.00E+00 0.00E+00 0.00E+00 0.00E+00   0   3
 29.00  49 116 2.14E-04 0.00E+00 0.00E+00 0.00E+00 0.00E+00 0.00E+00   0   3
 30.00  49 116 1.75E-04 0.00E+00 0.00E+00 0.00E+00 0.00E+00 0.00E+00   0   3
 31.00  49 116 1.43E-04 0.00E+00 0.00E+00 0.00E+00 0.00E+00 0.00E+00   0   3
 32.00  49 116 1.17E-04 0.00E+00 0.00E+00 0.00E+00 0.00E+00 0.00E+00   0   3
 33.00  49 116 9.63E-05 0.00E+00 0.00E+00 0.00E+00 0.00E+00 0.00E+00   0   3
 34.00  49 116 7.93E-05 0.00E+00 0.00E+00 0.00E+00 0.00E+00 0.00E+00   0   3
 35.00  49 116 6.86E-05 0.00E+00 0.00E+00 0.00E+00 0.00E+00 0.00E+00   0   3
 36.00  49 116 5.69E-05 0.00E+00 0.00E+00 0.00E+00 0.00E+00 0.00E+00   0   3
 37.00  49 116 4.68E-05 0.00E+00 0.00E+00 0.00E+00 0.00E+00 0.00E+00   0   3
 38.00  49 116 3.19E-05 0.00E+00 0.00E+00 0.00E+00 0.00E+00 0.00E+00   0   3
 39.00  49 116 2.66E-05 0.00E+00 0.00E+00 0.00E+00 0.00E+00 0.00E+00   0   3
  1.00  49 115 2.55E+03 0.00E+00 0.00E+00          0.00E+00            0   2
  2.00  49 115 2.43E+03 0.00E+00 0.00E+00          0.00E+00            0   2
  3.00  49 115 2.35E+03 0.00E+00 0.00E+00          0.00E+00            0   2
  4.00  49 115 2.31E+03 0.00E+00 0.00E+00          0.00E+00            0   2
  5.00  49 115 2.30E+03 0.00E+00 0.00E+00          0.00E+00            0   2
  6.00  49 115 2.26E+03 0.00E+00 0.00E+00          0.00E+00            0   2
  7.00  49 115 2.21E+03 0.00E+00 0.00E+00          0.00E+00            0   2
  8.00  49 115 2.15E+03 0.00E+00 0.00E+00          0.00E+00            0   2
  9.00  49 115 2.10E+03 0.00E+00 0.00E+00          0.00E+00            0   2
 10.00  49 115 2.01E+03 0.00E+00 0.00E+00          0.00E+00            0   2
 11.00  49 115 1.41E+03 0.00E+00 0.00E+00          0.00E+00            0   2
 12.00  49 115 8.94E+02 0.00E+00 0.00E+00          0.00E+00            0   2
 13.00  49 115 5.88E+02 0.00E+00 0.00E+00          0.00E+00            0   2
 14.00  49 115 4.20E+02 0.00E+00 0.00E+00          0.00E+00            0   2
 15.00  49 115 3.21E+02 0.00E+00 0.00E+00          0.00E+00            0   2
 16.00  49 115 2.65E+02 0.00E+00 0.00E+00          0.00E+00            0   2
 17.00  49 115 2.25E+02 0.00E+00 0.00E+00          0.00E+00            0   2
 18.00  49 115 1.95E+02 0.00E+00 0.00E+00          0.00E+00            0   2
 19.00  49 115 1.77E+02 0.00E+00 0.00E+00          0.00E+00            0   2
 20.00  49 115 1.61E+02 0.00E+00 0.00E+00          0.00E+00            0   2
 21.00  49 115 1.49E+02 0.00E+00 0.00E+00          0.00E+00            0   2
 22.00  49 115 1.36E+02 0.00E+00 0.00E+00          0.00E+00            0   2
 23.00  49 115 1.27E+02 0.00E+00 0.00E+00          0.00E+00            0   2
 24.00  49 115 1.16E+02 0.00E+00 0.00E+00          0.00E+00            0   2
 25.00  49 115 1.07E+02 0.00E+00 0.00E+00          0.00E+00            0   2
 26.00  49 115 9.94E+01 0.00E+00 0.00E+00          0.00E+00            0   2
 27.00  49 115 9.22E+01 0.00E+00 0.00E+00          0.00E+00            0   2
 28.00  49 115 8.69E+01 0.00E+00 0.00E+00          0.00E+00            0   2
 29.00  49 115 8.03E+01 0.00E+00 0.00E+00          0.00E+00            0   2
 30.00  49 115 7.60E+01 0.00E+00 0.00E+00          0.00E+00            0   2
 31.00  49 115 7.06E+01 0.00E+00 0.00E+00          0.00E+00            0   2
 32.00  49 115 6.90E+01 0.00E+00 0.00E+00          0.00E+00            0   2
 33.00  49 115 6.53E+01 0.00E+00 0.00E+00          0.00E+00            0   2
 34.00  49 115 6.20E+01 0.00E+00 0.00E+00          0.00E+00            0   2
 35.00  49 115 5.78E+01 0.00E+00 0.00E+00          0.00E+00            0   2
 36.00  49 115 5.51E+01 0.00E+00 0.00E+00          0.00E+00            0   2
 37.00  49 115 5.28E+01 0.00E+00 0.00E+00          0.00E+00            0   2
 38.00  49 115 4.91E+01 0.00E+00 0.00E+00          0.00E+00            0   2
 39.00  49 115 4.56E+01 0.00E+00 0.00E+00          0.00E+00            0   2
 10.00  49 114 6.71E+01 0.00E+00 0.00E+00 0.00E+00 0.00E+00 0.00E+00   0   3
 11.00  49 114 6.43E+02 0.00E+00 0.00E+00 0.00E+00 0.00E+00 0.00E+00   0   3
 12.00  49 114 1.14E+03 0.00E+00 0.00E+00 0.00E+00 0.00E+00 0.00E+00   0   3
 13.00  49 114 1.42E+03 0.00E+00 0.00E+00 0.00E+00 0.00E+00 0.00E+00   0   3
 14.00  49 114 1.56E+03 0.00E+00 0.00E+00 0.00E+00 0.00E+00 0.00E+00   0   3
 15.00  49 114 1.63E+03 0.00E+00 0.00E+00 0.00E+00 0.00E+00 0.00E+00   0   3
 16.00  49 114 1.65E+03 0.00E+00 0.00E+00 0.00E+00 0.00E+00 0.00E+00   0   3
 17.00  49 114 1.66E+03 0.00E+00 0.00E+00 0.00E+00 0.00E+00 0.00E+00   0   3
 18.00  49 114 1.63E+03 0.00E+00 0.00E+00 0.00E+00 0.00E+00 0.00E+00   0   3
 19.00  49 114 1.47E+03 0.00E+00 0.00E+00 0.00E+00 0.00E+00 0.00E+00   0   3
 20.00  49 114 1.23E+03 0.00E+00 0.00E+00 0.00E+00 0.00E+00 0.00E+00   0   3
 21.00  49 114 9.76E+02 0.00E+00 0.00E+00 0.00E+00 0.00E+00 0.00E+00   0   3
 22.00  49 114 7.63E+02 0.00E+00 0.00E+00 0.00E+00 0.00E+00 0.00E+00   0   3
 23.00  49 114 5.97E+02 0.00E+00 0.00E+00 0.00E+00 0.00E+00 0.00E+00   0   3
 24.00  49 114 4.80E+02 0.00E+00 0.00E+00 0.00E+00 0.00E+00 0.00E+00   0   3
 25.00  49 114 3.97E+02 0.00E+00 0.00E+00 0.00E+00 0.00E+00 0.00E+00   0   3
 26.00  49 114 3.39E+02 0.00E+00 0.00E+00 0.00E+00 0.00E+00 0.00E+00   0   3
 27.00  49 114 3.01E+02 0.00E+00 0.00E+00 0.00E+00 0.00E+00 0.00E+00   0   3
 28.00  49 114 2.68E+02 0.00E+00 0.00E+00 0.00E+00 0.00E+00 0.00E+00   0   3
 29.00  49 114 2.44E+02 0.00E+00 0.00E+00 0.00E+00 0.00E+00 0.00E+00   0   3
 30.00  49 114 2.28E+02 0.00E+00 0.00E+00 0.00E+00 0.00E+00 0.00E+00   0   3
 31.00  49 114 2.11E+02 0.00E+00 0.00E+00 0.00E+00 0.00E+00 0.00E+00   0   3
 32.00  49 114 1.99E+02 0.00E+00 0.00E+00 0.00E+00 0.00E+00 0.00E+00   0   3
 33.00  49 114 1.89E+02 0.00E+00 0.00E+00 0.00E+00 0.00E+00 0.00E+00   0   3
 34.00  49 114 1.77E+02 0.00E+00 0.00E+00 0.00E+00 0.00E+00 0.00E+00   0   3
 35.00  49 114 1.69E+02 0.00E+00 0.00E+00 0.00E+00 0.00E+00 0.00E+00   0   3
 36.00  49 114 1.60E+02 0.00E+00 0.00E+00 0.00E+00 0.00E+00 0.00E+00   0   3
 37.00  49 114 1.54E+02 0.00E+00 0.00E+00 0.00E+00 0.00E+00 0.00E+00   0   3
 38.00  49 114 1.48E+02 0.00E+00 0.00E+00 0.00E+00 0.00E+00 0.00E+00   0   3
 39.00  49 114 1.44E+02 0.00E+00 0.00E+00 0.00E+00 0.00E+00 0.00E+00   0   3
  1.00  49 113 1.19E+02 0.00E+00 0.00E+00          0.00E+00            0   2
  2.00  49 113 1.09E+02 0.00E+00 0.00E+00          0.00E+00            0   2
  3.00  49 113 1.05E+02 0.00E+00 0.00E+00          0.00E+00            0   2
  4.00  49 113 1.02E+02 0.00E+00 0.00E+00          0.00E+00            0   2
  5.00  49 113 1.01E+02 0.00E+00 0.00E+00          0.00E+00            0   2
  6.00  49 113 9.99E+01 0.00E+00 0.00E+00          0.00E+00            0   2
  7.00  49 113 9.75E+01 0.00E+00 0.00E+00          0.00E+00            0   2
  8.00  49 113 9.50E+01 0.00E+00 0.00E+00          0.00E+00            0   2
  9.00  49 113 9.28E+01 0.00E+00 0.00E+00          0.00E+00            0   2
 10.00  49 113 9.14E+01 0.00E+00 0.00E+00          0.00E+00            0   2
 11.00  49 113 7.37E+01 0.00E+00 0.00E+00          0.00E+00            0   2
 12.00  49 113 4.78E+01 0.00E+00 0.00E+00          0.00E+00            0   2
 13.00  49 113 3.08E+01 0.00E+00 0.00E+00          0.00E+00            0   2
 14.00  49 113 2.09E+01 0.00E+00 0.00E+00          0.00E+00            0   2
 15.00  49 113 1.49E+01 0.00E+00 0.00E+00          0.00E+00            0   2
 16.00  49 113 1.24E+01 0.00E+00 0.00E+00          0.00E+00            0   2
 17.00  49 113 1.09E+01 0.00E+00 0.00E+00          0.00E+00            0   2
 18.00  49 113 3.85E+01 0.00E+00 0.00E+00          0.00E+00            0   2
 19.00  49 113 1.88E+02 0.00E+00 0.00E+00          0.00E+00            0   2
 20.00  49 113 4.25E+02 0.00E+00 0.00E+00          0.00E+00            0   2
 21.00  49 113 6.63E+02 0.00E+00 0.00E+00          0.00E+00            0   2
 22.00  49 113 8.61E+02 0.00E+00 0.00E+00          0.00E+00            0   2
 23.00  49 113 1.01E+03 0.00E+00 0.00E+00          0.00E+00            0   2
 24.00  49 113 1.10E+03 0.00E+00 0.00E+00          0.00E+00            0   2
 25.00  49 113 1.16E+03 0.00E+00 0.00E+00          0.00E+00            0   2
 26.00  49 113 1.20E+03 0.00E+00 0.00E+00          0.00E+00            0   2
 27.00  49 113 1.21E+03 0.00E+00 0.00E+00          0.00E+00            0   2
 28.00  49 113 1.22E+03 0.00E+00 0.00E+00          0.00E+00            0   2
 29.00  49 113 1.21E+03 0.00E+00 0.00E+00          0.00E+00            0   2
 30.00  49 113 1.15E+03 0.00E+00 0.00E+00          0.00E+00            0   2
 31.00  49 113 1.07E+03 0.00E+00 0.00E+00          0.00E+00            0   2
 32.00  49 113 9.59E+02 0.00E+00 0.00E+00          0.00E+00            0   2
 33.00  49 113 8.38E+02 0.00E+00 0.00E+00          0.00E+00            0   2
 34.00  49 113 7.25E+02 0.00E+00 0.00E+00          0.00E+00            0   2
 35.00  49 113 6.22E+02 0.00E+00 0.00E+00          0.00E+00            0   2
 36.00  49 113 5.37E+02 0.00E+00 0.00E+00          0.00E+00            0   2
 37.00  49 113 4.71E+02 0.00E+00 0.00E+00          0.00E+00            0   2
 38.00  49 113 4.05E+02 0.00E+00 0.00E+00          0.00E+00            0   2
 39.00  49 113 3.61E+02 0.00E+00 0.00E+00          0.00E+00            0   2
 11.00  49 112 1.62E+01 0.00E+00 1.71E-02          1.06E-03            0   2
 12.00  49 112 4.10E+01 0.00E+00 1.34E-02          3.26E-04            0   2
 13.00  49 112 5.65E+01 0.00E+00 9.69E-03          1.71E-04            0   2
 14.00  49 112 6.55E+01 0.00E+00 7.11E-03          1.09E-04            0   2
 15.00  49 112 6.96E+01 0.00E+00 5.30E-03          7.61E-05            0   2
 16.00  49 112 6.98E+01 0.00E+00 3.97E-03          5.68E-05            0   2
 17.00  49 112 6.96E+01 0.00E+00 3.04E-03          4.37E-05            0   2
 18.00  49 112 6.98E+01 0.00E+00 2.34E-03          3.35E-05            0   2
 19.00  49 112 6.81E+01 0.00E+00 1.82E-03          2.67E-05            0   2
 20.00  49 112 5.95E+01 0.00E+00 1.43E-03          2.40E-05            0   2
 21.00  49 112 5.02E+01 0.00E+00 1.13E-03          2.25E-05            0   2
 22.00  49 112 3.96E+01 0.00E+00 8.94E-04          2.26E-05            0   2
 23.00  49 112 3.21E+01 0.00E+00 7.16E-04          2.23E-05            0   2
 24.00  49 112 2.61E+01 0.00E+00 6.10E-04          2.34E-05            0   2
 25.00  49 112 1.96E+01 0.00E+00 4.90E-04          2.50E-05            0   2
 26.00  49 112 1.71E+01 0.00E+00 3.96E-04          2.32E-05            0   2
 27.00  49 112 1.35E+01 0.00E+00 3.18E-04          2.36E-05            0   2
 28.00  49 112 1.65E+01 0.00E+00 2.64E-04          1.60E-05            0   2
 29.00  49 112 3.36E+01 0.00E+00 2.14E-04          6.37E-06            0   2
 30.00  49 112 8.00E+01 0.00E+00 1.75E-04          2.18E-06            0   2
 31.00  49 112 1.59E+02 0.00E+00 1.43E-04          9.02E-07            0   2
 32.00  49 112 2.56E+02 0.00E+00 1.17E-04          4.58E-07            0   2
 33.00  49 112 3.58E+02 0.00E+00 9.63E-05          2.69E-07            0   2
 34.00  49 112 4.54E+02 0.00E+00 7.93E-05          1.75E-07            0   2
 35.00  49 112 5.35E+02 0.00E+00 6.86E-05          1.28E-07            0   2
 36.00  49 112 6.06E+02 0.00E+00 5.69E-05          9.40E-08            0   2
 37.00  49 112 6.52E+02 0.00E+00 4.68E-05          7.17E-08            0   2
 38.00  49 112 6.84E+02 0.00E+00 3.19E-05          4.67E-08            0   2
 39.00  49 112 6.95E+02 0.00E+00 2.66E-05          3.82E-08            0   2
 19.00  49 111 1.44E+00 1.77E+02 0.00E+00          0.00E+00            0   2
 20.00  49 111 8.53E+00 1.61E+02 0.00E+00          0.00E+00            0   2
 21.00  49 111 1.76E+01 1.49E+02 0.00E+00          0.00E+00            0   2
 22.00  49 111 2.75E+01 1.36E+02 0.00E+00          0.00E+00            0   2
 23.00  49 111 3.41E+01 1.27E+02 0.00E+00          0.00E+00            0   2
 24.00  49 111 3.99E+01 1.16E+02 0.00E+00          0.00E+00            0   2
 25.00  49 111 4.38E+01 1.07E+02 0.00E+00          0.00E+00            0   2
 26.00  49 111 4.59E+01 9.94E+01 0.00E+00          0.00E+00            0   2
 27.00  49 111 4.73E+01 9.22E+01 0.00E+00          0.00E+00            0   2
 28.00  49 111 4.78E+01 8.69E+01 0.00E+00          0.00E+00            0   2
 29.00  49 111 4.78E+01 8.03E+01 0.00E+00          0.00E+00            0   2
 30.00  49 111 4.78E+01 7.60E+01 0.00E+00          0.00E+00            0   2
 31.00  49 111 4.50E+01 7.06E+01 0.00E+00          0.00E+00            0   2
 32.00  49 111 4.07E+01 6.90E+01 0.00E+00          0.00E+00            0   2
 33.00  49 111 3.80E+01 6.53E+01 0.00E+00          0.00E+00            0   2
 34.00  49 111 3.31E+01 6.20E+01 0.00E+00          0.00E+00            0   2
 35.00  49 111 2.86E+01 5.78E+01 0.00E+00          0.00E+00            0   2
 36.00  49 111 2.49E+01 5.51E+01 0.00E+00          0.00E+00            0   2
 37.00  49 111 2.34E+01 5.28E+01 0.00E+00          0.00E+00            0   2
 38.00  49 111 2.73E+01 4.91E+01 0.00E+00          0.00E+00            0   2
 39.00  49 111 4.03E+01 4.56E+01 0.00E+00          0.00E+00            0   2
 29.00  49 110 9.27E-02 2.42E+02 2.03E+00          2.19E+01            0   2
 30.00  49 110 3.50E-01 2.26E+02 2.04E+00          5.82E+00            0   2
 31.00  49 110 1.69E+00 2.09E+02 2.00E+00          1.19E+00            0   2
 32.00  49 110 3.55E+00 1.98E+02 1.66E+00          4.66E-01            0   2
 33.00  49 110 6.23E+00 1.87E+02 1.65E+00          2.66E-01            0   2
 34.00  49 110 9.91E+00 1.76E+02 1.35E+00          1.36E-01            0   2
 35.00  49 110 1.29E+01 1.67E+02 1.22E+00          9.52E-02            0   2
 36.00  49 110 1.58E+01 1.59E+02 1.19E+00          7.56E-02            0   2
 37.00  49 110 1.80E+01 1.53E+02 1.31E+00          7.27E-02            0   2
 38.00  49 110 2.06E+01 1.47E+02 1.12E+00          5.42E-02            0   2
 39.00  49 110 2.16E+01 1.43E+02 1.05E+00          4.86E-02            0   2
 38.00  49 109 1.76E-02 5.18E+01 0.00E+00 3.53E+02 0.00E+00 2.01E+04   0   3
 39.00  49 109 6.99E-02 5.08E+01 0.00E+00 3.10E+02 0.00E+00 4.44E+03   0   3
  7.00  48 115 3.69E-01 0.00E+00 0.00E+00          0.00E+00            0   2
  8.00  48 115 1.21E+00 0.00E+00 0.00E+00          0.00E+00            0   2
  9.00  48 115 2.20E+00 0.00E+00 0.00E+00          0.00E+00            0   2
 10.00  48 115 5.70E+00 0.00E+00 0.00E+00          0.00E+00            0   2
 11.00  48 115 8.71E+00 0.00E+00 0.00E+00          0.00E+00            0   2
 12.00  48 115 1.42E+01 0.00E+00 0.00E+00          0.00E+00            0   2
 13.00  48 115 1.85E+01 0.00E+00 0.00E+00          0.00E+00            0   2
 14.00  48 115 2.32E+01 0.00E+00 0.00E+00          0.00E+00            0   2
 15.00  48 115 2.36E+01 0.00E+00 0.00E+00          0.00E+00            0   2
 16.00  48 115 2.45E+01 0.00E+00 0.00E+00          0.00E+00            0   2
 17.00  48 115 2.54E+01 0.00E+00 0.00E+00          0.00E+00            0   2
 18.00  48 115 2.59E+01 0.00E+00 0.00E+00          0.00E+00            0   2
 19.00  48 115 2.66E+01 0.00E+00 0.00E+00          0.00E+00            0   2
 20.00  48 115 2.40E+01 0.00E+00 0.00E+00          0.00E+00            0   2
 21.00  48 115 2.16E+01 0.00E+00 0.00E+00          0.00E+00            0   2
 22.00  48 115 2.26E+01 0.00E+00 0.00E+00          0.00E+00            0   2
 23.00  48 115 2.11E+01 0.00E+00 0.00E+00          0.00E+00            0   2
 24.00  48 115 2.03E+01 0.00E+00 0.00E+00          0.00E+00            0   2
 25.00  48 115 1.88E+01 0.00E+00 0.00E+00          0.00E+00            0   2
 26.00  48 115 1.83E+01 0.00E+00 0.00E+00          0.00E+00            0   2
 27.00  48 115 1.71E+01 0.00E+00 0.00E+00          0.00E+00            0   2
 28.00  48 115 1.61E+01 0.00E+00 0.00E+00          0.00E+00            0   2
 29.00  48 115 1.56E+01 0.00E+00 0.00E+00          0.00E+00            0   2
 30.00  48 115 1.36E+01 0.00E+00 0.00E+00          0.00E+00            0   2
 31.00  48 115 1.35E+01 0.00E+00 0.00E+00          0.00E+00            0   2
 32.00  48 115 1.23E+01 0.00E+00 0.00E+00          0.00E+00            0   2
 33.00  48 115 1.19E+01 0.00E+00 0.00E+00          0.00E+00            0   2
 34.00  48 115 1.16E+01 0.00E+00 0.00E+00          0.00E+00            0   2
 35.00  48 115 1.04E+01 0.00E+00 0.00E+00          0.00E+00            0   2
 36.00  48 115 1.14E+01 0.00E+00 0.00E+00          0.00E+00            0   2
 37.00  48 115 1.07E+01 0.00E+00 0.00E+00          0.00E+00            0   2
 38.00  48 115 1.03E+01 0.00E+00 0.00E+00          0.00E+00            0   2
 39.00  48 115 9.31E+00 0.00E+00 0.00E+00          0.00E+00            0   2
 11.00  48 114 6.47E-02                                                    1
 12.00  48 114 5.99E-01                                                    1
 13.00  48 114 2.91E+00                                                    1
 14.00  48 114 7.51E+00                                                    1
 15.00  48 114 1.33E+01                                                    1
 16.00  48 114 2.42E+01                                                    1
 17.00  48 114 3.47E+01                                                    1
 18.00  48 114 4.92E+01                                                    1
 19.00  48 114 6.07E+01                                                    1
 20.00  48 114 7.49E+01                                                    1
 21.00  48 114 9.00E+01                                                    1
 22.00  48 114 1.02E+02                                                    1
 23.00  48 114 1.13E+02                                                    1
 24.00  48 114 1.23E+02                                                    1
 25.00  48 114 1.27E+02                                                    1
 26.00  48 114 1.25E+02                                                    1
 27.00  48 114 1.21E+02                                                    1
 28.00  48 114 1.20E+02                                                    1
 29.00  48 114 1.18E+02                                                    1
 30.00  48 114 1.15E+02                                                    1
 31.00  48 114 1.10E+02                                                    1
 32.00  48 114 1.07E+02                                                    1
 33.00  48 114 1.05E+02                                                    1
 34.00  48 114 1.06E+02                                                    1
 35.00  48 114 1.02E+02                                                    1
 36.00  48 114 9.89E+01                                                    1
 37.00  48 114 9.90E+01                                                    1
 38.00  48 114 9.85E+01                                                    1
 39.00  48 114 9.54E+01                                                    1
  5.00  48 113 2.36E-02 0.00E+00 0.00E+00          0.00E+00            0   2
  6.00  48 113 6.99E-02 0.00E+00 0.00E+00          0.00E+00            0   2
  7.00  48 113 2.28E-01 0.00E+00 0.00E+00          0.00E+00            0   2
  8.00  48 113 3.11E-01 0.00E+00 0.00E+00          0.00E+00            0   2
  9.00  48 113 3.47E-01 0.00E+00 0.00E+00          0.00E+00            0   2
 10.00  48 113 4.50E-01 0.00E+00 0.00E+00          0.00E+00            0   2
 11.00  48 113 1.04E+00 0.00E+00 0.00E+00          0.00E+00            0   2
 12.00  48 113 1.30E+00 0.00E+00 0.00E+00          0.00E+00            0   2
 13.00  48 113 1.65E+00 0.00E+00 0.00E+00          0.00E+00            0   2
 14.00  48 113 1.31E+00 0.00E+00 0.00E+00          0.00E+00            0   2
 15.00  48 113 1.48E+00 0.00E+00 0.00E+00          0.00E+00            0   2
 16.00  48 113 1.87E+00 0.00E+00 0.00E+00          0.00E+00            0   2
 17.00  48 113 1.45E+00 0.00E+00 0.00E+00          0.00E+00            0   2
 18.00  48 113 1.76E+00 0.00E+00 0.00E+00          0.00E+00            0   2
 19.00  48 113 1.85E+00 0.00E+00 0.00E+00          0.00E+00            0   2
 20.00  48 113 1.84E+00 0.00E+00 0.00E+00          0.00E+00            0   2
 21.00  48 113 2.11E+00 0.00E+00 0.00E+00          0.00E+00            0   2
 22.00  48 113 3.09E+00 0.00E+00 0.00E+00          0.00E+00            0   2
 23.00  48 113 6.86E+00 0.00E+00 0.00E+00          0.00E+00            0   2
 24.00  48 113 1.26E+01 0.00E+00 0.00E+00          0.00E+00            0   2
 25.00  48 113 2.17E+01 0.00E+00 0.00E+00          0.00E+00            0   2
 26.00  48 113 3.64E+01 0.00E+00 0.00E+00          0.00E+00            0   2
 27.00  48 113 5.05E+01 0.00E+00 0.00E+00          0.00E+00            0   2
 28.00  48 113 6.50E+01 0.00E+00 0.00E+00          0.00E+00            0   2
 29.00  48 113 8.01E+01 0.00E+00 0.00E+00          0.00E+00            0   2
 30.00  48 113 9.57E+01 0.00E+00 0.00E+00          0.00E+00            0   2
 31.00  48 113 1.07E+02 0.00E+00 0.00E+00          0.00E+00            0   2
 32.00  48 113 1.14E+02 0.00E+00 0.00E+00          0.00E+00            0   2
 33.00  48 113 1.22E+02 0.00E+00 0.00E+00          0.00E+00            0   2
 34.00  48 113 1.22E+02 0.00E+00 0.00E+00          0.00E+00            0   2
 35.00  48 113 1.20E+02 0.00E+00 0.00E+00          0.00E+00            0   2
 36.00  48 113 1.18E+02 0.00E+00 0.00E+00          0.00E+00            0   2
 37.00  48 113 1.11E+02 0.00E+00 0.00E+00          0.00E+00            0   2
 38.00  48 113 1.06E+02 0.00E+00 0.00E+00          0.00E+00            0   2
 39.00  48 113 1.02E+02 0.00E+00 0.00E+00          0.00E+00            0   2
 11.00  48 112 2.12E-02                                                    1
 12.00  48 112 1.47E-01                                                    1
 13.00  48 112 6.48E-01                                                    1
 14.00  48 112 1.20E+00                                                    1
 15.00  48 112 2.01E+00                                                    1
 16.00  48 112 2.68E+00                                                    1
 17.00  48 112 4.14E+00                                                    1
 18.00  48 112 4.14E+00                                                    1
 19.00  48 112 5.79E+00                                                    1
 20.00  48 112 6.25E+00                                                    1
 21.00  48 112 7.21E+00                                                    1
 22.00  48 112 7.97E+00                                                    1
 23.00  48 112 8.31E+00                                                    1
 24.00  48 112 8.25E+00                                                    1
 25.00  48 112 9.25E+00                                                    1
 26.00  48 112 8.00E+00                                                    1
 27.00  48 112 9.41E+00                                                    1
 28.00  48 112 8.49E+00                                                    1
 29.00  48 112 9.51E+00                                                    1
 30.00  48 112 1.01E+01                                                    1
 31.00  48 112 1.43E+01                                                    1
 32.00  48 112 2.17E+01                                                    1
 33.00  48 112 3.23E+01                                                    1
 34.00  48 112 4.66E+01                                                    1
 35.00  48 112 6.57E+01                                                    1
 36.00  48 112 8.12E+01                                                    1
 37.00  48 112 1.02E+02                                                    1
 38.00  48 112 1.25E+02                                                    1
 39.00  48 112 1.46E+02                                                    1
 19.00  48 111 3.95E-02 0.00E+00 2.66E+01          6.73E+02            0   2
 20.00  48 111 3.93E-02 0.00E+00 2.40E+01          6.11E+02            0   2
 21.00  48 111 7.84E-02 0.00E+00 2.16E+01          2.76E+02            0   2
 22.00  48 111 2.34E-01 0.00E+00 2.26E+01          9.68E+01            0   2
 23.00  48 111 6.00E-01 0.00E+00 2.11E+01          3.52E+01            0   2
 24.00  48 111 1.02E+00 0.00E+00 2.03E+01          1.99E+01            0   2
 25.00  48 111 1.87E+00 0.00E+00 1.88E+01          1.01E+01            0   2
 26.00  48 111 3.03E+00 0.00E+00 1.83E+01          6.05E+00            0   2
 27.00  48 111 4.55E+00 0.00E+00 1.71E+01          3.76E+00            0   2
 28.00  48 111 4.63E+00 0.00E+00 1.61E+01          3.49E+00            0   2
 29.00  48 111 6.03E+00 0.00E+00 1.56E+01          2.59E+00            0   2
 30.00  48 111 6.34E+00 0.00E+00 1.36E+01          2.14E+00            0   2
 31.00  48 111 7.83E+00 0.00E+00 1.35E+01          1.72E+00            0   2
 32.00  48 111 7.98E+00 0.00E+00 1.23E+01          1.54E+00            0   2
 33.00  48 111 7.95E+00 0.00E+00 1.19E+01          1.49E+00            0   2
 34.00  48 111 7.54E+00 0.00E+00 1.16E+01          1.54E+00            0   2
 35.00  48 111 8.08E+00 0.00E+00 1.04E+01          1.29E+00            0   2
 36.00  48 111 8.34E+00 0.00E+00 1.14E+01          1.37E+00            0   2
 37.00  48 111 7.22E+00 0.00E+00 1.07E+01          1.49E+00            0   2
 38.00  48 111 7.45E+00 0.00E+00 1.03E+01          1.39E+00            0   2
 39.00  48 111 7.16E+00 0.00E+00 9.31E+00          1.30E+00            0   2
 24.00  48 110 1.92E-02                                                    1
 25.00  48 110 1.90E-02                                                    1
 26.00  48 110 1.89E-02                                                    1
 28.00  48 110 5.60E-02                                                    1
 29.00  48 110 1.48E-01                                                    1
 30.00  48 110 5.35E-01                                                    1
 31.00  48 110 1.38E+00                                                    1
 32.00  48 110 2.59E+00                                                    1
 33.00  48 110 4.22E+00                                                    1
 34.00  48 110 5.34E+00                                                    1
 35.00  48 110 6.84E+00                                                    1
 36.00  48 110 8.08E+00                                                    1
 37.00  48 110 9.43E+00                                                    1
 38.00  48 110 9.99E+00                                                    1
 39.00  48 110 1.14E+01                                                    1
 35.00  48 109 1.79E-02                                                    1
 36.00  48 109 3.55E-02                                                    1
 37.00  48 109 3.53E-02                                                    1
 38.00  48 109 8.78E-02                                                    1
 39.00  48 109 5.24E-02                                                    1
 31.00  47 114 1.86E-02                                                    1
 35.00  47 114 1.81E-02                                                    1
 36.00  47 114 1.80E-02                                                    1
 37.00  47 114 1.79E-02                                                    1
 39.00  47 114 1.77E-02                                                    1
 25.00  47 113 1.16E-01 0.00E+00 0.00E+00          0.00E+00            0   2
 26.00  47 113 9.59E-02 0.00E+00 0.00E+00          0.00E+00            0   2
 27.00  47 113 2.86E-01 0.00E+00 0.00E+00          0.00E+00            0   2
 28.00  47 113 3.41E-01 0.00E+00 0.00E+00          0.00E+00            0   2
 29.00  47 113 4.14E-01 0.00E+00 0.00E+00          0.00E+00            0   2
 30.00  47 113 7.67E-01 0.00E+00 0.00E+00          0.00E+00            0   2
 31.00  47 113 7.82E-01 0.00E+00 0.00E+00          0.00E+00            0   2
 32.00  47 113 7.22E-01 0.00E+00 0.00E+00          0.00E+00            0   2
 33.00  47 113 1.07E+00 0.00E+00 0.00E+00          0.00E+00            0   2
 34.00  47 113 1.15E+00 0.00E+00 0.00E+00          0.00E+00            0   2
 35.00  47 113 1.47E+00 0.00E+00 0.00E+00          0.00E+00            0   2
 36.00  47 113 1.46E+00 0.00E+00 0.00E+00          0.00E+00            0   2
 37.00  47 113 1.47E+00 0.00E+00 0.00E+00          0.00E+00            0   2
 38.00  47 113 1.89E+00 0.00E+00 0.00E+00          0.00E+00            0   2
 39.00  47 113 2.13E+00 0.00E+00 0.00E+00          0.00E+00            0   2
 11.00  47 112 6.47E-02                                                    1
 12.00  47 112 1.71E-01                                                    1
 13.00  47 112 4.25E-01                                                    1
 14.00  47 112 7.57E-01                                                    1
 15.00  47 112 1.12E+00                                                    1
 16.00  47 112 1.58E+00                                                    1
 17.00  47 112 1.53E+00                                                    1
 18.00  47 112 1.63E+00                                                    1
 19.00  47 112 1.18E+00                                                    1
 20.00  47 112 1.12E+00                                                    1
 21.00  47 112 8.36E-01                                                    1
 22.00  47 112 6.53E-01                                                    1
 23.00  47 112 4.71E-01                                                    1
 24.00  47 112 3.89E-01                                                    1
 25.00  47 112 4.05E-01                                                    1
 26.00  47 112 3.45E-01                                                    1
 27.00  47 112 4.76E-01                                                    1
 28.00  47 112 2.84E-01                                                    1
 29.00  47 112 2.45E-01                                                    1
 30.00  47 112 2.43E-01                                                    1
 31.00  47 112 1.68E-01                                                    1
 32.00  47 112 2.03E-01                                                    1
 33.00  47 112 2.57E-01                                                    1
 34.00  47 112 2.92E-01                                                    1
 35.00  47 112 5.26E-01                                                    1
 36.00  47 112 5.23E-01                                                    1
 37.00  47 112 7.89E-01                                                    1
 38.00  47 112 1.36E+00                                                    1
 39.00  47 112 1.37E+00                                                    1
 15.00  47 111 8.31E-02 0.00E+00 0.00E+00          0.00E+00            0   2
 16.00  47 111 4.10E-01 0.00E+00 0.00E+00          0.00E+00            0   2
 17.00  47 111 1.24E+00 0.00E+00 0.00E+00          0.00E+00            0   2
 18.00  47 111 2.08E+00 0.00E+00 0.00E+00          0.00E+00            0   2
 19.00  47 111 3.65E+00 0.00E+00 0.00E+00          0.00E+00            0   2
 20.00  47 111 6.25E+00 0.00E+00 0.00E+00          0.00E+00            0   2
 21.00  47 111 9.45E+00 0.00E+00 0.00E+00          0.00E+00            0   2
 22.00  47 111 1.11E+01 0.00E+00 0.00E+00          0.00E+00            0   2
 23.00  47 111 1.36E+01 0.00E+00 0.00E+00          0.00E+00            0   2
 24.00  47 111 1.85E+01 0.00E+00 0.00E+00          0.00E+00            0   2
 25.00  47 111 2.20E+01 0.00E+00 0.00E+00          0.00E+00            0   2
 26.00  47 111 2.48E+01 0.00E+00 0.00E+00          0.00E+00            0   2
 27.00  47 111 2.58E+01 0.00E+00 0.00E+00          0.00E+00            0   2
 28.00  47 111 2.41E+01 0.00E+00 0.00E+00          0.00E+00            0   2
 29.00  47 111 2.17E+01 0.00E+00 0.00E+00          0.00E+00            0   2
 30.00  47 111 1.77E+01 0.00E+00 0.00E+00          0.00E+00            0   2
 31.00  47 111 1.58E+01 0.00E+00 0.00E+00          0.00E+00            0   2
 32.00  47 111 1.33E+01 0.00E+00 0.00E+00          0.00E+00            0   2
 33.00  47 111 1.12E+01 0.00E+00 0.00E+00          0.00E+00            0   2
 34.00  47 111 8.65E+00 0.00E+00 0.00E+00          0.00E+00            0   2
 35.00  47 111 7.58E+00 0.00E+00 0.00E+00          0.00E+00            0   2
 36.00  47 111 5.94E+00 0.00E+00 0.00E+00          0.00E+00            0   2
 37.00  47 111 5.04E+00 0.00E+00 0.00E+00          0.00E+00            0   2
 38.00  47 111 4.49E+00 0.00E+00 0.00E+00          0.00E+00            0   2
 39.00  47 111 4.38E+00 0.00E+00 0.00E+00          0.00E+00            0   2
  9.00  47 110 2.17E-02 0.00E+00 0.00E+00          0.00E+00            0   2
 10.00  47 110 4.28E-02 0.00E+00 0.00E+00          0.00E+00            0   2
 11.00  47 110 4.24E-02 0.00E+00 0.00E+00          0.00E+00            0   2
 12.00  47 110 4.21E-02 0.00E+00 0.00E+00          0.00E+00            0   2
 13.00  47 110 1.46E-01 0.00E+00 0.00E+00          0.00E+00            0   2
 14.00  47 110 1.45E-01 0.00E+00 0.00E+00          0.00E+00            0   2
 15.00  47 110 8.22E-02 0.00E+00 0.00E+00          0.00E+00            0   2
 16.00  47 110 2.44E-01 0.00E+00 0.00E+00          0.00E+00            0   2
 17.00  47 110 2.01E-01 0.00E+00 0.00E+00          0.00E+00            0   2
 18.00  47 110 5.97E-02 0.00E+00 0.00E+00          0.00E+00            0   2
 19.00  47 110 9.88E-02 0.00E+00 0.00E+00          0.00E+00            0   2
 20.00  47 110 7.86E-02 0.00E+00 0.00E+00          0.00E+00            0   2
 21.00  47 110 3.92E-02 0.00E+00 0.00E+00          0.00E+00            0   2
 22.00  47 110 5.85E-02 0.00E+00 0.00E+00          0.00E+00            0   2
 23.00  47 110 3.87E-02 0.00E+00 0.00E+00          0.00E+00            0   2
 24.00  47 110 7.73E-02 0.00E+00 0.00E+00          0.00E+00            0   2
 25.00  47 110 4.43E-01 0.00E+00 0.00E+00          0.00E+00            0   2
 26.00  47 110 1.76E+00 0.00E+00 0.00E+00          0.00E+00            0   2
 27.00  47 110 4.55E+00 0.00E+00 0.00E+00          0.00E+00            0   2
 28.00  47 110 8.98E+00 0.00E+00 0.00E+00          0.00E+00            0   2
 29.00  47 110 1.52E+01 0.00E+00 0.00E+00          0.00E+00            0   2
 30.00  47 110 2.21E+01 0.00E+00 0.00E+00          0.00E+00            0   2
 31.00  47 110 2.86E+01 0.00E+00 1.86E-02          6.52E-04            0   2
 32.00  47 110 3.74E+01 0.00E+00 0.00E+00          0.00E+00            0   2
 33.00  47 110 4.27E+01 0.00E+00 0.00E+00          0.00E+00            0   2
 34.00  47 110 4.85E+01 0.00E+00 0.00E+00          0.00E+00            0   2
 35.00  47 110 5.46E+01 0.00E+00 1.81E-02          3.32E-04            0   2
 36.00  47 110 5.56E+01 0.00E+00 1.80E-02          3.25E-04            0   2
 37.00  47 110 5.15E+01 0.00E+00 1.79E-02          3.49E-04            0   2
 38.00  47 110 4.96E+01 0.00E+00 0.00E+00          0.00E+00            0   2
 39.00  47 110 4.22E+01 0.00E+00 1.77E-02          4.20E-04            0   2
 14.00  47 109 2.08E-02 0.00E+00 0.00E+00          0.00E+00            0   2
 16.00  47 109 1.22E-01 0.00E+00 0.00E+00          0.00E+00            0   2
 17.00  47 109 2.61E-01 0.00E+00 0.00E+00          0.00E+00            0   2
 18.00  47 109 4.18E-01 0.00E+00 0.00E+00          0.00E+00            0   2
 19.00  47 109 5.53E-01 0.00E+00 0.00E+00          0.00E+00            0   2
 20.00  47 109 8.85E-01 0.00E+00 0.00E+00          0.00E+00            0   2
 21.00  47 109 8.62E-01 0.00E+00 0.00E+00          0.00E+00            0   2
 22.00  47 109 1.15E+00 0.00E+00 0.00E+00          0.00E+00            0   2
 23.00  47 109 1.57E+00 0.00E+00 0.00E+00          0.00E+00            0   2
 24.00  47 109 1.61E+00 0.00E+00 0.00E+00          0.00E+00            0   2
 25.00  47 109 1.77E+00 0.00E+00 1.16E-01          6.54E-02            0   2
 26.00  47 109 1.78E+00 0.00E+00 9.59E-02          5.39E-02            0   2
 27.00  47 109 1.88E+00 0.00E+00 2.86E-01          1.52E-01            0   2
 28.00  47 109 1.83E+00 0.00E+00 3.41E-01          1.86E-01            0   2
 29.00  47 109 1.97E+00 0.00E+00 4.14E-01          2.11E-01            0   2
 30.00  47 109 1.46E+00 0.00E+00 7.67E-01          5.27E-01            0   2
 31.00  47 109 1.06E+00 0.00E+00 7.82E-01          7.35E-01            0   2
 32.00  47 109 1.11E+00 0.00E+00 7.22E-01          6.48E-01            0   2
 33.00  47 109 1.20E+00 0.00E+00 1.07E+00          8.87E-01            0   2
 34.00  47 109 2.40E+00 0.00E+00 1.15E+00          4.79E-01            0   2
 35.00  47 109 5.32E+00 0.00E+00 1.47E+00          2.76E-01            0   2
 36.00  47 109 1.08E+01 0.00E+00 1.46E+00          1.35E-01            0   2
 37.00  47 109 1.76E+01 0.00E+00 1.47E+00          8.38E-02            0   2
 38.00  47 109 2.74E+01 0.00E+00 1.89E+00          6.91E-02            0   2
 39.00  47 109 3.73E+01 0.00E+00 2.13E+00          5.70E-02            0   2
 25.00  47 108 1.90E-02 0.00E+00 4.05E-01          2.13E+01            0   2
 26.00  47 108 1.70E-01 0.00E+00 3.45E-01          2.03E+00            0   2
 27.00  47 108 3.94E-01 0.00E+00 4.76E-01          1.21E+00            0   2
 28.00  47 108 7.65E-01 0.00E+00 2.84E-01          3.71E-01            0   2
 29.00  47 108 1.13E+00 0.00E+00 2.45E-01          2.16E-01            0   2
 30.00  47 108 1.70E+00 0.00E+00 2.43E-01          1.43E-01            0   2
 31.00  47 108 2.22E+00 0.00E+00 1.68E-01          7.55E-02            0   2
 32.00  47 108 3.03E+00 0.00E+00 2.03E-01          6.72E-02            0   2
 33.00  47 108 3.15E+00 0.00E+00 2.57E-01          8.17E-02            0   2
 34.00  47 108 3.76E+00 0.00E+00 2.92E-01          7.77E-02            0   2
 35.00  47 108 3.86E+00 0.00E+00 5.26E-01          1.36E-01            0   2
 36.00  47 108 3.89E+00 0.00E+00 5.23E-01          1.35E-01            0   2
 37.00  47 108 3.96E+00 0.00E+00 7.89E-01          1.99E-01            0   2
 38.00  47 108 3.58E+00 0.00E+00 1.36E+00          3.78E-01            0   2
 39.00  47 108 3.04E+00 0.00E+00 1.37E+00          4.50E-01            0   2
 33.00  47 107 1.81E-02 0.00E+00 1.12E+01          6.17E+02            0   2
 34.00  47 107 9.00E-02 0.00E+00 8.65E+00          9.62E+01            0   2
 35.00  47 107 3.22E-01 0.00E+00 7.58E+00          2.36E+01            0   2
 36.00  47 107 7.10E-01 0.00E+00 5.94E+00          8.36E+00            0   2
 37.00  47 107 1.10E+00 0.00E+00 5.04E+00          4.60E+00            0   2
 38.00  47 107 1.53E+00 0.00E+00 4.49E+00          2.94E+00            0   2
 39.00  47 107 2.17E+00 0.00E+00 4.38E+00          2.02E+00            0   2
 28.00  46 111 5.68E-02 0.00E+00 0.00E+00          0.00E+00            0   2
 29.00  46 111 1.88E-02 0.00E+00 0.00E+00          0.00E+00            0   2
 30.00  46 111 1.87E-02 0.00E+00 0.00E+00          0.00E+00            0   2
 31.00  46 111 3.72E-02 0.00E+00 0.00E+00          0.00E+00            0   2
 32.00  46 111 3.70E-02 0.00E+00 0.00E+00          0.00E+00            0   2
 33.00  46 111 3.68E-02 0.00E+00 0.00E+00          0.00E+00            0   2
 34.00  46 111 5.48E-02 0.00E+00 0.00E+00          0.00E+00            0   2
 35.00  46 111 5.44E-02 0.00E+00 0.00E+00          0.00E+00            0   2
 36.00  46 111 1.26E-01 0.00E+00 0.00E+00          0.00E+00            0   2
 37.00  46 111 1.08E-01 0.00E+00 0.00E+00          0.00E+00            0   2
 38.00  46 111 8.92E-02 0.00E+00 0.00E+00          0.00E+00            0   2
 39.00  46 111 8.87E-02 0.00E+00 0.00E+00          0.00E+00            0   2
 29.00  46 110 1.88E-02                                                    1
 31.00  46 110 5.59E-02                                                    1
 32.00  46 110 1.30E-01                                                    1
 33.00  46 110 2.02E-01                                                    1
 34.00  46 110 2.37E-01                                                    1
 35.00  46 110 3.63E-01                                                    1
 36.00  46 110 6.86E-01                                                    1
 37.00  46 110 1.06E+00                                                    1
 38.00  46 110 1.61E+00                                                    1
 39.00  46 110 1.60E+00                                                    1
 27.00  46 109 1.88E-02 0.00E+00 0.00E+00          0.00E+00            0   2
 30.00  46 109 1.84E-02 0.00E+00 0.00E+00          0.00E+00            0   2
 32.00  46 109 1.82E-02 0.00E+00 0.00E+00          0.00E+00            0   2
 35.00  46 109 1.79E-02 0.00E+00 0.00E+00          0.00E+00            0   2
 38.00  46 109 3.54E-02 0.00E+00 0.00E+00          0.00E+00            0   2
 39.00  46 109 5.32E-02 0.00E+00 0.00E+00          0.00E+00            0   2
 30.00  46 108 1.84E-02                                                    1
 32.00  46 108 1.82E-02                                                    1
 33.00  46 108 5.43E-02                                                    1
 34.00  46 108 7.20E-02                                                    1
 35.00  46 108 1.07E-01                                                    1
 36.00  46 108 8.88E-02                                                    1
 37.00  46 108 1.94E-01                                                    1
 38.00  46 108 1.93E-01                                                    1
 39.00  46 108 2.44E-01                                                    1
 33.00  45 108 1.84E-02 0.00E+00 0.00E+00          0.00E+00            0   2
 34.00  45 108 1.83E-02 0.00E+00 0.00E+00          0.00E+00            0   2
 37.00  45 108 1.79E-02 0.00E+00 0.00E+00          0.00E+00            0   2
 33.00  45 107 1.84E-02                                                    1
 35.00  45 107 1.81E-02                                                    1
 36.00  45 107 5.41E-02                                                    1
 37.00  45 107 5.38E-02                                                    1
 38.00  45 107 1.43E-01                                                    1
 39.00  45 107 8.87E-02                                                    1
 32.00  45 106 1.82E-02 0.00E+00 0.00E+00          0.00E+00            0   2
 33.00  45 105 1.81E-02 0.00E+00 0.00E+00          0.00E+00            0   2
 35.00  45 105 1.79E-02 0.00E+00 0.00E+00          0.00E+00            0   2
 38.00  45 105 5.27E-02 0.00E+00 0.00E+00          0.00E+00            0   2
 39.00  45 105 1.75E-02 0.00E+00 0.00E+00          0.00E+00            0   2
  Ebeam =   1.0000000000000000      sumcs=   2750.7207413191095     
  Ebeam =   2.0000000000000000      sumcs=   2552.5594276457828     
  Ebeam =   3.0000000000000000      sumcs=   2455.7838406809346     
  Ebeam =   4.0000000000000000      sumcs=   2413.7741726848967     
  Ebeam =   5.0000000000000000      sumcs=   2405.4349433032694     
  Ebeam =   6.0000000000000000      sumcs=   2363.1397138463540     
  Ebeam =   7.0000000000000000      sumcs=   2305.2235087944564     
  Ebeam =   8.0000000000000000      sumcs=   2245.3937215181004     
  Ebeam =   9.0000000000000000      sumcs=   2199.1488837536244     
  Ebeam =   10.000000000000000      sumcs=   2173.5373115244010     
  Ebeam =   11.000000000000000      sumcs=   2153.7689288861052     
  Ebeam =   12.000000000000000      sumcs=   2137.4800318949492     
  Ebeam =   13.000000000000000      sumcs=   2123.6239943578548     
  Ebeam =   14.000000000000000      sumcs=   2102.3301740545426     
  Ebeam =   15.000000000000000      sumcs=   2077.0296065100160     
  Ebeam =   16.000000000000000      sumcs=   2051.1834986793338     
  Ebeam =   17.000000000000000      sumcs=   2032.6688896130363     
  Ebeam =   18.000000000000000      sumcs=   2016.4245985184491     
  Ebeam =   19.000000000000000      sumcs=   2004.8068456381086     
  Ebeam =   20.000000000000000      sumcs=   1995.3180422429086     
  Ebeam =   21.000000000000000      sumcs=   1988.3899148404471     
  Ebeam =   22.000000000000000      sumcs=   1976.3805048878860     
  Ebeam =   23.000000000000000      sumcs=   1961.6406895640398     
  Ebeam =   24.000000000000000      sumcs=   1945.3621711077744     
  Ebeam =   25.000000000000000      sumcs=   1929.1169361888765     
  Ebeam =   26.000000000000000      sumcs=   1917.2814134293778     
  Ebeam =   27.000000000000000      sumcs=   1904.5151379285803     
  Ebeam =   28.000000000000000      sumcs=   1892.9612313629711     
  Ebeam =   29.000000000000000      sumcs=   1881.8582540503189     
  Ebeam =   30.000000000000000      sumcs=   1870.4889478977836     
  Ebeam =   31.000000000000000      sumcs=   1861.2726974331961     
  Ebeam =   32.000000000000000      sumcs=   1849.2224796242845     
  Ebeam =   33.000000000000000      sumcs=   1836.8932335131242     
  Ebeam =   34.000000000000000      sumcs=   1824.6499518843598     
  Ebeam =   35.000000000000000      sumcs=   1812.7718961459511     
  Ebeam =   36.000000000000000      sumcs=   1803.5628536183842     
  Ebeam =   37.000000000000000      sumcs=   1793.1172494592777     
  Ebeam =   38.000000000000000      sumcs=   1782.8991947518984     
  Ebeam =   39.000000000000000      sumcs=   1772.8138659257586     
