
  An isotopic target is assumed:
  At# Mass# % abundance % uncertainty
  40  90 Zr   51.450000  0.400000
  40  91 Zr   11.220000  0.050000
  40  92 Zr   17.150000  0.080000
  40  94 Zr   17.380000  0.280000
  40  96 Zr    2.800000  0.090000
  ldopt set internally =           0
 Fermi gas level densities

   0.0000000000000000        1.0000000000000000        40.000000000000000        96.000000000000000                1           0  ZP,AP,ZT,AT,ISOT,LEVNO
 
 
1Neutrons on Zirconium                                                           
  Ebeam  Rx.cs used  Rx. cs algo fiss cs (mb) capture cs (mb)
   1.00  2.532E+03    0.00E+00    0.00E+00    3.53E-01
   2.00  2.368E+03    0.00E+00    0.00E+00    1.77E-02
   3.00  2.348E+03    0.00E+00    0.00E+00    4.11E-03
   4.00  2.244E+03    0.00E+00    0.00E+00    1.44E-03
   5.00  2.135E+03    0.00E+00    0.00E+00    6.63E-04
   6.00  2.066E+03    0.00E+00    0.00E+00    3.45E-04
   7.00  2.023E+03    0.00E+00    0.00E+00    2.02E-04
   8.00  2.000E+03    0.00E+00    0.00E+00    1.26E-04
   9.00  1.976E+03    0.00E+00    0.00E+00    8.36E-05
  10.00  1.950E+03    0.00E+00    0.00E+00    6.49E-05
  11.00  1.926E+03    0.00E+00    0.00E+00    4.51E-05
  12.00  1.898E+03    0.00E+00    0.00E+00    3.41E-05
  13.00  1.869E+03    0.00E+00    0.00E+00    2.52E-05
  14.00  1.845E+03    0.00E+00    0.00E+00    1.92E-05
  15.00  1.831E+03    0.00E+00    0.00E+00    1.49E-05
  16.00  1.819E+03    0.00E+00    0.00E+00    1.16E-05
  17.00  1.809E+03    0.00E+00    0.00E+00    8.98E-06
  18.00  1.800E+03    0.00E+00    0.00E+00    7.11E-06
  19.00  1.790E+03    0.00E+00    0.00E+00    5.69E-06
  20.00  1.775E+03    0.00E+00    0.00E+00    3.75E-06
  21.00  1.757E+03    0.00E+00    0.00E+00    2.92E-06
  22.00  1.740E+03    0.00E+00    0.00E+00    2.41E-06
  23.00  1.723E+03    0.00E+00    0.00E+00    1.96E-06
  24.00  1.711E+03    0.00E+00    0.00E+00    1.60E-06
  25.00  1.699E+03    0.00E+00    0.00E+00    1.34E-06
  26.00  1.688E+03    0.00E+00    0.00E+00    1.10E-06
  27.00  1.676E+03    0.00E+00    0.00E+00    9.29E-07
  28.00  1.665E+03    0.00E+00    0.00E+00    7.47E-07
  29.00  1.655E+03    0.00E+00    0.00E+00    6.26E-07
  30.00  1.643E+03    0.00E+00    0.00E+00    5.64E-07
  31.00  1.630E+03    0.00E+00    0.00E+00    4.72E-07
  32.00  1.618E+03    0.00E+00    0.00E+00    3.83E-07
  33.00  1.606E+03    0.00E+00    0.00E+00    3.20E-07
  34.00  1.595E+03    0.00E+00    0.00E+00    2.68E-07
  35.00  1.586E+03    0.00E+00    0.00E+00    2.24E-07
  36.00  1.576E+03    0.00E+00    0.00E+00    1.93E-07
  37.00  1.566E+03    0.00E+00    0.00E+00    1.61E-07
  38.00  1.556E+03    0.00E+00    0.00E+00    1.35E-07
  39.00  1.546E+03    0.00E+00    0.00E+00    1.18E-07
 Ebeam (MeV) Rx cs (mb) fiss cs (mb) capture cs (mb)

  Ebeam  Z   A   Total    grnd st  isomer1 isomer2  isomer1  isomer2  didl nolevs
  (MeV)           cs.      cs.      cs.     cs.     to total to total
  1.00  40  97 3.53E-01                                                    1
  2.00  40  97 1.77E-02                                                    1
  3.00  40  97 4.11E-03                                                    1
  4.00  40  97 1.44E-03                                                    1
  5.00  40  97 6.63E-04                                                    1
  6.00  40  97 3.45E-04                                                    1
  7.00  40  97 2.02E-04                                                    1
  8.00  40  97 1.26E-04                                                    1
  9.00  40  97 8.36E-05                                                    1
 10.00  40  97 6.49E-05                                                    1
 11.00  40  97 4.51E-05                                                    1
 12.00  40  97 3.41E-05                                                    1
 13.00  40  97 2.52E-05                                                    1
 14.00  40  97 1.92E-05                                                    1
 15.00  40  97 1.49E-05                                                    1
 16.00  40  97 1.16E-05                                                    1
 17.00  40  97 8.98E-06                                                    1
 18.00  40  97 7.11E-06                                                    1
 19.00  40  97 5.69E-06                                                    1
 20.00  40  97 3.75E-06                                                    1
 21.00  40  97 2.92E-06                                                    1
 22.00  40  97 2.41E-06                                                    1
 23.00  40  97 1.96E-06                                                    1
 24.00  40  97 1.60E-06                                                    1
 25.00  40  97 1.34E-06                                                    1
 26.00  40  97 1.10E-06                                                    1
 27.00  40  97 9.29E-07                                                    1
 28.00  40  97 7.47E-07                                                    1
 29.00  40  97 6.26E-07                                                    1
 30.00  40  97 5.64E-07                                                    1
 31.00  40  97 4.72E-07                                                    1
 32.00  40  97 3.83E-07                                                    1
 33.00  40  97 3.20E-07                                                    1
 34.00  40  97 2.68E-07                                                    1
 35.00  40  97 2.24E-07                                                    1
 36.00  40  97 1.93E-07                                                    1
 37.00  40  97 1.61E-07                                                    1
 38.00  40  97 1.35E-07                                                    1
 39.00  40  97 1.18E-07                                                    1
  1.00  40  96 7.64E+01                                                    1
  2.00  40  96 7.03E+01                                                    1
  3.00  40  96 6.77E+01                                                    1
  4.00  40  96 6.41E+01                                                    1
  5.00  40  96 6.21E+01                                                    1
  6.00  40  96 6.10E+01                                                    1
  7.00  40  96 6.02E+01                                                    1
  8.00  40  96 5.92E+01                                                    1
  9.00  40  96 5.34E+01                                                    1
 10.00  40  96 3.56E+01                                                    1
 11.00  40  96 2.25E+01                                                    1
 12.00  40  96 1.50E+01                                                    1
 13.00  40  96 1.13E+01                                                    1
 14.00  40  96 8.77E+00                                                    1
 15.00  40  96 7.67E+00                                                    1
 16.00  40  96 6.47E+00                                                    1
 17.00  40  96 5.59E+00                                                    1
 18.00  40  96 5.16E+00                                                    1
 19.00  40  96 4.55E+00                                                    1
 20.00  40  96 4.26E+00                                                    1
 21.00  40  96 3.92E+00                                                    1
 22.00  40  96 3.53E+00                                                    1
 23.00  40  96 3.44E+00                                                    1
 24.00  40  96 2.79E+00                                                    1
 25.00  40  96 2.82E+00                                                    1
 26.00  40  96 2.32E+00                                                    1
 27.00  40  96 2.13E+00                                                    1
 28.00  40  96 2.20E+00                                                    1
 29.00  40  96 1.89E+00                                                    1
 30.00  40  96 1.82E+00                                                    1
 31.00  40  96 1.79E+00                                                    1
 32.00  40  96 1.52E+00                                                    1
 33.00  40  96 1.74E+00                                                    1
 34.00  40  96 1.42E+00                                                    1
 35.00  40  96 2.02E+00                                                    1
 36.00  40  96 1.30E+00                                                    1
 37.00  40  96 1.34E+00                                                    1
 38.00  40  96 8.90E-01                                                    1
 39.00  40  96 9.84E-01                                                    1
  9.00  40  95 4.71E+00                                                    1
 10.00  40  95 2.14E+01                                                    1
 11.00  40  95 3.35E+01                                                    1
 12.00  40  95 4.04E+01                                                    1
 13.00  40  95 4.35E+01                                                    1
 14.00  40  95 4.57E+01                                                    1
 15.00  40  95 4.65E+01                                                    1
 16.00  40  95 4.67E+01                                                    1
 17.00  40  95 4.26E+01                                                    1
 18.00  40  95 3.67E+01                                                    1
 19.00  40  95 2.90E+01                                                    1
 20.00  40  95 2.33E+01                                                    1
 21.00  40  95 1.86E+01                                                    1
 22.00  40  95 1.46E+01                                                    1
 23.00  40  95 1.24E+01                                                    1
 24.00  40  95 1.11E+01                                                    1
 25.00  40  95 9.59E+00                                                    1
 26.00  40  95 8.38E+00                                                    1
 27.00  40  95 7.34E+00                                                    1
 28.00  40  95 7.36E+00                                                    1
 29.00  40  95 6.82E+00                                                    1
 30.00  40  95 5.88E+00                                                    1
 31.00  40  95 5.93E+00                                                    1
 32.00  40  95 5.24E+00                                                    1
 33.00  40  95 5.26E+00                                                    1
 34.00  40  95 4.94E+00                                                    1
 35.00  40  95 4.62E+00                                                    1
 36.00  40  95 3.99E+00                                                    1
 37.00  40  95 3.85E+00                                                    1
 38.00  40  95 4.02E+00                                                    1
 39.00  40  95 3.87E+00                                                    1
  1.00  40  94 4.67E+02                                                    1
  2.00  40  94 4.31E+02                                                    1
  3.00  40  94 4.18E+02                                                    1
  4.00  40  94 3.96E+02                                                    1
  5.00  40  94 3.80E+02                                                    1
  6.00  40  94 3.72E+02                                                    1
  7.00  40  94 3.66E+02                                                    1
  8.00  40  94 3.62E+02                                                    1
  9.00  40  94 3.55E+02                                                    1
 10.00  40  94 2.57E+02                                                    1
 11.00  40  94 1.64E+02                                                    1
 12.00  40  94 1.08E+02                                                    1
 13.00  40  94 7.17E+01                                                    1
 14.00  40  94 5.80E+01                                                    1
 15.00  40  94 4.65E+01                                                    1
 16.00  40  94 3.98E+01                                                    1
 17.00  40  94 4.02E+01                                                    1
 18.00  40  94 4.31E+01                                                    1
 19.00  40  94 4.58E+01                                                    1
 20.00  40  94 4.97E+01                                                    1
 21.00  40  94 5.15E+01                                                    1
 22.00  40  94 5.25E+01                                                    1
 23.00  40  94 5.31E+01                                                    1
 24.00  40  94 5.24E+01                                                    1
 25.00  40  94 5.28E+01                                                    1
 26.00  40  94 5.23E+01                                                    1
 27.00  40  94 4.83E+01                                                    1
 28.00  40  94 4.44E+01                                                    1
 29.00  40  94 4.16E+01                                                    1
 30.00  40  94 3.66E+01                                                    1
 31.00  40  94 3.28E+01                                                    1
 32.00  40  94 3.02E+01                                                    1
 33.00  40  94 2.71E+01                                                    1
 34.00  40  94 2.38E+01                                                    1
 35.00  40  94 2.03E+01                                                    1
 36.00  40  94 1.85E+01                                                    1
 37.00  40  94 1.81E+01                                                    1
 38.00  40  94 1.61E+01                                                    1
 39.00  40  94 1.60E+01                                                    1
  9.00  40  93 4.09E-02                                                    1
 10.00  40  93 9.22E+01                                                    1
 11.00  40  93 1.79E+02                                                    1
 12.00  40  93 2.30E+02                                                    1
 13.00  40  93 2.62E+02                                                    1
 14.00  40  93 2.72E+02                                                    1
 15.00  40  93 2.82E+02                                                    1
 16.00  40  93 2.86E+02                                                    1
 17.00  40  93 2.78E+02                                                    1
 18.00  40  93 2.45E+02                                                    1
 19.00  40  93 2.05E+02                                                    1
 20.00  40  93 1.60E+02                                                    1
 21.00  40  93 1.27E+02                                                    1
 22.00  40  93 1.01E+02                                                    1
 23.00  40  93 8.17E+01                                                    1
 24.00  40  93 6.92E+01                                                    1
 25.00  40  93 6.06E+01                                                    1
 26.00  40  93 5.47E+01                                                    1
 27.00  40  93 5.11E+01                                                    1
 28.00  40  93 4.97E+01                                                    1
 29.00  40  93 4.88E+01                                                    1
 30.00  40  93 4.99E+01                                                    1
 31.00  40  93 4.93E+01                                                    1
 32.00  40  93 5.16E+01                                                    1
 33.00  40  93 5.04E+01                                                    1
 34.00  40  93 5.15E+01                                                    1
 35.00  40  93 5.18E+01                                                    1
 36.00  40  93 5.21E+01                                                    1
 37.00  40  93 4.84E+01                                                    1
 38.00  40  93 4.66E+01                                                    1
 39.00  40  93 4.26E+01                                                    1
  1.00  40  92 4.48E+02                                                    1
  2.00  40  92 4.17E+02                                                    1
  3.00  40  92 4.09E+02                                                    1
  4.00  40  92 3.88E+02                                                    1
  5.00  40  92 3.71E+02                                                    1
  6.00  40  92 3.60E+02                                                    1
  7.00  40  92 3.54E+02                                                    1
  8.00  40  92 3.50E+02                                                    1
  9.00  40  92 3.44E+02                                                    1
 10.00  40  92 2.99E+02                                                    1
 11.00  40  92 1.91E+02                                                    1
 12.00  40  92 1.21E+02                                                    1
 13.00  40  92 8.24E+01                                                    1
 14.00  40  92 6.20E+01                                                    1
 15.00  40  92 4.92E+01                                                    1
 16.00  40  92 4.24E+01                                                    1
 17.00  40  92 4.50E+01                                                    1
 18.00  40  92 7.16E+01                                                    1
 19.00  40  92 1.11E+02                                                    1
 20.00  40  92 1.50E+02                                                    1
 21.00  40  92 1.77E+02                                                    1
 22.00  40  92 1.99E+02                                                    1
 23.00  40  92 2.16E+02                                                    1
 24.00  40  92 2.23E+02                                                    1
 25.00  40  92 2.28E+02                                                    1
 26.00  40  92 2.29E+02                                                    1
 27.00  40  92 2.30E+02                                                    1
 28.00  40  92 2.19E+02                                                    1
 29.00  40  92 2.04E+02                                                    1
 30.00  40  92 1.84E+02                                                    1
 31.00  40  92 1.63E+02                                                    1
 32.00  40  92 1.39E+02                                                    1
 33.00  40  92 1.24E+02                                                    1
 34.00  40  92 1.07E+02                                                    1
 35.00  40  92 9.55E+01                                                    1
 36.00  40  92 8.34E+01                                                    1
 37.00  40  92 7.85E+01                                                    1
 38.00  40  92 7.27E+01                                                    1
 39.00  40  92 6.92E+01                                                    1
  1.00  40  91 2.89E+02                                                    1
  2.00  40  91 2.69E+02                                                    1
  3.00  40  91 2.66E+02                                                    1
  4.00  40  91 2.53E+02                                                    1
  5.00  40  91 2.41E+02                                                    1
  6.00  40  91 2.34E+02                                                    1
  7.00  40  91 2.29E+02                                                    1
  8.00  40  91 2.26E+02                                                    1
  9.00  40  91 1.59E+02                                                    1
 10.00  40  91 1.33E+02                                                    1
 11.00  40  91 1.98E+02                                                    1
 12.00  40  91 2.42E+02                                                    1
 13.00  40  91 2.65E+02                                                    1
 14.00  40  91 2.74E+02                                                    1
 15.00  40  91 2.81E+02                                                    1
 16.00  40  91 2.82E+02                                                    1
 17.00  40  91 2.84E+02                                                    1
 18.00  40  91 2.71E+02                                                    1
 19.00  40  91 2.38E+02                                                    1
 20.00  40  91 1.99E+02                                                    1
 21.00  40  91 1.60E+02                                                    1
 22.00  40  91 1.31E+02                                                    1
 23.00  40  91 1.02E+02                                                    1
 24.00  40  91 8.56E+01                                                    1
 25.00  40  91 7.17E+01                                                    1
 26.00  40  91 6.62E+01                                                    1
 27.00  40  91 6.08E+01                                                    1
 28.00  40  91 6.70E+01                                                    1
 29.00  40  91 7.56E+01                                                    1
 30.00  40  91 9.08E+01                                                    1
 31.00  40  91 1.08E+02                                                    1
 32.00  40  91 1.26E+02                                                    1
 33.00  40  91 1.40E+02                                                    1
 34.00  40  91 1.52E+02                                                    1
 35.00  40  91 1.57E+02                                                    1
 36.00  40  91 1.66E+02                                                    1
 37.00  40  91 1.66E+02                                                    1
 38.00  40  91 1.62E+02                                                    1
 39.00  40  91 1.53E+02                                                    1
  1.00  40  90 1.30E+03 0.00E+00 0.00E+00          0.00E+00            0   2
  2.00  40  90 1.22E+03 0.00E+00 0.00E+00          0.00E+00            0   2
  3.00  40  90 1.21E+03 0.00E+00 0.00E+00          0.00E+00            0   2
  4.00  40  90 1.15E+03 0.00E+00 0.00E+00          0.00E+00            0   2
  5.00  40  90 1.10E+03 0.00E+00 0.00E+00          0.00E+00            0   2
  6.00  40  90 1.06E+03 0.00E+00 0.00E+00          0.00E+00            0   2
  7.00  40  90 1.04E+03 0.00E+00 0.00E+00          0.00E+00            0   2
  8.00  40  90 1.03E+03 0.00E+00 0.00E+00          0.00E+00            0   2
  9.00  40  90 1.07E+03 0.00E+00 0.00E+00          0.00E+00            0   2
 10.00  40  90 1.12E+03 0.00E+00 0.00E+00          0.00E+00            0   2
 11.00  40  90 1.14E+03 0.00E+00 0.00E+00          0.00E+00            0   2
 12.00  40  90 1.14E+03 0.00E+00 0.00E+00          0.00E+00            0   2
 13.00  40  90 1.04E+03 0.00E+00 0.00E+00          0.00E+00            0   2
 14.00  40  90 7.85E+02 0.00E+00 0.00E+00          0.00E+00            0   2
 15.00  40  90 5.97E+02 0.00E+00 0.00E+00          0.00E+00            0   2
 16.00  40  90 4.73E+02 0.00E+00 0.00E+00          0.00E+00            0   2
 17.00  40  90 4.06E+02 0.00E+00 0.00E+00          0.00E+00            0   2
 18.00  40  90 3.74E+02 0.00E+00 0.00E+00          0.00E+00            0   2
 19.00  40  90 3.71E+02 0.00E+00 0.00E+00          0.00E+00            0   2
 20.00  40  90 3.85E+02 0.00E+00 0.00E+00          0.00E+00            0   2
 21.00  40  90 4.01E+02 0.00E+00 0.00E+00          0.00E+00            0   2
 22.00  40  90 3.96E+02 0.00E+00 0.00E+00          0.00E+00            0   2
 23.00  40  90 3.89E+02 0.00E+00 0.00E+00          0.00E+00            0   2
 24.00  40  90 3.72E+02 0.00E+00 0.00E+00          0.00E+00            0   2
 25.00  40  90 3.58E+02 0.00E+00 0.00E+00          0.00E+00            0   2
 26.00  40  90 3.37E+02 0.00E+00 0.00E+00          0.00E+00            0   2
 27.00  40  90 3.26E+02 0.00E+00 0.00E+00          0.00E+00            0   2
 28.00  40  90 3.11E+02 0.00E+00 0.00E+00          0.00E+00            0   2
 29.00  40  90 3.04E+02 0.00E+00 0.00E+00          0.00E+00            0   2
 30.00  40  90 2.92E+02 0.00E+00 0.00E+00          0.00E+00            0   2
 31.00  40  90 2.83E+02 0.00E+00 0.00E+00          0.00E+00            0   2
 32.00  40  90 2.69E+02 0.00E+00 0.00E+00          0.00E+00            0   2
 33.00  40  90 2.50E+02 0.00E+00 0.00E+00          0.00E+00            0   2
 34.00  40  90 2.34E+02 0.00E+00 0.00E+00          0.00E+00            0   2
 35.00  40  90 2.15E+02 0.00E+00 0.00E+00          0.00E+00            0   2
 36.00  40  90 1.96E+02 0.00E+00 0.00E+00          0.00E+00            0   2
 37.00  40  90 1.82E+02 0.00E+00 0.00E+00          0.00E+00            0   2
 38.00  40  90 1.72E+02 0.00E+00 0.00E+00          0.00E+00            0   2
 39.00  40  90 1.70E+02 0.00E+00 0.00E+00          0.00E+00            0   2
 12.00  40  89 9.49E-02 0.00E+00 0.00E+00          0.00E+00            0   2
 13.00  40  89 7.62E+01 0.00E+00 0.00E+00          0.00E+00            0   2
 14.00  40  89 3.00E+02 0.00E+00 0.00E+00          0.00E+00            0   2
 15.00  40  89 4.60E+02 0.00E+00 0.00E+00          0.00E+00            0   2
 16.00  40  89 5.60E+02 0.00E+00 0.00E+00          0.00E+00            0   2
 17.00  40  89 6.02E+02 0.00E+00 0.00E+00          0.00E+00            0   2
 18.00  40  89 6.26E+02 0.00E+00 0.00E+00          0.00E+00            0   2
 19.00  40  89 6.41E+02 0.00E+00 0.00E+00          0.00E+00            0   2
 20.00  40  89 6.38E+02 0.00E+00 0.00E+00          0.00E+00            0   2
 21.00  40  89 6.38E+02 0.00E+00 0.00E+00          0.00E+00            0   2
 22.00  40  89 6.43E+02 0.00E+00 0.00E+00          0.00E+00            0   2
 23.00  40  89 6.46E+02 0.00E+00 0.00E+00          0.00E+00            0   2
 24.00  40  89 6.29E+02 0.00E+00 0.00E+00          0.00E+00            0   2
 25.00  40  89 5.77E+02 0.00E+00 0.00E+00          0.00E+00            0   2
 26.00  40  89 5.12E+02 0.00E+00 0.00E+00          0.00E+00            0   2
 27.00  40  89 4.43E+02 0.00E+00 0.00E+00          0.00E+00            0   2
 28.00  40  89 3.87E+02 0.00E+00 0.00E+00          0.00E+00            0   2
 29.00  40  89 3.42E+02 0.00E+00 0.00E+00          0.00E+00            0   2
 30.00  40  89 3.08E+02 0.00E+00 0.00E+00          0.00E+00            0   2
 31.00  40  89 2.80E+02 0.00E+00 0.00E+00          0.00E+00            0   2
 32.00  40  89 2.64E+02 0.00E+00 0.00E+00          0.00E+00            0   2
 33.00  40  89 2.55E+02 0.00E+00 0.00E+00          0.00E+00            0   2
 34.00  40  89 2.45E+02 0.00E+00 0.00E+00          0.00E+00            0   2
 35.00  40  89 2.42E+02 0.00E+00 0.00E+00          0.00E+00            0   2
 36.00  40  89 2.43E+02 0.00E+00 0.00E+00          0.00E+00            0   2
 37.00  40  89 2.36E+02 0.00E+00 0.00E+00          0.00E+00            0   2
 38.00  40  89 2.33E+02 0.00E+00 0.00E+00          0.00E+00            0   2
 39.00  40  89 2.26E+02 0.00E+00 0.00E+00          0.00E+00            0   2
 20.00  40  88 1.24E-01                                                    1
 21.00  40  88 1.41E-01                                                    1
 22.00  40  88 5.22E-01                                                    1
 23.00  40  88 4.86E+00                                                    1
 24.00  40  88 3.52E+01                                                    1
 25.00  40  88 9.23E+01                                                    1
 26.00  40  88 1.60E+02                                                    1
 27.00  40  88 2.21E+02                                                    1
 28.00  40  88 2.65E+02                                                    1
 29.00  40  88 3.01E+02                                                    1
 30.00  40  88 3.21E+02                                                    1
 31.00  40  88 3.38E+02                                                    1
 32.00  40  88 3.45E+02                                                    1
 33.00  40  88 3.53E+02                                                    1
 34.00  40  88 3.54E+02                                                    1
 35.00  40  88 3.61E+02                                                    1
 36.00  40  88 3.58E+02                                                    1
 37.00  40  88 3.53E+02                                                    1
 38.00  40  88 3.39E+02                                                    1
 39.00  40  88 3.24E+02                                                    1
 32.00  40  87 1.62E-02 0.00E+00 0.00E+00          0.00E+00            0   2
 33.00  40  87 8.03E-02 0.00E+00 0.00E+00          0.00E+00            0   2
 34.00  40  87 9.57E-02 0.00E+00 0.00E+00          0.00E+00            0   2
 35.00  40  87 1.43E-01 0.00E+00 0.00E+00          0.00E+00            0   2
 36.00  40  87 1.12E+00 0.00E+00 0.00E+00          0.00E+00            0   2
 37.00  40  87 3.96E+00 0.00E+00 0.00E+00          0.00E+00            0   2
 38.00  40  87 1.15E+01 0.00E+00 0.00E+00          0.00E+00            0   2
 39.00  40  87 2.26E+01 0.00E+00 0.00E+00          0.00E+00            0   2
 13.00  39  96 1.96E-02 0.00E+00 0.00E+00          0.00E+00            0   2
 14.00  39  96 3.90E-02 0.00E+00 0.00E+00          0.00E+00            0   2
 15.00  39  96 7.76E-02 0.00E+00 0.00E+00          0.00E+00            0   2
 16.00  39  96 1.54E-01 0.00E+00 0.00E+00          0.00E+00            0   2
 17.00  39  96 1.15E-01 0.00E+00 0.00E+00          0.00E+00            0   2
 18.00  39  96 3.04E-01 0.00E+00 0.00E+00          0.00E+00            0   2
 19.00  39  96 3.38E-01 0.00E+00 0.00E+00          0.00E+00            0   2
 20.00  39  96 3.35E-01 0.00E+00 0.00E+00          0.00E+00            0   2
 21.00  39  96 3.32E-01 0.00E+00 0.00E+00          0.00E+00            0   2
 22.00  39  96 3.29E-01 0.00E+00 0.00E+00          0.00E+00            0   2
 23.00  39  96 3.82E-01 0.00E+00 0.00E+00          0.00E+00            0   2
 24.00  39  96 3.98E-01 0.00E+00 0.00E+00          0.00E+00            0   2
 25.00  39  96 3.60E-01 0.00E+00 0.00E+00          0.00E+00            0   2
 26.00  39  96 2.86E-01 0.00E+00 0.00E+00          0.00E+00            0   2
 27.00  39  96 3.37E-01 0.00E+00 0.00E+00          0.00E+00            0   2
 28.00  39  96 4.23E-01 0.00E+00 0.00E+00          0.00E+00            0   2
 29.00  39  96 2.45E-01 0.00E+00 0.00E+00          0.00E+00            0   2
 30.00  39  96 2.43E-01 0.00E+00 0.00E+00          0.00E+00            0   2
 31.00  39  96 3.62E-01 0.00E+00 0.00E+00          0.00E+00            0   2
 32.00  39  96 3.08E-01 0.00E+00 0.00E+00          0.00E+00            0   2
 33.00  39  96 2.89E-01 0.00E+00 0.00E+00          0.00E+00            0   2
 34.00  39  96 1.69E-01 0.00E+00 0.00E+00          0.00E+00            0   2
 35.00  39  96 1.85E-01 0.00E+00 0.00E+00          0.00E+00            0   2
 36.00  39  96 2.17E-01 0.00E+00 0.00E+00          0.00E+00            0   2
 37.00  39  96 1.49E-01 0.00E+00 0.00E+00          0.00E+00            0   2
 38.00  39  96 1.65E-01 0.00E+00 0.00E+00          0.00E+00            0   2
 39.00  39  96 1.48E-01 0.00E+00 0.00E+00          0.00E+00            0   2
 17.00  39  95 5.74E-02                                                    1
 18.00  39  95 3.80E-02                                                    1
 19.00  39  95 1.31E-01                                                    1
 20.00  39  95 2.79E-01                                                    1
 21.00  39  95 3.87E-01                                                    1
 22.00  39  95 5.85E-01                                                    1
 23.00  39  95 8.19E-01                                                    1
 24.00  39  95 9.41E-01                                                    1
 25.00  39  95 1.21E+00                                                    1
 26.00  39  95 1.41E+00                                                    1
 27.00  39  95 1.35E+00                                                    1
 28.00  39  95 1.50E+00                                                    1
 29.00  39  95 1.56E+00                                                    1
 30.00  39  95 1.53E+00                                                    1
 31.00  39  95 1.52E+00                                                    1
 32.00  39  95 1.44E+00                                                    1
 33.00  39  95 1.75E+00                                                    1
 34.00  39  95 1.76E+00                                                    1
 35.00  39  95 1.80E+00                                                    1
 36.00  39  95 2.05E+00                                                    1
 37.00  39  95 1.84E+00                                                    1
 38.00  39  95 1.85E+00                                                    1
 39.00  39  95 1.49E+00                                                    1
 10.00  39  94 8.04E-02                                                    1
 11.00  39  94 2.77E-01                                                    1
 12.00  39  94 3.12E-01                                                    1
 13.00  39  94 6.55E-01                                                    1
 14.00  39  94 1.34E+00                                                    1
 15.00  39  94 1.64E+00                                                    1
 16.00  39  94 2.73E+00                                                    1
 17.00  39  94 2.77E+00                                                    1
 18.00  39  94 3.48E+00                                                    1
 19.00  39  94 3.63E+00                                                    1
 20.00  39  94 3.76E+00                                                    1
 21.00  39  94 3.65E+00                                                    1
 22.00  39  94 3.78E+00                                                    1
 23.00  39  94 3.31E+00                                                    1
 24.00  39  94 2.99E+00                                                    1
 25.00  39  94 2.79E+00                                                    1
 26.00  39  94 2.88E+00                                                    1
 27.00  39  94 2.83E+00                                                    1
 28.00  39  94 2.98E+00                                                    1
 29.00  39  94 3.18E+00                                                    1
 30.00  39  94 3.03E+00                                                    1
 31.00  39  94 3.35E+00                                                    1
 32.00  39  94 2.80E+00                                                    1
 33.00  39  94 3.11E+00                                                    1
 34.00  39  94 3.13E+00                                                    1
 35.00  39  94 2.91E+00                                                    1
 36.00  39  94 3.14E+00                                                    1
 37.00  39  94 3.21E+00                                                    1
 38.00  39  94 2.97E+00                                                    1
 39.00  39  94 3.42E+00                                                    1
 14.00  39  93 3.82E-02 0.00E+00 0.00E+00          0.00E+00            0   2
 15.00  39  93 7.61E-02 0.00E+00 0.00E+00          0.00E+00            0   2
 16.00  39  93 4.74E-01 0.00E+00 0.00E+00          0.00E+00            0   2
 17.00  39  93 7.15E-01 0.00E+00 0.00E+00          0.00E+00            0   2
 18.00  39  93 1.55E+00 0.00E+00 0.00E+00          0.00E+00            0   2
 19.00  39  93 2.48E+00 0.00E+00 0.00E+00          0.00E+00            0   2
 20.00  39  93 3.83E+00 0.00E+00 0.00E+00          0.00E+00            0   2
 21.00  39  93 5.17E+00 0.00E+00 0.00E+00          0.00E+00            0   2
 22.00  39  93 6.28E+00 0.00E+00 0.00E+00          0.00E+00            0   2
 23.00  39  93 7.53E+00 0.00E+00 0.00E+00          0.00E+00            0   2
 24.00  39  93 9.19E+00 0.00E+00 0.00E+00          0.00E+00            0   2
 25.00  39  93 1.03E+01 0.00E+00 0.00E+00          0.00E+00            0   2
 26.00  39  93 1.15E+01 0.00E+00 0.00E+00          0.00E+00            0   2
 27.00  39  93 1.19E+01 0.00E+00 0.00E+00          0.00E+00            0   2
 28.00  39  93 1.29E+01 0.00E+00 0.00E+00          0.00E+00            0   2
 29.00  39  93 1.28E+01 0.00E+00 0.00E+00          0.00E+00            0   2
 30.00  39  93 1.33E+01 0.00E+00 0.00E+00          0.00E+00            0   2
 31.00  39  93 1.29E+01 0.00E+00 0.00E+00          0.00E+00            0   2
 32.00  39  93 1.28E+01 0.00E+00 0.00E+00          0.00E+00            0   2
 33.00  39  93 1.29E+01 0.00E+00 0.00E+00          0.00E+00            0   2
 34.00  39  93 1.33E+01 0.00E+00 0.00E+00          0.00E+00            0   2
 35.00  39  93 1.33E+01 0.00E+00 0.00E+00          0.00E+00            0   2
 36.00  39  93 1.27E+01 0.00E+00 0.00E+00          0.00E+00            0   2
 37.00  39  93 1.27E+01 0.00E+00 0.00E+00          0.00E+00            0   2
 38.00  39  93 1.32E+01 0.00E+00 0.00E+00          0.00E+00            0   2
 39.00  39  93 1.39E+01 0.00E+00 0.00E+00          0.00E+00            0   2
  7.00  39  92 2.06E-02                                                    1
  8.00  39  92 1.02E-01                                                    1
  9.00  39  92 2.21E-01                                                    1
 10.00  39  92 4.56E-01                                                    1
 11.00  39  92 9.96E-01                                                    1
 12.00  39  92 1.75E+00                                                    1
 13.00  39  92 1.95E+00                                                    1
 14.00  39  92 2.66E+00                                                    1
 15.00  39  92 3.94E+00                                                    1
 16.00  39  92 4.40E+00                                                    1
 17.00  39  92 5.02E+00                                                    1
 18.00  39  92 4.66E+00                                                    1
 19.00  39  92 4.74E+00                                                    1
 20.00  39  92 4.71E+00                                                    1
 21.00  39  92 4.25E+00                                                    1
 22.00  39  92 4.73E+00                                                    1
 23.00  39  92 4.46E+00                                                    1
 24.00  39  92 4.84E+00                                                    1
 25.00  39  92 4.73E+00                                                    1
 26.00  39  92 5.06E+00                                                    1
 27.00  39  92 5.94E+00                                                    1
 28.00  39  92 6.89E+00                                                    1
 29.00  39  92 7.21E+00                                                    1
 30.00  39  92 8.80E+00                                                    1
 31.00  39  92 1.01E+01                                                    1
 32.00  39  92 1.16E+01                                                    1
 33.00  39  92 1.19E+01                                                    1
 34.00  39  92 1.21E+01                                                    1
 35.00  39  92 1.37E+01                                                    1
 36.00  39  92 1.36E+01                                                    1
 37.00  39  92 1.41E+01                                                    1
 38.00  39  92 1.44E+01                                                    1
 39.00  39  92 1.47E+01                                                    1
  6.00  39  91 2.08E-02 0.00E+00 0.00E+00          0.00E+00            0   2
  7.00  39  91 6.13E-02 0.00E+00 0.00E+00          0.00E+00            0   2
  8.00  39  91 4.45E-01 0.00E+00 0.00E+00          0.00E+00            0   2
  9.00  39  91 4.79E-01 0.00E+00 0.00E+00          0.00E+00            0   2
 10.00  39  91 1.08E+00 0.00E+00 0.00E+00          0.00E+00            0   2
 11.00  39  91 1.38E+00 0.00E+00 0.00E+00          0.00E+00            0   2
 12.00  39  91 2.01E+00 0.00E+00 0.00E+00          0.00E+00            0   2
 13.00  39  91 3.03E+00 0.00E+00 0.00E+00          0.00E+00            0   2
 14.00  39  91 4.13E+00 0.00E+00 0.00E+00          0.00E+00            0   2
 15.00  39  91 4.50E+00 0.00E+00 0.00E+00          0.00E+00            0   2
 16.00  39  91 5.18E+00 0.00E+00 0.00E+00          0.00E+00            0   2
 17.00  39  91 7.08E+00 0.00E+00 0.00E+00          0.00E+00            0   2
 18.00  39  91 7.96E+00 0.00E+00 0.00E+00          0.00E+00            0   2
 19.00  39  91 8.97E+00 0.00E+00 0.00E+00          0.00E+00            0   2
 20.00  39  91 1.14E+01 0.00E+00 0.00E+00          0.00E+00            0   2
 21.00  39  91 1.30E+01 0.00E+00 0.00E+00          0.00E+00            0   2
 22.00  39  91 1.41E+01 0.00E+00 0.00E+00          0.00E+00            0   2
 23.00  39  91 1.73E+01 0.00E+00 0.00E+00          0.00E+00            0   2
 24.00  39  91 1.81E+01 0.00E+00 0.00E+00          0.00E+00            0   2
 25.00  39  91 1.85E+01 0.00E+00 0.00E+00          0.00E+00            0   2
 26.00  39  91 1.84E+01 0.00E+00 0.00E+00          0.00E+00            0   2
 27.00  39  91 1.92E+01 0.00E+00 0.00E+00          0.00E+00            0   2
 28.00  39  91 1.87E+01 0.00E+00 0.00E+00          0.00E+00            0   2
 29.00  39  91 1.91E+01 0.00E+00 0.00E+00          0.00E+00            0   2
 30.00  39  91 1.90E+01 0.00E+00 0.00E+00          0.00E+00            0   2
 31.00  39  91 1.95E+01 0.00E+00 0.00E+00          0.00E+00            0   2
 32.00  39  91 1.85E+01 0.00E+00 0.00E+00          0.00E+00            0   2
 33.00  39  91 1.86E+01 0.00E+00 0.00E+00          0.00E+00            0   2
 34.00  39  91 1.88E+01 0.00E+00 0.00E+00          0.00E+00            0   2
 35.00  39  91 1.92E+01 0.00E+00 0.00E+00          0.00E+00            0   2
 36.00  39  91 1.93E+01 0.00E+00 0.00E+00          0.00E+00            0   2
 37.00  39  91 2.04E+01 0.00E+00 0.00E+00          0.00E+00            0   2
 38.00  39  91 2.19E+01 0.00E+00 0.00E+00          0.00E+00            0   2
 39.00  39  91 2.30E+01 0.00E+00 0.00E+00          0.00E+00            0   2
  5.00  39  90 2.14E-02 0.00E+00 0.00E+00          0.00E+00            0   2
  6.00  39  90 4.13E-01 0.00E+00 0.00E+00          0.00E+00            0   2
  7.00  39  90 1.50E+00 0.00E+00 0.00E+00          0.00E+00            0   2
  8.00  39  90 3.08E+00 0.00E+00 0.00E+00          0.00E+00            0   2
  9.00  39  90 5.39E+00 0.00E+00 0.00E+00          0.00E+00            0   2
 10.00  39  90 8.11E+00 0.00E+00 0.00E+00          0.00E+00            0   2
 11.00  39  90 1.13E+01 0.00E+00 0.00E+00          0.00E+00            0   2
 12.00  39  90 1.42E+01 0.00E+00 0.00E+00          0.00E+00            0   2
 13.00  39  90 1.72E+01 0.00E+00 0.00E+00          0.00E+00            0   2
 14.00  39  90 2.06E+01 0.00E+00 0.00E+00          0.00E+00            0   2
 15.00  39  90 2.25E+01 0.00E+00 0.00E+00          0.00E+00            0   2
 16.00  39  90 2.33E+01 0.00E+00 0.00E+00          0.00E+00            0   2
 17.00  39  90 2.26E+01 0.00E+00 0.00E+00          0.00E+00            0   2
 18.00  39  90 2.27E+01 0.00E+00 0.00E+00          0.00E+00            0   2
 19.00  39  90 2.37E+01 0.00E+00 0.00E+00          0.00E+00            0   2
 20.00  39  90 2.40E+01 0.00E+00 0.00E+00          0.00E+00            0   2
 21.00  39  90 2.49E+01 0.00E+00 0.00E+00          0.00E+00            0   2
 22.00  39  90 2.40E+01 0.00E+00 0.00E+00          0.00E+00            0   2
 23.00  39  90 2.49E+01 0.00E+00 0.00E+00          0.00E+00            0   2
 24.00  39  90 2.40E+01 0.00E+00 0.00E+00          0.00E+00            0   2
 25.00  39  90 2.51E+01 0.00E+00 0.00E+00          0.00E+00            0   2
 26.00  39  90 2.58E+01 0.00E+00 0.00E+00          0.00E+00            0   2
 27.00  39  90 2.70E+01 0.00E+00 0.00E+00          0.00E+00            0   2
 28.00  39  90 2.70E+01 0.00E+00 0.00E+00          0.00E+00            0   2
 29.00  39  90 2.83E+01 0.00E+00 0.00E+00          0.00E+00            0   2
 30.00  39  90 3.01E+01 0.00E+00 0.00E+00          0.00E+00            0   2
 31.00  39  90 3.03E+01 0.00E+00 0.00E+00          0.00E+00            0   2
 32.00  39  90 3.03E+01 0.00E+00 0.00E+00          0.00E+00            0   2
 33.00  39  90 3.15E+01 0.00E+00 0.00E+00          0.00E+00            0   2
 34.00  39  90 3.29E+01 0.00E+00 0.00E+00          0.00E+00            0   2
 35.00  39  90 3.21E+01 0.00E+00 0.00E+00          0.00E+00            0   2
 36.00  39  90 3.12E+01 0.00E+00 0.00E+00          0.00E+00            0   2
 37.00  39  90 3.22E+01 0.00E+00 0.00E+00          0.00E+00            0   2
 38.00  39  90 3.06E+01 0.00E+00 0.00E+00          0.00E+00            0   2
 39.00  39  90 3.01E+01 0.00E+00 0.00E+00          0.00E+00            0   2
 12.00  39  89 9.49E-02 0.00E+00 0.00E+00          0.00E+00            0   2
 13.00  39  89 7.27E+00 0.00E+00 0.00E+00          0.00E+00            0   2
 14.00  39  89 2.65E+01 0.00E+00 0.00E+00          0.00E+00            0   2
 15.00  39  89 4.53E+01 0.00E+00 0.00E+00          0.00E+00            0   2
 16.00  39  89 6.19E+01 0.00E+00 0.00E+00          0.00E+00            0   2
 17.00  39  89 8.19E+01 0.00E+00 0.00E+00          0.00E+00            0   2
 18.00  39  89 9.58E+01 0.00E+00 0.00E+00          0.00E+00            0   2
 19.00  39  89 1.08E+02 0.00E+00 0.00E+00          0.00E+00            0   2
 20.00  39  89 1.20E+02 0.00E+00 0.00E+00          0.00E+00            0   2
 21.00  39  89 1.28E+02 0.00E+00 0.00E+00          0.00E+00            0   2
 22.00  39  89 1.42E+02 0.00E+00 0.00E+00          0.00E+00            0   2
 23.00  39  89 1.52E+02 0.00E+00 0.00E+00          0.00E+00            0   2
 24.00  39  89 1.62E+02 0.00E+00 0.00E+00          0.00E+00            0   2
 25.00  39  89 1.71E+02 0.00E+00 0.00E+00          0.00E+00            0   2
 26.00  39  89 1.76E+02 0.00E+00 0.00E+00          0.00E+00            0   2
 27.00  39  89 1.71E+02 0.00E+00 0.00E+00          0.00E+00            0   2
 28.00  39  89 1.67E+02 0.00E+00 0.00E+00          0.00E+00            0   2
 29.00  39  89 1.56E+02 0.00E+00 0.00E+00          0.00E+00            0   2
 30.00  39  89 1.48E+02 0.00E+00 0.00E+00          0.00E+00            0   2
 31.00  39  89 1.39E+02 0.00E+00 0.00E+00          0.00E+00            0   2
 32.00  39  89 1.33E+02 0.00E+00 0.00E+00          0.00E+00            0   2
 33.00  39  89 1.28E+02 0.00E+00 0.00E+00          0.00E+00            0   2
 34.00  39  89 1.27E+02 0.00E+00 0.00E+00          0.00E+00            0   2
 35.00  39  89 1.25E+02 0.00E+00 0.00E+00          0.00E+00            0   2
 36.00  39  89 1.27E+02 0.00E+00 0.00E+00          0.00E+00            0   2
 37.00  39  89 1.24E+02 0.00E+00 0.00E+00          0.00E+00            0   2
 38.00  39  89 1.22E+02 0.00E+00 0.00E+00          0.00E+00            0   2
 39.00  39  89 1.22E+02 0.00E+00 0.00E+00          0.00E+00            0   2
 19.00  39  88 1.79E-02 0.00E+00 0.00E+00          0.00E+00            0   2
 20.00  39  88 5.32E-02 0.00E+00 0.00E+00          0.00E+00            0   2
 21.00  39  88 8.79E-02 0.00E+00 0.00E+00          0.00E+00            0   2
 22.00  39  88 1.22E-01 0.00E+00 0.00E+00          0.00E+00            0   2
 23.00  39  88 2.93E-01 0.00E+00 0.00E+00          0.00E+00            0   2
 24.00  39  88 9.76E-01 0.00E+00 0.00E+00          0.00E+00            0   2
 25.00  39  88 4.11E+00 0.00E+00 0.00E+00          0.00E+00            0   2
 26.00  39  88 1.14E+01 0.00E+00 0.00E+00          0.00E+00            0   2
 27.00  39  88 2.79E+01 0.00E+00 0.00E+00          0.00E+00            0   2
 28.00  39  88 5.19E+01 0.00E+00 0.00E+00          0.00E+00            0   2
 29.00  39  88 7.22E+01 0.00E+00 0.00E+00          0.00E+00            0   2
 30.00  39  88 9.59E+01 0.00E+00 0.00E+00          0.00E+00            0   2
 31.00  39  88 1.20E+02 0.00E+00 0.00E+00          0.00E+00            0   2
 32.00  39  88 1.40E+02 0.00E+00 0.00E+00          0.00E+00            0   2
 33.00  39  88 1.54E+02 0.00E+00 0.00E+00          0.00E+00            0   2
 34.00  39  88 1.70E+02 0.00E+00 0.00E+00          0.00E+00            0   2
 35.00  39  88 1.81E+02 0.00E+00 0.00E+00          0.00E+00            0   2
 36.00  39  88 1.90E+02 0.00E+00 0.00E+00          0.00E+00            0   2
 37.00  39  88 2.04E+02 0.00E+00 0.00E+00          0.00E+00            0   2
 38.00  39  88 2.11E+02 0.00E+00 0.00E+00          0.00E+00            0   2
 39.00  39  88 2.09E+02 0.00E+00 0.00E+00          0.00E+00            0   2
 28.00  39  87 3.33E-02 0.00E+00 0.00E+00          0.00E+00            0   2
 29.00  39  87 1.16E-01 0.00E+00 0.00E+00          0.00E+00            0   2
 30.00  39  87 2.30E-01 0.00E+00 0.00E+00          0.00E+00            0   2
 31.00  39  87 2.45E-01 0.00E+00 0.00E+00          0.00E+00            0   2
 32.00  39  87 3.88E-01 0.00E+00 0.00E+00          0.00E+00            0   2
 33.00  39  87 3.37E-01 0.00E+00 0.00E+00          0.00E+00            0   2
 34.00  39  87 9.57E-01 0.00E+00 0.00E+00          0.00E+00            0   2
 35.00  39  87 1.60E+00 0.00E+00 0.00E+00          0.00E+00            0   2
 36.00  39  87 5.26E+00 0.00E+00 0.00E+00          0.00E+00            0   2
 37.00  39  87 1.23E+01 0.00E+00 0.00E+00          0.00E+00            0   2
 38.00  39  87 2.54E+01 0.00E+00 0.00E+00          0.00E+00            0   2
 39.00  39  87 4.04E+01 0.00E+00 0.00E+00          0.00E+00            0   2
 26.00  38  94 1.79E-02                                                    1
 29.00  38  94 1.75E-02                                                    1
 33.00  38  94 1.70E-02                                                    1
 36.00  38  94 5.01E-02                                                    1
 37.00  38  94 4.98E-02                                                    1
 38.00  38  94 1.65E-02                                                    1
 11.00  38  93 2.00E-02                                                    1
 13.00  38  93 1.96E-02                                                    1
 14.00  38  93 3.90E-02                                                    1
 15.00  38  93 1.94E-02                                                    1
 19.00  38  93 1.88E-02                                                    1
 20.00  38  93 3.72E-02                                                    1
 21.00  38  93 1.84E-02                                                    1
 23.00  38  93 1.82E-02                                                    1
 32.00  38  93 1.71E-02                                                    1
 35.00  38  93 3.36E-02                                                    1
 36.00  38  93 5.01E-02                                                    1
 37.00  38  93 1.66E-02                                                    1
 38.00  38  93 4.95E-02                                                    1
 39.00  38  93 4.92E-02                                                    1
 15.00  38  92 1.94E-02                                                    1
 18.00  38  92 3.80E-02                                                    1
 19.00  38  92 7.51E-02                                                    1
 20.00  38  92 7.44E-02                                                    1
 21.00  38  92 3.68E-02                                                    1
 22.00  38  92 1.28E-01                                                    1
 23.00  38  92 2.00E-01                                                    1
 24.00  38  92 2.53E-01                                                    1
 25.00  38  92 1.98E-01                                                    1
 26.00  38  92 2.67E-01                                                    1
 27.00  38  92 3.01E-01                                                    1
 28.00  38  92 2.81E-01                                                    1
 29.00  38  92 4.00E-01                                                    1
 30.00  38  92 2.58E-01                                                    1
 31.00  38  92 4.62E-01                                                    1
 32.00  38  92 2.36E-01                                                    1
 33.00  38  92 2.36E-01                                                    1
 34.00  38  92 4.17E-01                                                    1
 35.00  38  92 2.82E-01                                                    1
 36.00  38  92 2.63E-01                                                    1
 37.00  38  92 2.46E-01                                                    1
 38.00  38  92 3.25E-01                                                    1
 39.00  38  92 2.75E-01                                                    1
  9.00  38  91 4.09E-02                                                    1
 10.00  38  91 2.21E-01                                                    1
 11.00  38  91 9.89E-02                                                    1
 12.00  38  91 1.95E-01                                                    1
 13.00  38  91 5.97E-01                                                    1
 14.00  38  91 5.54E-01                                                    1
 15.00  38  91 3.81E-01                                                    1
 16.00  38  91 3.60E-01                                                    1
 17.00  38  91 3.77E-01                                                    1
 18.00  38  91 3.36E-01                                                    1
 19.00  38  91 2.41E-01                                                    1
 20.00  38  91 1.47E-01                                                    1
 21.00  38  91 5.44E-02                                                    1
 22.00  38  91 7.19E-02                                                    1
 23.00  38  91 3.58E-02                                                    1
 24.00  38  91 8.88E-02                                                    1
 25.00  38  91 8.86E-02                                                    1
 26.00  38  91 1.06E-01                                                    1
 27.00  38  91 1.41E-01                                                    1
 28.00  38  91 2.45E-01                                                    1
 29.00  38  91 3.13E-01                                                    1
 30.00  38  91 4.67E-01                                                    1
 31.00  38  91 4.47E-01                                                    1
 32.00  38  91 5.30E-01                                                    1
 33.00  38  91 5.93E-01                                                    1
 34.00  38  91 4.21E-01                                                    1
 35.00  38  91 6.04E-01                                                    1
 36.00  38  91 6.47E-01                                                    1
 37.00  38  91 3.96E-01                                                    1
 38.00  38  91 5.88E-01                                                    1
 39.00  38  91 4.07E-01                                                    1
 14.00  38  90 5.73E-02                                                    1
 15.00  38  90 2.09E-01                                                    1
 16.00  38  90 5.68E-01                                                    1
 17.00  38  90 8.47E-01                                                    1
 18.00  38  90 1.33E+00                                                    1
 19.00  38  90 1.89E+00                                                    1
 20.00  38  90 2.13E+00                                                    1
 21.00  38  90 2.45E+00                                                    1
 22.00  38  90 2.63E+00                                                    1
 23.00  38  90 2.56E+00                                                    1
 24.00  38  90 3.14E+00                                                    1
 25.00  38  90 3.23E+00                                                    1
 26.00  38  90 3.09E+00                                                    1
 27.00  38  90 2.72E+00                                                    1
 28.00  38  90 2.47E+00                                                    1
 29.00  38  90 1.66E+00                                                    1
 30.00  38  90 1.96E+00                                                    1
 31.00  38  90 1.59E+00                                                    1
 32.00  38  90 1.51E+00                                                    1
 33.00  38  90 1.50E+00                                                    1
 34.00  38  90 1.21E+00                                                    1
 35.00  38  90 1.45E+00                                                    1
 36.00  38  90 1.15E+00                                                    1
 37.00  38  90 1.47E+00                                                    1
 38.00  38  90 1.49E+00                                                    1
 39.00  38  90 1.71E+00                                                    1
  5.00  38  89 2.16E-02                                                    1
  6.00  38  89 8.40E-02                                                    1
  7.00  38  89 1.03E-01                                                    1
  8.00  38  89 2.65E-01                                                    1
  9.00  38  89 5.23E-01                                                    1
 10.00  38  89 7.33E-01                                                    1
 11.00  38  89 1.25E+00                                                    1
 12.00  38  89 1.42E+00                                                    1
 13.00  38  89 1.93E+00                                                    1
 14.00  38  89 1.65E+00                                                    1
 15.00  38  89 1.29E+00                                                    1
 16.00  38  89 1.06E+00                                                    1
 17.00  38  89 7.02E-01                                                    1
 18.00  38  89 6.06E-01                                                    1
 19.00  38  89 4.56E-01                                                    1
 20.00  38  89 3.61E-01                                                    1
 21.00  38  89 2.32E-01                                                    1
 22.00  38  89 2.13E-01                                                    1
 23.00  38  89 3.18E-01                                                    1
 24.00  38  89 7.06E-01                                                    1
 25.00  38  89 1.36E+00                                                    1
 26.00  38  89 1.84E+00                                                    1
 27.00  38  89 2.31E+00                                                    1
 28.00  38  89 2.99E+00                                                    1
 29.00  38  89 4.39E+00                                                    1
 30.00  38  89 5.35E+00                                                    1
 31.00  38  89 5.41E+00                                                    1
 32.00  38  89 5.96E+00                                                    1
 33.00  38  89 6.25E+00                                                    1
 34.00  38  89 6.23E+00                                                    1
 35.00  38  89 6.31E+00                                                    1
 36.00  38  89 5.66E+00                                                    1
 37.00  38  89 4.78E+00                                                    1
 38.00  38  89 5.08E+00                                                    1
 39.00  38  89 4.00E+00                                                    1
  4.00  38  88 2.25E-02                                                    1
  5.00  38  88 4.29E-02                                                    1
  6.00  38  88 8.33E-02                                                    1
  7.00  38  88 2.45E-01                                                    1
  8.00  38  88 3.03E-01                                                    1
  9.00  38  88 6.38E-01                                                    1
 10.00  38  88 7.67E-01                                                    1
 11.00  38  88 1.20E+00                                                    1
 12.00  38  88 1.51E+00                                                    1
 13.00  38  88 2.22E+00                                                    1
 14.00  38  88 2.61E+00                                                    1
 15.00  38  88 3.56E+00                                                    1
 16.00  38  88 4.50E+00                                                    1
 17.00  38  88 5.21E+00                                                    1
 18.00  38  88 5.62E+00                                                    1
 19.00  38  88 6.18E+00                                                    1
 20.00  38  88 5.75E+00                                                    1
 21.00  38  88 7.23E+00                                                    1
 22.00  38  88 7.99E+00                                                    1
 23.00  38  88 8.31E+00                                                    1
 24.00  38  88 9.59E+00                                                    1
 25.00  38  88 1.05E+01                                                    1
 26.00  38  88 1.35E+01                                                    1
 27.00  38  88 1.67E+01                                                    1
 28.00  38  88 1.71E+01                                                    1
 29.00  38  88 1.72E+01                                                    1
 30.00  38  88 1.64E+01                                                    1
 31.00  38  88 1.50E+01                                                    1
 32.00  38  88 1.48E+01                                                    1
 33.00  38  88 1.25E+01                                                    1
 34.00  38  88 1.41E+01                                                    1
 35.00  38  88 1.45E+01                                                    1
 36.00  38  88 1.62E+01                                                    1
 37.00  38  88 1.67E+01                                                    1
 38.00  38  88 1.79E+01                                                    1
 39.00  38  88 2.05E+01                                                    1
  9.00  38  87 9.88E-02 0.00E+00 0.00E+00          0.00E+00            0   2
 10.00  38  87 3.32E-01 0.00E+00 0.00E+00          0.00E+00            0   2
 11.00  38  87 3.27E-01 0.00E+00 0.00E+00          0.00E+00            0   2
 12.00  38  87 5.50E-01 0.00E+00 0.00E+00          0.00E+00            0   2
 13.00  38  87 7.85E-01 0.00E+00 0.00E+00          0.00E+00            0   2
 14.00  38  87 9.96E-01 0.00E+00 0.00E+00          0.00E+00            0   2
 15.00  38  87 1.47E+00 0.00E+00 0.00E+00          0.00E+00            0   2
 16.00  38  87 2.24E+00 0.00E+00 0.00E+00          0.00E+00            0   2
 17.00  38  87 3.07E+00 0.00E+00 0.00E+00          0.00E+00            0   2
 18.00  38  87 3.67E+00 0.00E+00 0.00E+00          0.00E+00            0   2
 19.00  38  87 4.66E+00 0.00E+00 0.00E+00          0.00E+00            0   2
 20.00  38  87 4.80E+00 0.00E+00 0.00E+00          0.00E+00            0   2
 21.00  38  87 5.18E+00 0.00E+00 0.00E+00          0.00E+00            0   2
 22.00  38  87 5.59E+00 0.00E+00 0.00E+00          0.00E+00            0   2
 23.00  38  87 6.37E+00 0.00E+00 0.00E+00          0.00E+00            0   2
 24.00  38  87 6.57E+00 0.00E+00 0.00E+00          0.00E+00            0   2
 25.00  38  87 6.39E+00 0.00E+00 0.00E+00          0.00E+00            0   2
 26.00  38  87 6.10E+00 0.00E+00 0.00E+00          0.00E+00            0   2
 27.00  38  87 7.14E+00 0.00E+00 0.00E+00          0.00E+00            0   2
 28.00  38  87 7.91E+00 0.00E+00 0.00E+00          0.00E+00            0   2
 29.00  38  87 8.36E+00 0.00E+00 0.00E+00          0.00E+00            0   2
 30.00  38  87 9.12E+00 0.00E+00 0.00E+00          0.00E+00            0   2
 31.00  38  87 1.07E+01 0.00E+00 0.00E+00          0.00E+00            0   2
 32.00  38  87 1.21E+01 0.00E+00 0.00E+00          0.00E+00            0   2
 33.00  38  87 1.28E+01 0.00E+00 0.00E+00          0.00E+00            0   2
 34.00  38  87 1.37E+01 0.00E+00 0.00E+00          0.00E+00            0   2
 35.00  38  87 1.43E+01 0.00E+00 0.00E+00          0.00E+00            0   2
 36.00  38  87 1.43E+01 0.00E+00 0.00E+00          0.00E+00            0   2
 37.00  38  87 1.49E+01 0.00E+00 0.00E+00          0.00E+00            0   2
 38.00  38  87 1.49E+01 0.00E+00 0.00E+00          0.00E+00            0   2
 39.00  38  87 1.48E+01 0.00E+00 0.00E+00          0.00E+00            0   2
 16.00  38  86 3.64E-02                                                    1
 17.00  38  86 2.17E-01                                                    1
 18.00  38  86 7.56E-01                                                    1
 19.00  38  86 1.61E+00                                                    1
 20.00  38  86 2.68E+00                                                    1
 21.00  38  86 3.81E+00                                                    1
 22.00  38  86 4.98E+00                                                    1
 23.00  38  86 6.69E+00                                                    1
 24.00  38  86 8.76E+00                                                    1
 25.00  38  86 8.17E+00                                                    1
 26.00  38  86 1.01E+01                                                    1
 27.00  38  86 1.15E+01                                                    1
 28.00  38  86 1.49E+01                                                    1
 29.00  38  86 1.61E+01                                                    1
 30.00  38  86 1.81E+01                                                    1
 31.00  38  86 1.79E+01                                                    1
 32.00  38  86 1.89E+01                                                    1
 33.00  38  86 1.94E+01                                                    1
 34.00  38  86 1.85E+01                                                    1
 35.00  38  86 1.74E+01                                                    1
 36.00  38  86 1.63E+01                                                    1
 37.00  38  86 1.74E+01                                                    1
 38.00  38  86 1.67E+01                                                    1
 39.00  38  86 1.86E+01                                                    1
 28.00  38  85 1.66E-02 0.00E+00 0.00E+00          0.00E+00            0   2
 29.00  38  85 1.32E-01 0.00E+00 0.00E+00          0.00E+00            0   2
 30.00  38  85 6.24E-01 0.00E+00 0.00E+00          0.00E+00            0   2
 31.00  38  85 1.32E+00 0.00E+00 0.00E+00          0.00E+00            0   2
 32.00  38  85 2.77E+00 0.00E+00 0.00E+00          0.00E+00            0   2
 33.00  38  85 4.75E+00 0.00E+00 0.00E+00          0.00E+00            0   2
 34.00  38  85 8.20E+00 0.00E+00 0.00E+00          0.00E+00            0   2
 35.00  38  85 1.08E+01 0.00E+00 0.00E+00          0.00E+00            0   2
 36.00  38  85 1.30E+01 0.00E+00 0.00E+00          0.00E+00            0   2
 37.00  38  85 1.47E+01 0.00E+00 0.00E+00          0.00E+00            0   2
 38.00  38  85 1.72E+01 0.00E+00 0.00E+00          0.00E+00            0   2
 39.00  38  85 1.87E+01 0.00E+00 0.00E+00          0.00E+00            0   2
 38.00  38  84 6.23E-02                                                    1
 39.00  38  84 1.70E-01                                                    1
 29.00  37  90 1.72E-02 0.00E+00 0.00E+00          0.00E+00            0   2
 34.00  37  90 1.66E-02 0.00E+00 0.00E+00          0.00E+00            0   2
 38.00  37  90 1.62E-02 0.00E+00 0.00E+00          0.00E+00            0   2
 39.00  37  90 6.44E-02 0.00E+00 0.00E+00          0.00E+00            0   2
 32.00  37  89 1.68E-02                                                    1
 35.00  37  89 1.65E-02                                                    1
 37.00  37  89 1.63E-02                                                    1
 38.00  37  89 3.24E-02                                                    1
 39.00  37  89 1.61E-02                                                    1
 29.00  37  88 3.37E-02                                                    1
 30.00  37  88 5.02E-02                                                    1
 31.00  37  88 4.98E-02                                                    1
 33.00  37  88 4.91E-02                                                    1
 34.00  37  88 6.52E-02                                                    1
 35.00  37  88 6.47E-02                                                    1
 36.00  37  88 4.83E-02                                                    1
 37.00  37  88 7.99E-02                                                    1
 38.00  37  88 1.59E-02                                                    1
 39.00  37  88 3.16E-02                                                    1
 23.00  37  87 1.74E-02                                                    1
 26.00  37  87 1.70E-02                                                    1
 27.00  37  87 1.69E-02                                                    1
 28.00  37  87 5.04E-02                                                    1
 29.00  37  87 6.68E-02                                                    1
 30.00  37  87 1.66E-02                                                    1
 31.00  37  87 1.65E-01                                                    1
 32.00  37  87 1.47E-01                                                    1
 33.00  37  87 8.13E-02                                                    1
 34.00  37  87 1.13E-01                                                    1
 35.00  37  87 2.25E-01                                                    1
 36.00  37  87 1.92E-01                                                    1
 37.00  37  87 1.43E-01                                                    1
 38.00  37  87 2.53E-01                                                    1
 39.00  37  87 2.52E-01                                                    1
 26.00  37  86 1.69E-02 0.00E+00 0.00E+00          0.00E+00            0   2
 27.00  37  86 6.71E-02 0.00E+00 0.00E+00          0.00E+00            0   2
 28.00  37  86 9.99E-02 0.00E+00 0.00E+00          0.00E+00            0   2
 29.00  37  86 3.31E-02 0.00E+00 0.00E+00          0.00E+00            0   2
 30.00  37  86 1.81E-01 0.00E+00 0.00E+00          0.00E+00            0   2
 31.00  37  86 1.96E-01 0.00E+00 0.00E+00          0.00E+00            0   2
 32.00  37  86 1.94E-01 0.00E+00 0.00E+00          0.00E+00            0   2
 33.00  37  86 3.38E-01 0.00E+00 0.00E+00          0.00E+00            0   2
 34.00  37  86 3.04E-01 0.00E+00 0.00E+00          0.00E+00            0   2
 35.00  37  86 3.98E-01 0.00E+00 0.00E+00          0.00E+00            0   2
 36.00  37  86 6.01E-01 0.00E+00 0.00E+00          0.00E+00            0   2
 37.00  37  86 4.87E-01 0.00E+00 0.00E+00          0.00E+00            0   2
 38.00  37  86 3.90E-01 0.00E+00 0.00E+00          0.00E+00            0   2
 39.00  37  86 4.81E-01 0.00E+00 0.00E+00          0.00E+00            0   2
 32.00  37  85 1.62E-02                                                    1
 33.00  37  85 3.21E-02                                                    1
 34.00  37  85 1.12E-01                                                    1
 35.00  37  85 1.43E-01                                                    1
 36.00  37  85 2.99E-01                                                    1
 37.00  37  85 4.23E-01                                                    1
 38.00  37  85 4.51E-01                                                    1
 39.00  37  85 4.64E-01                                                    1
 35.00  36  89 1.68E-02                                                    1
 34.00  36  86 1.66E-02                                                    1
 35.00  36  86 1.65E-02                                                    1
 36.00  36  86 3.28E-02                                                    1
 37.00  36  86 1.63E-02                                                    1
 38.00  36  86 1.62E-02                                                    1
 30.00  36  84 1.66E-02                                                    1
 34.00  36  84 1.61E-02                                                    1
 35.00  36  84 1.60E-02                                                    1
 38.00  36  84 1.57E-02                                                    1
 39.00  36  84 1.58E-02                                                    1
 36.00  36  83 3.17E-02 0.00E+00 0.00E+00          0.00E+00            0   2
 37.00  36  83 4.71E-02 0.00E+00 0.00E+00          0.00E+00            0   2
 38.00  36  83 3.11E-02 0.00E+00 0.00E+00          0.00E+00            0   2
 39.00  36  83 1.55E-02 0.00E+00 0.00E+00          0.00E+00            0   2
 36.00  36  82 1.58E-02                                                    1
 39.00  36  82 1.55E-02                                                    1
  Ebeam =   1.0000000000000000      sumcs=   2582.7076871324243     
  Ebeam =   2.0000000000000000      sumcs=   2405.8939135162082     
  Ebeam =   3.0000000000000000      sumcs=   2368.5310509483993     
  Ebeam =   4.0000000000000000      sumcs=   2255.3256297242719     
  Ebeam =   5.0000000000000000      sumcs=   2152.9651493388360     
  Ebeam =   6.0000000000000000      sumcs=   2089.9005631989894     
  Ebeam =   7.0000000000000000      sumcs=   2050.3962465475620     
  Ebeam =   8.0000000000000000      sumcs=   2026.4085780423168     
  Ebeam =   9.0000000000000000      sumcs=   1999.2706925919160     
  Ebeam =   10.000000000000000      sumcs=   1970.1301630431578     
  Ebeam =   11.000000000000000      sumcs=   1943.7554880441151     
  Ebeam =   12.000000000000000      sumcs=   1914.3576295504520     
  Ebeam =   13.000000000000000      sumcs=   1887.7018845449811     
  Ebeam =   14.000000000000000      sumcs=   1866.5091871915745     
  Ebeam =   15.000000000000000      sumcs=   1854.3973922621290     
  Ebeam =   16.000000000000000      sumcs=   1843.5755213254022     
  Ebeam =   17.000000000000000      sumcs=   1833.7245558784648     
  Ebeam =   18.000000000000000      sumcs=   1822.3610993038903     
  Ebeam =   19.000000000000000      sumcs=   1810.5620449345274     
  Ebeam =   20.000000000000000      sumcs=   1793.8336097214278     
  Ebeam =   21.000000000000000      sumcs=   1776.0500790928074     
  Ebeam =   22.000000000000000      sumcs=   1758.8767168005706     
  Ebeam =   23.000000000000000      sumcs=   1744.1985538786234     
  Ebeam =   24.000000000000000      sumcs=   1732.8641358189952     
  Ebeam =   25.000000000000000      sumcs=   1721.0440286583769     
  Ebeam =   26.000000000000000      sumcs=   1709.6706062182104     
  Ebeam =   27.000000000000000      sumcs=   1698.0673383573483     
  Ebeam =   28.000000000000000      sumcs=   1686.5398030835670     
  Ebeam =   29.000000000000000      sumcs=   1675.7573228329675     
  Ebeam =   30.000000000000000      sumcs=   1663.1857757898977     
  Ebeam =   31.000000000000000      sumcs=   1650.7068318534587     
  Ebeam =   32.000000000000000      sumcs=   1638.5838026983843     
  Ebeam =   33.000000000000000      sumcs=   1627.2042272348237     
  Ebeam =   34.000000000000000      sumcs=   1616.9135206773608     
  Ebeam =   35.000000000000000      sumcs=   1607.5296694726260     
  Ebeam =   36.000000000000000      sumcs=   1597.2917330982034     
  Ebeam =   37.000000000000000      sumcs=   1587.1374327642650     
  Ebeam =   38.000000000000000      sumcs=   1576.9930919815727     
  Ebeam =   39.000000000000000      sumcs=   1567.0907236015214     
