
                       be used for evaluation purposes
                                                            21-Mar-2019 12:14
                       _________________________________

                       P E A K     F I T     R E P O R T
                       _________________________________

 Spectrum file Analysed: AC03162019_FP04_10cm_HPGE1.Chn   
 Sample Title :                                                  

 Spectrum saved on 16-Mar-2019 at 22:21    Collected on 15-Mar-2019 at 16:40
 Sample  Taken  on 15-Mar-2019 at 16:40    Decayed      0 Days,     0 mins.

            Detector file number used:     2
            Energy     Calibration Performed on 20-Mar-2019 at 15:12
            Peak Shape Calibration Performed on 20-Mar-2019 at 15:15

 

   Reported Activity values were rounded     
   FitzPeaks Version: 3.71 23rd January 2014           

 Peak   Centre   FW@HM         Goodness   Peak      %      Gammas       %      2 Sigma
Energy  Channel  (KeV)  Signif  of Fit    Area   Uncert.  per sec.   Uncert. Background

   70.3   374.1   0.95     7.6    1.53      6292   17.1   5.9125e-02   17.1    61746
   74.3   395.6   1.10!    6.7    1.53      6746   23.4   6.3394e-02   23.4    84211
   76.5   407.2   1.10!   18.3    1.53     19349    8.5   1.8182e-01    8.5    84211
   79.1   420.9   1.11!    4.5    1.53      4795   34.0   4.5061e-02   34.0    84211
   86.5   460.5   0.97     5.7    0.93      3940   57.8   3.7023e-02   57.8    62930
   94.8   504.9   0.98     3.4    1.19      1892   41.5   1.7774e-02   41.5    62242
  124.9   665.1   1.17!   24.0   15.26     27702    6.4   2.6031e-01    6.4    74404
  139.8   744.6   1.03     4.1    0.90      2923   26.4   2.7463e-02   26.4    63165
  190.7  1015.4   1.25!    5.0    1.56      4048   17.0   3.8038e-02   17.0    41643
  193.3  1029.5   1.25!    6.1    1.56      2910   23.6   2.7348e-02   23.6    41643
  195.2  1039.5   1.26!   17.1    1.56     14448    5.1   1.3577e-01    5.1    41643
  242.6  1291.8   1.32!    3.5    2.96      3616   17.3   3.3978e-02   17.3    26216
  244.9  1304.2   1.32!   22.5    2.96     17778    3.8   1.6706e-01    3.8    26216
  248.0  1320.5   1.33!    3.4    2.96      3293   19.0   3.0947e-02   19.0    26216
  284.5  1515.1   1.19     3.5    0.94       809   46.8   7.6005e-03   46.8    16276
  303.0  1613.5   1.37    14.3    1.35      6394    6.5   6.0085e-02    6.5    15767
  307.9  1639.8   1.38     3.6    1.35       753   49.0   7.0745e-03   49.0    16980
  347.1  1848.8   1.27     5.4    1.18      2069   16.5   1.9442e-02   16.5    11213
  357.7  1905.2   1.47!    3.4    4.02      1683   27.4   1.5811e-02   27.4    12275
  361.0  1922.9   1.47!   22.9    4.02     12653    4.3   1.1890e-01    4.3    12275
  475.0  2529.8   1.41     3.7    0.95       803   32.6   7.5438e-03   32.6     6901
  524.2  2792.1   1.69!   12.3    3.96      8069   15.3   7.5826e-02   15.3    17428
  573.0  3051.8   1.52     3.8    1.10       902   28.0   8.4765e-03   28.0     5844
  584.9  3115.3   1.54     4.2    1.39       885   29.2   8.3159e-03   29.2     5773
  598.4  3187.1   1.78!   20.1    3.23      7623    5.1   7.1633e-02    5.1     6721
  625.2  3330.0   1.82!   26.2    5.90     13795    3.6   1.2963e-01    3.6     6722
  744.4  3964.8   1.72     4.1    1.63      1537   15.8   1.4446e-02   15.8     3988
  746.4  3975.7   1.72     4.5    1.63      1465   15.8   1.3764e-02   15.8     4237
  788.6  4200.0   1.77     5.6    2.14       963   25.2   9.0513e-03   25.2     4197
  806.5  4295.4   1.79     3.6    1.41       545   34.2   5.1189e-03   34.2     3826
  815.7  4344.6   1.80     3.8    1.41       807   23.1   7.5874e-03   23.1     3826
  832.0  4431.5   2.09!   39.1   10.30     23702    2.4   2.2273e-01    2.4     4511
  857.0  4564.4   1.84     3.4    0.71       474   43.1   4.4507e-03   43.1     3474
  883.0  4702.8   1.87     4.7    1.00      1010   20.9   9.4912e-03   20.9     3517
  932.8  4968.2   2.22!   10.2    2.24      4704    6.3   4.4198e-02    6.3     3894
  935.0  4980.2   2.22!   11.5    2.24      4847    6.0   4.5545e-02    6.0     3894
  958.7  5106.0   1.96     3.5    1.11       656   30.2   6.1673e-03   30.2     3043
  990.5  5275.5   2.29!    5.1    1.23      1342   16.4   1.2607e-02   16.4     3261
  994.2  5295.5   2.30!   11.0    1.23      3029    7.9   2.8459e-02    7.9     3261
 1027.4  5472.3   2.04     3.4    0.99       311   60.0   2.9241e-03   60.0     2740
 1091.4  5813.0   2.11     4.4    1.56       721   29.1   6.7765e-03   29.1     2732
 1145.8  6102.5   2.50!    7.0    1.53      1155   18.7   1.0857e-02   18.7     2799
 1149.5  6122.7   2.50!   15.9    1.53      4392    5.7   4.1272e-02    5.7     2799
 1185.2  6312.8   2.22     3.6    1.26       416   45.4   3.9052e-03   45.4     2510
 1270.5  6767.0   2.31     9.4    1.53      1736   12.4   1.6317e-02   12.4     2670
 1307.7  6965.3   2.36     6.0    1.38       950   17.2   8.9304e-03   17.2     1977
 1314.2  6999.6   2.36     3.5    1.38       420   37.9   3.9445e-03   37.9     2067
 1410.2  7510.8   2.47     5.0    1.11       235   51.8   2.2069e-03   51.8     1196
 1413.7  7529.9   2.48     7.3    1.11      1008   12.4   9.4709e-03   12.4     1248
 1421.2  7569.7   2.48     3.3    1.11       222   53.6   2.0905e-03   53.6     1196
 1438.4  7661.0   2.50     3.8    1.08       361   34.0   3.3944e-03   34.0     1191
 1444.6  7694.1   2.51     4.9    1.08       608   21.5   5.7101e-03   21.5     1191
 1498.7  7982.5   2.96!   57.1   30.33     36938    2.4   3.4710e-01    2.4     1489
 1548.8  8249.2   2.63     5.1    0.78       455   24.5   4.2741e-03   24.5      834
 1629.8  8680.6   2.72     5.5    0.80       502   21.3   4.7140e-03   21.3      707
 1633.9  8702.7   2.72     4.6    0.80       549   19.3   5.1603e-03   19.3      736
 1663.0  8857.7   2.76     4.4    0.66       309   25.6   2.9081e-03   25.6      536
 1672.9  8910.5   2.77     3.7    0.66       257   31.0   2.4139e-03   31.0      536
 1704.5  9078.9   2.81     3.4    0.84       293   28.9   2.7551e-03   28.9      429
 1774.7  9452.4   2.88     8.8    1.37       673   14.5   6.3223e-03   14.5      432
 1806.6  9622.3   2.85     5.9    1.52       685   15.3   6.4329e-03   15.3      436
 1810.6  9643.6   2.85    20.0    1.52      3883    4.1   3.6491e-02    4.1      436
 1895.7 10096.8   3.02     6.2    1.00       472   18.6   4.4388e-03   18.6      410
 2158.2 11495.2   3.32     5.6    1.20       780   10.6   7.3260e-03   10.6      380
 2173.9 11578.6   3.34     6.1    1.20       262   27.7   2.4651e-03   27.7      380
 2261.5 12045.4   3.38    11.5    1.07      1258    8.3   1.1823e-02    8.3      388
 2511.3 13376.0   3.72     5.3    0.88       428   18.3   4.0183e-03   18.3      246
 2682.3 14286.8   3.75    29.5    1.67      6951    2.7   6.5322e-02    2.7      212

 ! indicates the Iterative Peak Width fitting reached a limiting value.
