# n +  70Zn Total alpha    production
# Q-value    =-1.75644E-01
# 
# # energies =    40
#    E         xs         Yield
 1.00000E+00 0.00000E+00 0.00000E+00
 2.00000E+00 0.00000E+00 0.00000E+00
 3.00000E+00 0.00000E+00 0.00000E+00
 4.00000E+00 4.33008E-06 2.59556E-09
 5.00000E+00 3.52057E-04 2.03382E-07
 6.00000E+00 5.95750E-03 3.48719E-06
 7.00000E+00 3.81560E-02 2.28683E-05
 8.00000E+00 1.16273E-01 7.10890E-05
 9.00000E+00 2.00710E-01 1.24433E-04
 1.00000E+01 2.51822E-01 1.57677E-04
 1.10000E+01 3.79139E-01 2.39460E-04
 1.20000E+01 7.76088E-01 4.94102E-04
 1.30000E+01 1.52757E+00 9.78820E-04
 1.40000E+01 2.58720E+00 1.66535E-03
 1.50000E+01 3.88278E+00 2.50915E-03
 1.60000E+01 5.41468E+00 3.51777E-03
 1.70000E+01 7.16312E+00 4.69107E-03
 1.80000E+01 9.09245E+00 6.01842E-03
 1.90000E+01 1.09798E+01 7.35810E-03
 2.00000E+01 1.26177E+01 8.56545E-03
 2.10000E+01 1.44019E+01 9.89925E-03
 2.20000E+01 1.60200E+01 1.11394E-02
 2.30000E+01 1.76458E+01 1.24002E-02
 2.40000E+01 1.91534E+01 1.35920E-02
 2.50000E+01 2.06343E+01 1.47808E-02
 2.60000E+01 2.20702E+01 1.59569E-02
 2.70000E+01 2.34291E+01 1.71004E-02
 2.80000E+01 2.47250E+01 1.82225E-02
 2.90000E+01 2.58832E+01 1.92671E-02
 3.00000E+01 2.69512E+01 2.02662E-02
 3.10000E+01 2.79409E+01 2.12251E-02
 3.20000E+01 2.88872E+01 2.21665E-02
 3.30000E+01 2.97708E+01 2.30728E-02
 3.40000E+01 3.06838E+01 2.40132E-02
 3.50000E+01 3.15890E+01 2.49581E-02
 3.60000E+01 3.25021E+01 2.59199E-02
 3.70000E+01 3.34047E+01 2.68838E-02
 3.80000E+01 3.43244E+01 2.78723E-02
 3.90000E+01 3.52531E+01 2.88794E-02
 4.00000E+01 3.61445E+01 2.98673E-02
