# n +  67Zn Total alpha    production
# Q-value    = 4.86502E+00
# 
# # energies =    40
#    E         xs         Yield
 1.00000E+00 1.88576E-01 1.80767E-04
 2.00000E+00 6.59434E-01 4.50130E-04
 3.00000E+00 1.72176E+00 1.06828E-03
 4.00000E+00 3.34722E+00 1.95171E-03
 5.00000E+00 4.97864E+00 2.87049E-03
 6.00000E+00 6.45639E+00 3.79158E-03
 7.00000E+00 7.89197E+00 4.74353E-03
 8.00000E+00 9.50750E+00 5.82520E-03
 9.00000E+00 1.15920E+01 7.20896E-03
 1.00000E+01 1.46210E+01 9.20038E-03
 1.10000E+01 1.83153E+01 1.16462E-02
 1.20000E+01 2.28067E+01 1.46455E-02
 1.30000E+01 2.81802E+01 1.82519E-02
 1.40000E+01 3.44304E+01 2.24480E-02
 1.50000E+01 4.09665E+01 2.68455E-02
 1.60000E+01 4.71864E+01 3.10789E-02
 1.70000E+01 5.26530E+01 3.49102E-02
 1.80000E+01 5.77613E+01 3.86402E-02
 1.90000E+01 6.36002E+01 4.30155E-02
 2.00000E+01 6.88473E+01 4.71356E-02
 2.10000E+01 7.28502E+01 5.05041E-02
 2.20000E+01 7.64991E+01 5.36817E-02
 2.30000E+01 7.82997E+01 5.55763E-02
 2.40000E+01 7.99655E+01 5.73669E-02
 2.50000E+01 8.14953E+01 5.90563E-02
 2.60000E+01 8.37173E+01 6.12604E-02
 2.70000E+01 8.56908E+01 6.33124E-02
 2.80000E+01 8.65571E+01 6.45775E-02
 2.90000E+01 8.74415E+01 6.58847E-02
 3.00000E+01 8.83646E+01 6.72506E-02
 3.10000E+01 8.81574E+01 6.77743E-02
 3.20000E+01 8.88296E+01 6.89858E-02
 3.30000E+01 8.84855E+01 6.94124E-02
 3.40000E+01 8.86883E+01 7.02648E-02
 3.50000E+01 8.85262E+01 7.08238E-02
 3.60000E+01 8.86165E+01 7.15775E-02
 3.70000E+01 8.90351E+01 7.25934E-02
 3.80000E+01 8.86292E+01 7.29302E-02
 3.90000E+01 8.89886E+01 7.38912E-02
 4.00000E+01 8.91254E+01 7.46656E-02
