# n +  64Zn Total alpha    production
# Q-value    = 3.86430E+00
# 
# # energies =    40
#    E         xs         Yield
 1.00000E+00 3.91350E-01 9.34550E-03
 2.00000E+00 3.67395E+00 3.31723E-03
 3.00000E+00 2.27735E+01 1.51485E-02
 4.00000E+00 3.20458E+01 1.75022E-02
 5.00000E+00 4.06918E+01 2.21883E-02
 6.00000E+00 4.76272E+01 2.67215E-02
 7.00000E+00 5.14781E+01 2.96842E-02
 8.00000E+00 5.51689E+01 3.24633E-02
 9.00000E+00 6.08017E+01 3.63460E-02
 1.00000E+01 7.48633E+01 4.54135E-02
 1.10000E+01 1.05327E+02 6.48332E-02
 1.20000E+01 1.40855E+02 8.79101E-02
 1.30000E+01 1.63049E+02 1.03022E-01
 1.40000E+01 1.70346E+02 1.08768E-01
 1.50000E+01 1.74180E+02 1.12254E-01
 1.60000E+01 1.79247E+02 1.16572E-01
 1.70000E+01 1.86425E+02 1.22425E-01
 1.80000E+01 1.93608E+02 1.28532E-01
 1.90000E+01 1.99097E+02 1.33783E-01
 2.00000E+01 2.01158E+02 1.36934E-01
 2.10000E+01 2.01316E+02 1.38883E-01
 2.20000E+01 2.00315E+02 1.40027E-01
 2.30000E+01 1.97901E+02 1.40110E-01
 2.40000E+01 1.95560E+02 1.40141E-01
 2.50000E+01 1.92289E+02 1.39406E-01
 2.60000E+01 1.90497E+02 1.39667E-01
 2.70000E+01 1.88469E+02 1.39709E-01
 2.80000E+01 1.86751E+02 1.39954E-01
 2.90000E+01 1.84824E+02 1.40026E-01
 3.00000E+01 1.82579E+02 1.39837E-01
 3.10000E+01 1.80512E+02 1.39759E-01
 3.20000E+01 1.78557E+02 1.39742E-01
 3.30000E+01 1.75669E+02 1.38953E-01
 3.40000E+01 1.72558E+02 1.37934E-01
 3.50000E+01 1.69926E+02 1.37239E-01
 3.60000E+01 1.67068E+02 1.36304E-01
 3.70000E+01 1.64274E+02 1.35362E-01
 3.80000E+01 1.61680E+02 1.34528E-01
 3.90000E+01 1.59671E+02 1.34131E-01
 4.00000E+01 1.58006E+02 1.33982E-01
