# n +  68Zn Total deuteron production
# Q-value    =-7.75198E+00
# 
# # energies =    40
#    E         xs         Yield
 1.00000E+00 0.00000E+00 0.00000E+00
 2.00000E+00 0.00000E+00 0.00000E+00
 3.00000E+00 0.00000E+00 0.00000E+00
 4.00000E+00 0.00000E+00 0.00000E+00
 5.00000E+00 0.00000E+00 0.00000E+00
 6.00000E+00 0.00000E+00 0.00000E+00
 7.00000E+00 0.00000E+00 0.00000E+00
 8.00000E+00 0.00000E+00 0.00000E+00
 9.00000E+00 1.92728E-08 1.19775E-11
 1.00000E+01 1.66199E-04 1.04437E-07
 1.10000E+01 9.72234E-03 6.16926E-06
 1.20000E+01 1.09058E-01 6.98434E-05
 1.30000E+01 4.11669E-01 2.65724E-04
 1.40000E+01 1.17629E+00 7.63749E-04
 1.50000E+01 2.67224E+00 1.74306E-03
 1.60000E+01 4.69269E+00 3.07641E-03
 1.70000E+01 6.98076E+00 4.60846E-03
 1.80000E+01 9.50307E+00 6.33327E-03
 1.90000E+01 1.11006E+01 7.48323E-03
 2.00000E+01 1.36871E+01 9.34288E-03
 2.10000E+01 1.62891E+01 1.12596E-02
 2.20000E+01 1.90374E+01 1.33182E-02
 2.30000E+01 2.16353E+01 1.53058E-02
 2.40000E+01 2.41784E+01 1.72835E-02
 2.50000E+01 2.73519E+01 1.97451E-02
 2.60000E+01 2.97981E+01 2.17179E-02
 2.70000E+01 3.21668E+01 2.36695E-02
 2.80000E+01 3.44525E+01 2.55985E-02
 2.90000E+01 3.66314E+01 2.74878E-02
 3.00000E+01 3.89715E+01 2.95390E-02
 3.10000E+01 4.03404E+01 3.08880E-02
 3.20000E+01 4.22686E+01 3.26936E-02
 3.30000E+01 4.41130E+01 3.44638E-02
 3.40000E+01 4.58666E+01 3.61893E-02
 3.50000E+01 4.75405E+01 3.78748E-02
 3.60000E+01 4.91278E+01 3.95125E-02
 3.70000E+01 5.06458E+01 4.11140E-02
 3.80000E+01 5.20804E+01 4.26658E-02
 3.90000E+01 5.34474E+01 4.41798E-02
 4.00000E+01 5.50272E+01 4.58885E-02
