# n +  67Zn Total deuteron production
# Q-value    =-6.68644E+00
# 
# # energies =    40
#    E         xs         Yield
 1.00000E+00 0.00000E+00 0.00000E+00
 2.00000E+00 0.00000E+00 0.00000E+00
 3.00000E+00 0.00000E+00 0.00000E+00
 4.00000E+00 0.00000E+00 0.00000E+00
 5.00000E+00 0.00000E+00 0.00000E+00
 6.00000E+00 0.00000E+00 0.00000E+00
 7.00000E+00 0.00000E+00 0.00000E+00
 8.00000E+00 8.77896E-09 5.37883E-12
 9.00000E+00 7.12249E-05 4.42941E-08
 1.00000E+01 7.15471E-03 4.50216E-06
 1.10000E+01 1.26279E-01 8.02979E-05
 1.20000E+01 8.95923E-01 5.75326E-04
 1.30000E+01 2.59476E+00 1.68058E-03
 1.40000E+01 5.01266E+00 3.26816E-03
 1.50000E+01 8.27394E+00 5.42195E-03
 1.60000E+01 1.14421E+01 7.53626E-03
 1.70000E+01 1.46746E+01 9.72960E-03
 1.80000E+01 1.78877E+01 1.19662E-02
 1.90000E+01 2.10216E+01 1.42178E-02
 2.00000E+01 2.40504E+01 1.64659E-02
 2.10000E+01 2.42373E+01 1.68028E-02
 2.20000E+01 2.71418E+01 1.90462E-02
 2.30000E+01 2.99230E+01 2.12390E-02
 2.40000E+01 3.26711E+01 2.34381E-02
 2.50000E+01 3.58869E+01 2.60058E-02
 2.60000E+01 3.86218E+01 2.82617E-02
 2.70000E+01 4.09518E+01 3.02571E-02
 2.80000E+01 4.50659E+01 3.36223E-02
 2.90000E+01 4.70097E+01 3.54205E-02
 3.00000E+01 4.88519E+01 3.71792E-02
 3.10000E+01 5.06035E+01 3.89034E-02
 3.20000E+01 5.22686E+01 4.05922E-02
 3.30000E+01 5.38516E+01 4.22439E-02
 3.40000E+01 5.53579E+01 4.38583E-02
 3.50000E+01 5.67921E+01 4.54355E-02
 3.60000E+01 5.81608E+01 4.69777E-02
 3.70000E+01 5.94681E+01 4.84864E-02
 3.80000E+01 6.07179E+01 4.99629E-02
 3.90000E+01 6.19111E+01 5.14076E-02
 4.00000E+01 6.30584E+01 5.28278E-02
