# n +  66Zn Total deuteron production
# Q-value    =-6.69990E+00
# 
# # energies =    40
#    E         xs         Yield
 1.00000E+00 0.00000E+00 0.00000E+00
 2.00000E+00 0.00000E+00 0.00000E+00
 3.00000E+00 0.00000E+00 0.00000E+00
 4.00000E+00 0.00000E+00 0.00000E+00
 5.00000E+00 0.00000E+00 0.00000E+00
 6.00000E+00 0.00000E+00 0.00000E+00
 7.00000E+00 0.00000E+00 0.00000E+00
 8.00000E+00 8.77673E-08 5.19481E-11
 9.00000E+00 3.99893E-04 2.40459E-07
 1.00000E+01 1.55585E-02 9.49033E-06
 1.10000E+01 1.43796E-01 8.89405E-05
 1.20000E+01 5.97356E-01 3.74287E-04
 1.30000E+01 1.61414E+00 1.02267E-03
 1.40000E+01 3.39972E+00 2.17374E-03
 1.50000E+01 5.83573E+00 3.76161E-03
 1.60000E+01 8.64061E+00 5.61644E-03
 1.70000E+01 1.20076E+01 7.88052E-03
 1.80000E+01 1.51504E+01 1.00556E-02
 1.90000E+01 1.82767E+01 1.22851E-02
 2.00000E+01 1.93040E+01 1.31521E-02
 2.10000E+01 2.22287E+01 1.53526E-02
 2.20000E+01 2.50876E+01 1.75573E-02
 2.30000E+01 2.78426E+01 1.97300E-02
 2.40000E+01 3.04834E+01 2.18568E-02
 2.50000E+01 3.38360E+01 2.45338E-02
 2.60000E+01 3.63075E+01 2.66131E-02
 2.70000E+01 3.86663E+01 2.86477E-02
 2.80000E+01 4.08866E+01 3.06187E-02
 2.90000E+01 4.28715E+01 3.24521E-02
 3.00000E+01 4.42777E+01 3.38800E-02
 3.10000E+01 4.62500E+01 3.57720E-02
 3.20000E+01 4.81263E+01 3.76231E-02
 3.30000E+01 4.99097E+01 3.94313E-02
 3.40000E+01 5.16058E+01 4.11963E-02
 3.50000E+01 5.32197E+01 4.29184E-02
 3.60000E+01 5.47536E+01 4.45967E-02
 3.70000E+01 5.62133E+01 4.62334E-02
 3.80000E+01 5.76480E+01 4.78673E-02
 3.90000E+01 5.89635E+01 4.94188E-02
 4.00000E+01 6.02155E+01 5.09321E-02
