# n +  68Zn Elastic cross sections
# 
# 
# # energies =    40
#    E      Cross section
 1.00000E+00 3.96713E+03
 2.00000E+00 2.30507E+03
 3.00000E+00 1.93506E+03
 4.00000E+00 1.93504E+03
 5.00000E+00 2.08147E+03
 6.00000E+00 2.17920E+03
 7.00000E+00 2.20392E+03
 8.00000E+00 2.16949E+03
 9.00000E+00 2.09521E+03
 1.00000E+01 1.99744E+03
 1.10000E+01 1.88787E+03
 1.20000E+01 1.77460E+03
 1.30000E+01 1.66319E+03
 1.40000E+01 1.55825E+03
 1.50000E+01 1.46312E+03
 1.60000E+01 1.37959E+03
 1.70000E+01 1.30795E+03
 1.80000E+01 1.24772E+03
 1.90000E+01 1.19821E+03
 2.00000E+01 1.15888E+03
 2.10000E+01 1.12931E+03
 2.20000E+01 1.10913E+03
 2.30000E+01 1.09789E+03
 2.40000E+01 1.09497E+03
 2.50000E+01 1.09955E+03
 2.60000E+01 1.11071E+03
 2.70000E+01 1.12740E+03
 2.80000E+01 1.14860E+03
 2.90000E+01 1.17336E+03
 3.00000E+01 1.20083E+03
 3.10000E+01 1.23028E+03
 3.20000E+01 1.26111E+03
 3.30000E+01 1.29283E+03
 3.40000E+01 1.32500E+03
 3.50000E+01 1.35728E+03
 3.60000E+01 1.38934E+03
 3.70000E+01 1.42090E+03
 3.80000E+01 1.45172E+03
 3.90000E+01 1.48156E+03
 4.00000E+01 1.51023E+03
