# n +  70Zn Elastic cross sections
# 
# 
# # energies =    40
#    E      Cross section
 1.00000E+00 3.66405E+03
 2.00000E+00 2.08183E+03
 3.00000E+00 1.83010E+03
 4.00000E+00 1.95831E+03
 5.00000E+00 2.11245E+03
 6.00000E+00 2.21600E+03
 7.00000E+00 2.24675E+03
 8.00000E+00 2.21592E+03
 9.00000E+00 2.14312E+03
 1.00000E+01 2.04531E+03
 1.10000E+01 1.93468E+03
 1.20000E+01 1.81923E+03
 1.30000E+01 1.70517E+03
 1.40000E+01 1.59753E+03
 1.50000E+01 1.49979E+03
 1.60000E+01 1.41355E+03
 1.70000E+01 1.33900E+03
 1.80000E+01 1.27571E+03
 1.90000E+01 1.22322E+03
 2.00000E+01 1.18126E+03
 2.10000E+01 1.14960E+03
 2.20000E+01 1.12796E+03
 2.30000E+01 1.11586E+03
 2.40000E+01 1.11256E+03
 2.50000E+01 1.11714E+03
 2.60000E+01 1.12849E+03
 2.70000E+01 1.14548E+03
 2.80000E+01 1.16701E+03
 2.90000E+01 1.19209E+03
 3.00000E+01 1.21987E+03
 3.10000E+01 1.24965E+03
 3.20000E+01 1.28086E+03
 3.30000E+01 1.31301E+03
 3.40000E+01 1.34569E+03
 3.50000E+01 1.37852E+03
 3.60000E+01 1.41119E+03
 3.70000E+01 1.44339E+03
 3.80000E+01 1.47485E+03
 3.90000E+01 1.50533E+03
 4.00000E+01 1.53462E+03
