# n +  67Zn Total gamma    production
# Q-value    = 1.01981E+01
# 
# # energies =    40
#    E         xs         Yield
 1.00000E+00 2.80900E+01 2.69269E-02
 2.00000E+00 3.49969E+01 2.38889E-02
 3.00000E+00 6.46200E+02 4.00941E-01
 4.00000E+00 1.30658E+03 7.61847E-01
 5.00000E+00 1.80251E+03 1.03926E+00
 6.00000E+00 2.17954E+03 1.27996E+00
 7.00000E+00 2.49340E+03 1.49868E+00
 8.00000E+00 2.59378E+03 1.58919E+00
 9.00000E+00 2.33632E+03 1.45293E+00
 1.00000E+01 1.94060E+03 1.22114E+00
 1.10000E+01 1.59716E+03 1.01560E+00
 1.20000E+01 1.47979E+03 9.50265E-01
 1.30000E+01 1.56516E+03 1.01373E+00
 1.40000E+01 1.75732E+03 1.14574E+00
 1.50000E+01 1.99679E+03 1.30850E+00
 1.60000E+01 2.24962E+03 1.48169E+00
 1.70000E+01 2.49826E+03 1.65641E+00
 1.80000E+01 2.72611E+03 1.82367E+00
 1.90000E+01 2.90809E+03 1.96686E+00
 2.00000E+01 2.97558E+03 2.03720E+00
 2.10000E+01 2.92957E+03 2.03095E+00
 2.20000E+01 2.81129E+03 1.97277E+00
 2.30000E+01 2.67560E+03 1.89911E+00
 2.40000E+01 2.56292E+03 1.83863E+00
 2.50000E+01 2.49321E+03 1.80672E+00
 2.60000E+01 2.46557E+03 1.80419E+00
 2.70000E+01 2.47439E+03 1.82819E+00
 2.80000E+01 2.49441E+03 1.86100E+00
 2.90000E+01 2.52421E+03 1.90192E+00
 3.00000E+01 2.56630E+03 1.95311E+00
 3.10000E+01 2.58097E+03 1.98422E+00
 3.20000E+01 2.58047E+03 2.00401E+00
 3.30000E+01 2.56474E+03 2.01191E+00
 3.40000E+01 2.53878E+03 2.01139E+00
 3.50000E+01 2.49422E+03 1.99545E+00
 3.60000E+01 2.46054E+03 1.98744E+00
 3.70000E+01 2.43730E+03 1.98722E+00
 3.80000E+01 2.40705E+03 1.98069E+00
 3.90000E+01 2.38903E+03 1.98372E+00
 4.00000E+01 2.37406E+03 1.98889E+00
