# n +  64Zn Total gamma    production
# Q-value    = 7.97933E+00
# 
# # energies =    40
#    E         xs         Yield
 1.00000E+00 9.23506E+01 2.20535E+00
 2.00000E+00 4.90457E+01 4.42837E-02
 3.00000E+00 5.23908E+01 3.48494E-02
 4.00000E+00 3.94126E+02 2.15256E-01
 5.00000E+00 1.09829E+03 5.98874E-01
 6.00000E+00 1.52580E+03 8.56057E-01
 7.00000E+00 1.86827E+03 1.07731E+00
 8.00000E+00 2.18428E+03 1.28531E+00
 9.00000E+00 2.47021E+03 1.47664E+00
 1.00000E+01 2.67549E+03 1.62301E+00
 1.10000E+01 2.61281E+03 1.60829E+00
 1.20000E+01 2.31154E+03 1.44268E+00
 1.30000E+01 1.95641E+03 1.23615E+00
 1.40000E+01 1.68319E+03 1.07473E+00
 1.50000E+01 1.56696E+03 1.00986E+00
 1.60000E+01 1.58021E+03 1.02768E+00
 1.70000E+01 1.68285E+03 1.10512E+00
 1.80000E+01 1.83031E+03 1.21510E+00
 1.90000E+01 1.98993E+03 1.33713E+00
 2.00000E+01 2.14764E+03 1.46196E+00
 2.10000E+01 2.28453E+03 1.57604E+00
 2.20000E+01 2.37852E+03 1.66266E+00
 2.30000E+01 2.41329E+03 1.70856E+00
 2.40000E+01 2.37889E+03 1.70475E+00
 2.50000E+01 2.30389E+03 1.67027E+00
 2.60000E+01 2.22567E+03 1.63180E+00
 2.70000E+01 2.15410E+03 1.59680E+00
 2.80000E+01 2.10268E+03 1.57578E+00
 2.90000E+01 2.07902E+03 1.57509E+00
 3.00000E+01 2.07930E+03 1.59253E+00
 3.10000E+01 2.08548E+03 1.61466E+00
 3.20000E+01 2.11045E+03 1.65168E+00
 3.30000E+01 2.12638E+03 1.68195E+00
 3.40000E+01 2.14062E+03 1.71110E+00
 3.50000E+01 2.13421E+03 1.72366E+00
 3.60000E+01 2.11571E+03 1.72612E+00
 3.70000E+01 2.09597E+03 1.72708E+00
 3.80000E+01 2.07087E+03 1.72310E+00
 3.90000E+01 2.04504E+03 1.71793E+00
 4.00000E+01 2.01425E+03 1.70799E+00
