# n +  70Zn Total gamma    production
# Q-value    = 5.83536E+00
# 
# # energies =    40
#    E         xs         Yield
 1.00000E+00 1.68996E+01 5.24539E-02
 2.00000E+00 1.16859E+01 1.07697E-02
 3.00000E+00 1.42251E+01 9.69790E-03
 4.00000E+00 9.05473E+01 5.42764E-02
 5.00000E+00 7.80538E+02 4.50914E-01
 6.00000E+00 1.29199E+03 7.56259E-01
 7.00000E+00 1.65467E+03 9.91703E-01
 8.00000E+00 1.98306E+03 1.21244E+00
 9.00000E+00 2.30375E+03 1.42824E+00
 1.00000E+01 2.41076E+03 1.50948E+00
 1.10000E+01 1.69272E+03 1.06910E+00
 1.20000E+01 1.26337E+03 8.04333E-01
 1.30000E+01 1.18950E+03 7.62193E-01
 1.40000E+01 1.33246E+03 8.57689E-01
 1.50000E+01 1.54907E+03 1.00105E+00
 1.60000E+01 1.80225E+03 1.17087E+00
 1.70000E+01 2.03457E+03 1.33243E+00
 1.80000E+01 2.17620E+03 1.44046E+00
 1.90000E+01 2.19351E+03 1.46999E+00
 2.00000E+01 2.12008E+03 1.43920E+00
 2.10000E+01 1.99450E+03 1.37093E+00
 2.20000E+01 1.89764E+03 1.31951E+00
 2.30000E+01 1.86980E+03 1.31395E+00
 2.40000E+01 1.89142E+03 1.34223E+00
 2.50000E+01 1.95827E+03 1.40275E+00
 2.60000E+01 2.05273E+03 1.48414E+00
 2.70000E+01 2.15976E+03 1.57637E+00
 2.80000E+01 2.26196E+03 1.66708E+00
 2.90000E+01 2.32595E+03 1.73140E+00
 3.00000E+01 2.35827E+03 1.77332E+00
 3.10000E+01 2.35002E+03 1.78517E+00
 3.20000E+01 2.32303E+03 1.78257E+00
 3.30000E+01 2.27732E+03 1.76495E+00
 3.40000E+01 2.23872E+03 1.75202E+00
 3.50000E+01 2.22038E+03 1.75430E+00
 3.60000E+01 2.19493E+03 1.75042E+00
 3.70000E+01 2.17695E+03 1.75199E+00
 3.80000E+01 2.18181E+03 1.77168E+00
 3.90000E+01 2.17594E+03 1.78253E+00
 4.00000E+01 2.17557E+03 1.79774E+00
