# n +  68Zn Total helium-3 production
# Q-value    =-1.08607E+01
# 
# # energies =    40
#    E         xs         Yield
 1.00000E+00 0.00000E+00 0.00000E+00
 2.00000E+00 0.00000E+00 0.00000E+00
 3.00000E+00 0.00000E+00 0.00000E+00
 4.00000E+00 0.00000E+00 0.00000E+00
 5.00000E+00 0.00000E+00 0.00000E+00
 6.00000E+00 0.00000E+00 0.00000E+00
 7.00000E+00 0.00000E+00 0.00000E+00
 8.00000E+00 0.00000E+00 0.00000E+00
 9.00000E+00 0.00000E+00 0.00000E+00
 1.00000E+01 0.00000E+00 0.00000E+00
 1.10000E+01 0.00000E+00 0.00000E+00
 1.20000E+01 1.24967E-29 8.00319E-33
 1.30000E+01 5.69003E-17 3.67279E-20
 1.40000E+01 3.00696E-12 1.95239E-15
 1.50000E+01 4.30596E-09 2.80872E-12
 1.60000E+01 1.29176E-07 8.46844E-11
 1.70000E+01 3.23382E-06 2.13486E-09
 1.80000E+01 3.70201E-05 2.46718E-08
 1.90000E+01 2.29416E-04 1.54656E-07
 2.00000E+01 8.60997E-04 5.87719E-07
 2.10000E+01 2.23176E-03 1.54268E-06
 2.20000E+01 5.46201E-03 3.82114E-06
 2.30000E+01 1.56366E-02 1.10620E-05
 2.40000E+01 4.40234E-02 3.14693E-05
 2.50000E+01 1.04403E-01 7.53677E-05
 2.60000E+01 2.08918E-01 1.52267E-04
 2.70000E+01 3.64188E-01 2.67982E-04
 2.80000E+01 5.71303E-01 4.24483E-04
 2.90000E+01 8.27766E-01 6.21148E-04
 3.00000E+01 1.12988E+00 8.56413E-04
 3.10000E+01 1.47315E+00 1.12797E-03
 3.20000E+01 1.85330E+00 1.43347E-03
 3.30000E+01 2.26657E+00 1.77079E-03
 3.40000E+01 2.70983E+00 2.13809E-03
 3.50000E+01 3.24493E+00 2.58519E-03
 3.60000E+01 3.73839E+00 3.00671E-03
 3.70000E+01 4.24468E+00 3.44580E-03
 3.80000E+01 4.78148E+00 3.91712E-03
 3.90000E+01 5.33729E+00 4.41182E-03
 4.00000E+01 5.94516E+00 4.95781E-03
