# n +  64Zn Total helium-3 production
# Q-value    =-6.11757E+00
# 
# # energies =    40
#    E         xs         Yield
 1.00000E+00 0.00000E+00 0.00000E+00
 2.00000E+00 0.00000E+00 0.00000E+00
 3.00000E+00 0.00000E+00 0.00000E+00
 4.00000E+00 0.00000E+00 0.00000E+00
 5.00000E+00 0.00000E+00 0.00000E+00
 6.00000E+00 0.00000E+00 0.00000E+00
 7.00000E+00 2.01016E-34 1.15913E-37
 8.00000E+00 8.38858E-18 4.93612E-21
 9.00000E+00 2.14389E-12 1.28157E-15
 1.00000E+01 3.95936E-08 2.40182E-11
 1.10000E+01 2.37363E-06 1.46106E-09
 1.20000E+01 3.25815E-05 2.03347E-08
 1.30000E+01 2.36332E-04 1.49325E-07
 1.40000E+01 1.09413E-03 6.98614E-07
 1.50000E+01 3.54611E-03 2.28535E-06
 1.60000E+01 8.81038E-03 5.72977E-06
 1.70000E+01 2.09921E-02 1.37855E-05
 1.80000E+01 5.44382E-02 3.61404E-05
 1.90000E+01 1.44695E-01 9.72279E-05
 2.00000E+01 3.29203E-01 2.24098E-04
 2.10000E+01 4.97380E-01 3.43130E-04
 2.20000E+01 9.21369E-01 6.44066E-04
 2.30000E+01 1.50994E+00 1.06901E-03
 2.40000E+01 2.25094E+00 1.61305E-03
 2.50000E+01 3.12406E+00 2.26488E-03
 2.60000E+01 4.11063E+00 3.01379E-03
 2.70000E+01 5.19118E+00 3.84814E-03
 2.80000E+01 6.34979E+00 4.75864E-03
 2.90000E+01 7.57411E+00 5.73827E-03
 3.00000E+01 8.85433E+00 6.78150E-03
 3.10000E+01 1.00926E+01 7.81409E-03
 3.20000E+01 1.15366E+01 9.02875E-03
 3.30000E+01 1.29309E+01 1.02283E-02
 3.40000E+01 1.43495E+01 1.14702E-02
 3.50000E+01 1.57795E+01 1.27441E-02
 3.60000E+01 1.72214E+01 1.40503E-02
 3.70000E+01 1.86670E+01 1.53816E-02
 3.80000E+01 2.01180E+01 1.67394E-02
 3.90000E+01 2.15761E+01 1.81249E-02
 4.00000E+01 2.30350E+01 1.95326E-02
