# n +  67Zn Total helium-3 production
# Q-value    =-9.61451E+00
# 
# # energies =    40
#    E         xs         Yield
 1.00000E+00 0.00000E+00 0.00000E+00
 2.00000E+00 0.00000E+00 0.00000E+00
 3.00000E+00 0.00000E+00 0.00000E+00
 4.00000E+00 0.00000E+00 0.00000E+00
 5.00000E+00 0.00000E+00 0.00000E+00
 6.00000E+00 0.00000E+00 0.00000E+00
 7.00000E+00 0.00000E+00 0.00000E+00
 8.00000E+00 0.00000E+00 0.00000E+00
 9.00000E+00 0.00000E+00 0.00000E+00
 1.00000E+01 0.00000E+00 0.00000E+00
 1.10000E+01 0.00000E+00 0.00000E+00
 1.20000E+01 0.00000E+00 0.00000E+00
 1.30000E+01 3.32176E-25 2.15145E-28
 1.40000E+01 8.68262E-09 5.66090E-12
 1.50000E+01 2.06925E-07 1.35599E-10
 1.60000E+01 1.94430E-06 1.28059E-09
 1.70000E+01 2.45690E-05 1.62899E-08
 1.80000E+01 3.65042E-04 2.44200E-07
 1.90000E+01 3.32356E-03 2.24787E-06
 2.00000E+01 1.82435E-02 1.24902E-05
 2.10000E+01 6.47640E-02 4.48983E-05
 2.20000E+01 1.64632E-01 1.15527E-04
 2.30000E+01 3.11524E-01 2.21116E-04
 2.40000E+01 5.47442E-01 3.92732E-04
 2.50000E+01 8.65080E-01 6.26888E-04
 2.60000E+01 1.15993E+00 8.48784E-04
 2.70000E+01 1.62132E+00 1.19791E-03
 2.80000E+01 2.14559E+00 1.60076E-03
 2.90000E+01 2.72417E+00 2.05258E-03
 3.00000E+01 3.34911E+00 2.54886E-03
 3.10000E+01 4.01532E+00 3.08693E-03
 3.20000E+01 4.71735E+00 3.66354E-03
 3.30000E+01 5.40530E+00 4.24018E-03
 3.40000E+01 6.20890E+00 4.91911E-03
 3.50000E+01 6.99352E+00 5.59504E-03
 3.60000E+01 7.79893E+00 6.29937E-03
 3.70000E+01 8.62078E+00 7.02882E-03
 3.80000E+01 9.45510E+00 7.78031E-03
 3.90000E+01 1.03009E+01 8.55329E-03
 4.00000E+01 1.11565E+01 9.34649E-03
