# n +  70Zn Total helium-3 production
# Q-value    =-1.29608E+01
# 
# # energies =    40
#    E         xs         Yield
 1.00000E+00 0.00000E+00 0.00000E+00
 2.00000E+00 0.00000E+00 0.00000E+00
 3.00000E+00 0.00000E+00 0.00000E+00
 4.00000E+00 0.00000E+00 0.00000E+00
 5.00000E+00 0.00000E+00 0.00000E+00
 6.00000E+00 0.00000E+00 0.00000E+00
 7.00000E+00 0.00000E+00 0.00000E+00
 8.00000E+00 0.00000E+00 0.00000E+00
 9.00000E+00 0.00000E+00 0.00000E+00
 1.00000E+01 0.00000E+00 0.00000E+00
 1.10000E+01 0.00000E+00 0.00000E+00
 1.20000E+01 0.00000E+00 0.00000E+00
 1.30000E+01 0.00000E+00 0.00000E+00
 1.40000E+01 1.51358E-32 9.74271E-36
 1.50000E+01 6.43596E-18 4.15908E-21
 1.60000E+01 2.07896E-12 1.35064E-15
 1.70000E+01 6.67077E-10 4.36863E-13
 1.80000E+01 5.34573E-08 3.53841E-11
 1.90000E+01 1.47987E-06 9.91737E-10
 2.00000E+01 1.72342E-05 1.16993E-08
 2.10000E+01 1.07401E-04 7.38229E-08
 2.20000E+01 4.14676E-04 2.88342E-07
 2.30000E+01 1.16053E-03 8.15536E-07
 2.40000E+01 3.06689E-03 2.17638E-06
 2.50000E+01 9.19585E-03 6.58719E-06
 2.60000E+01 2.60919E-02 1.88647E-05
 2.70000E+01 6.17330E-02 4.50577E-05
 2.80000E+01 1.23078E-01 9.07094E-05
 2.90000E+01 2.14350E-01 1.59559E-04
 3.00000E+01 3.36876E-01 2.53317E-04
 3.10000E+01 4.89818E-01 3.72086E-04
 3.20000E+01 6.71341E-01 5.15152E-04
 3.30000E+01 8.79304E-01 6.81472E-04
 3.40000E+01 1.11149E+00 8.69851E-04
 3.50000E+01 1.36576E+00 1.07907E-03
 3.60000E+01 1.64053E+00 1.30830E-03
 3.70000E+01 1.98031E+00 1.59374E-03
 3.80000E+01 2.29017E+00 1.85968E-03
 3.90000E+01 2.61110E+00 2.13902E-03
 4.00000E+01 2.95212E+00 2.43943E-03
