# n +  64Zn Nonelastic cross sections
# 
# 
# # energies =    40
#    E      Cross section
 1.00000E+00 4.18757E+01
 2.00000E+00 1.10754E+03
 3.00000E+00 1.50335E+03
 4.00000E+00 1.83096E+03
 5.00000E+00 1.83393E+03
 6.00000E+00 1.78236E+03
 7.00000E+00 1.73419E+03
 8.00000E+00 1.69943E+03
 9.00000E+00 1.67286E+03
 1.00000E+01 1.64848E+03
 1.10000E+01 1.62459E+03
 1.20000E+01 1.60226E+03
 1.30000E+01 1.58267E+03
 1.40000E+01 1.56614E+03
 1.50000E+01 1.55167E+03
 1.60000E+01 1.53765E+03
 1.70000E+01 1.52277E+03
 1.80000E+01 1.50630E+03
 1.90000E+01 1.48821E+03
 2.00000E+01 1.46901E+03
 2.10000E+01 1.44954E+03
 2.20000E+01 1.43055E+03
 2.30000E+01 1.41247E+03
 2.40000E+01 1.39545E+03
 2.50000E+01 1.37935E+03
 2.60000E+01 1.36394E+03
 2.70000E+01 1.34901E+03
 2.80000E+01 1.33437E+03
 2.90000E+01 1.31993E+03
 3.00000E+01 1.30566E+03
 3.10000E+01 1.29159E+03
 3.20000E+01 1.27776E+03
 3.30000E+01 1.26423E+03
 3.40000E+01 1.25102E+03
 3.50000E+01 1.23818E+03
 3.60000E+01 1.22570E+03
 3.70000E+01 1.21359E+03
 3.80000E+01 1.20183E+03
 3.90000E+01 1.19041E+03
 4.00000E+01 1.17931E+03
