# n +  64Zn Total neutron  production
# Q-value    = 0.00000E+00
# 
# # energies =    40
#    E         xs         Yield
 1.00000E+00 2.64874E-01 6.32524E-03
 2.00000E+00 1.07833E+03 9.73628E-01
 3.00000E+00 1.38432E+03 9.20821E-01
 4.00000E+00 1.67416E+03 9.14361E-01
 5.00000E+00 1.65169E+03 9.00629E-01
 6.00000E+00 1.57328E+03 8.82698E-01
 7.00000E+00 1.50176E+03 8.65969E-01
 8.00000E+00 1.44287E+03 8.49036E-01
 9.00000E+00 1.39070E+03 8.31328E-01
 1.00000E+01 1.33855E+03 8.11990E-01
 1.10000E+01 1.29566E+03 7.97529E-01
 1.20000E+01 1.28049E+03 7.99177E-01
 1.30000E+01 1.33055E+03 8.40705E-01
 1.40000E+01 1.44469E+03 9.22450E-01
 1.50000E+01 1.55538E+03 1.00240E+00
 1.60000E+01 1.63331E+03 1.06222E+00
 1.70000E+01 1.67308E+03 1.09871E+00
 1.80000E+01 1.68105E+03 1.11601E+00
 1.90000E+01 1.67281E+03 1.12404E+00
 2.00000E+01 1.65476E+03 1.12645E+00
 2.10000E+01 1.63351E+03 1.12692E+00
 2.20000E+01 1.61147E+03 1.12647E+00
 2.30000E+01 1.59531E+03 1.12945E+00
 2.40000E+01 1.59568E+03 1.14349E+00
 2.50000E+01 1.60676E+03 1.16487E+00
 2.60000E+01 1.62632E+03 1.19237E+00
 2.70000E+01 1.65441E+03 1.22639E+00
 2.80000E+01 1.67265E+03 1.25351E+00
 2.90000E+01 1.68961E+03 1.28007E+00
 3.00000E+01 1.69855E+03 1.30091E+00
 3.10000E+01 1.70652E+03 1.32126E+00
 3.20000E+01 1.71440E+03 1.34172E+00
 3.30000E+01 1.71722E+03 1.35831E+00
 3.40000E+01 1.71536E+03 1.37117E+00
 3.50000E+01 1.71549E+03 1.38550E+00
 3.60000E+01 1.72016E+03 1.40341E+00
 3.70000E+01 1.72385E+03 1.42046E+00
 3.80000E+01 1.72924E+03 1.43884E+00
 3.90000E+01 1.73305E+03 1.45584E+00
 4.00000E+01 1.74168E+03 1.47687E+00
