# n +  67Zn Total neutron  production
# Q-value    = 0.00000E+00
# 
# # energies =    40
#    E         xs         Yield
 1.00000E+00 1.03269E+03 9.89927E-01
 2.00000E+00 1.45935E+03 9.96156E-01
 3.00000E+00 1.60483E+03 9.95732E-01
 4.00000E+00 1.70453E+03 9.93884E-01
 5.00000E+00 1.71943E+03 9.91356E-01
 6.00000E+00 1.68172E+03 9.87609E-01
 7.00000E+00 1.63433E+03 9.82327E-01
 8.00000E+00 1.69417E+03 1.03801E+00
 9.00000E+00 1.91195E+03 1.18903E+00
 1.00000E+01 2.14542E+03 1.35002E+00
 1.10000E+01 2.32395E+03 1.47775E+00
 1.20000E+01 2.43573E+03 1.56413E+00
 1.30000E+01 2.49237E+03 1.61427E+00
 1.40000E+01 2.51468E+03 1.63952E+00
 1.50000E+01 2.51604E+03 1.64877E+00
 1.60000E+01 2.50424E+03 1.64939E+00
 1.70000E+01 2.48183E+03 1.64551E+00
 1.80000E+01 2.45024E+03 1.63912E+00
 1.90000E+01 2.41917E+03 1.63619E+00
 2.00000E+01 2.41052E+03 1.65034E+00
 2.10000E+01 2.44426E+03 1.69451E+00
 2.20000E+01 2.48906E+03 1.74664E+00
 2.30000E+01 2.54710E+03 1.80790E+00
 2.40000E+01 2.59069E+03 1.85855E+00
 2.50000E+01 2.61309E+03 1.89360E+00
 2.60000E+01 2.62569E+03 1.92136E+00
 2.70000E+01 2.62643E+03 1.94053E+00
 2.80000E+01 2.62175E+03 1.95600E+00
 2.90000E+01 2.61397E+03 1.96955E+00
 3.00000E+01 2.60094E+03 1.97947E+00
 3.10000E+01 2.59856E+03 1.99774E+00
 3.20000E+01 2.59454E+03 2.01494E+00
 3.30000E+01 2.59941E+03 2.03910E+00
 3.40000E+01 2.60563E+03 2.06435E+00
 3.50000E+01 2.61905E+03 2.09532E+00
 3.60000E+01 2.62647E+03 2.12146E+00
 3.70000E+01 2.63097E+03 2.14512E+00
 3.80000E+01 2.64058E+03 2.17285E+00
 3.90000E+01 2.64325E+03 2.19481E+00
 4.00000E+01 2.64576E+03 2.21651E+00
