# n +  66Zn Total neutron  production
# Q-value    = 0.00000E+00
# 
# # energies =    40
#    E         xs         Yield
 1.00000E+00 2.27336E-01 9.97439E-03
 2.00000E+00 9.81679E+02 9.87644E-01
 3.00000E+00 1.46886E+03 9.93302E-01
 4.00000E+00 1.78170E+03 9.95988E-01
 5.00000E+00 1.79890E+03 9.93170E-01
 6.00000E+00 1.74210E+03 9.84718E-01
 7.00000E+00 1.68094E+03 9.75099E-01
 8.00000E+00 1.63572E+03 9.68160E-01
 9.00000E+00 1.60227E+03 9.63462E-01
 1.00000E+01 1.57274E+03 9.59334E-01
 1.10000E+01 1.54367E+03 9.54791E-01
 1.20000E+01 1.69207E+03 1.06020E+00
 1.30000E+01 1.97134E+03 1.24899E+00
 1.40000E+01 2.18629E+03 1.39788E+00
 1.50000E+01 2.30391E+03 1.48507E+00
 1.60000E+01 2.34475E+03 1.52410E+00
 1.70000E+01 2.34510E+03 1.53907E+00
 1.80000E+01 2.32112E+03 1.54056E+00
 1.90000E+01 2.28275E+03 1.53441E+00
 2.00000E+01 2.24508E+03 1.52961E+00
 2.10000E+01 2.21598E+03 1.53050E+00
 2.20000E+01 2.20769E+03 1.54503E+00
 2.30000E+01 2.22083E+03 1.57374E+00
 2.40000E+01 2.25499E+03 1.61684E+00
 2.50000E+01 2.28504E+03 1.65684E+00
 2.60000E+01 2.31955E+03 1.70021E+00
 2.70000E+01 2.34013E+03 1.73379E+00
 2.80000E+01 2.35809E+03 1.76590E+00
 2.90000E+01 2.36189E+03 1.78786E+00
 3.00000E+01 2.35432E+03 1.80145E+00
 3.10000E+01 2.34966E+03 1.81735E+00
 3.20000E+01 2.33359E+03 1.82430E+00
 3.30000E+01 2.32053E+03 1.83334E+00
 3.40000E+01 2.31041E+03 1.84437E+00
 3.50000E+01 2.30337E+03 1.85753E+00
 3.60000E+01 2.30084E+03 1.87403E+00
 3.70000E+01 2.30251E+03 1.89373E+00
 3.80000E+01 2.30513E+03 1.91403E+00
 3.90000E+01 2.30779E+03 1.93422E+00
 4.00000E+01 2.31266E+03 1.95612E+00
