# n +  68Zn Total neutron  production
# Q-value    = 0.00000E+00
# 
# # energies =    40
#    E         xs         Yield
 1.00000E+00 2.30315E-01 1.24440E-02
 2.00000E+00 8.70592E+02 9.88205E-01
 3.00000E+00 1.34681E+03 9.94399E-01
 4.00000E+00 1.65378E+03 9.97099E-01
 5.00000E+00 1.71507E+03 9.97689E-01
 6.00000E+00 1.69455E+03 9.97765E-01
 7.00000E+00 1.65807E+03 9.97166E-01
 8.00000E+00 1.62522E+03 9.95771E-01
 9.00000E+00 1.59847E+03 9.93406E-01
 1.00000E+01 1.57547E+03 9.90009E-01
 1.10000E+01 1.70276E+03 1.08048E+00
 1.20000E+01 2.02938E+03 1.29966E+00
 1.30000E+01 2.27757E+03 1.47012E+00
 1.40000E+01 2.41871E+03 1.57045E+00
 1.50000E+01 2.49166E+03 1.62527E+00
 1.60000E+01 2.52033E+03 1.65226E+00
 1.70000E+01 2.51927E+03 1.66314E+00
 1.80000E+01 2.49979E+03 1.66597E+00
 1.90000E+01 2.48344E+03 1.67416E+00
 2.00000E+01 2.48438E+03 1.69585E+00
 2.10000E+01 2.50772E+03 1.73343E+00
 2.20000E+01 2.54686E+03 1.78174E+00
 2.30000E+01 2.58581E+03 1.82931E+00
 2.40000E+01 2.62716E+03 1.87797E+00
 2.50000E+01 2.64778E+03 1.91141E+00
 2.60000E+01 2.67139E+03 1.94700E+00
 2.70000E+01 2.68309E+03 1.97431E+00
 2.80000E+01 2.68838E+03 1.99749E+00
 2.90000E+01 2.68573E+03 2.01535E+00
 3.00000E+01 2.67472E+03 2.02734E+00
 3.10000E+01 2.67271E+03 2.04645E+00
 3.20000E+01 2.67206E+03 2.06677E+00
 3.30000E+01 2.67317E+03 2.08844E+00
 3.40000E+01 2.68255E+03 2.11656E+00
 3.50000E+01 2.69831E+03 2.14971E+00
 3.60000E+01 2.71228E+03 2.18143E+00
 3.70000E+01 2.72708E+03 2.21383E+00
 3.80000E+01 2.73953E+03 2.24430E+00
 3.90000E+01 2.75028E+03 2.27339E+00
 4.00000E+01 2.75920E+03 2.30096E+00
