# n +  64Zn Total proton   production
# Q-value    = 2.02884E-01
# 
# # energies =    40
#    E         xs         Yield
 1.00000E+00 2.10111E-02 5.01748E-04
 2.00000E+00 5.65213E+00 5.10334E-03
 3.00000E+00 7.89021E+01 5.24842E-02
 4.00000E+00 1.18126E+02 6.45159E-02
 5.00000E+00 1.37713E+02 7.50915E-02
 6.00000E+00 1.58519E+02 8.89379E-02
 7.00000E+00 1.78426E+02 1.02887E-01
 8.00000E+00 1.99035E+02 1.17119E-01
 9.00000E+00 2.19642E+02 1.31297E-01
 1.00000E+01 2.58088E+02 1.56561E-01
 1.10000E+01 3.79118E+02 2.33362E-01
 1.20000E+01 5.47992E+02 3.42012E-01
 1.30000E+01 6.73081E+02 4.25283E-01
 1.40000E+01 7.10362E+02 4.53574E-01
 1.50000E+01 6.99203E+02 4.50614E-01
 1.60000E+01 6.79666E+02 4.42016E-01
 1.70000E+01 6.62213E+02 4.34874E-01
 1.80000E+01 6.49736E+02 4.31345E-01
 1.90000E+01 6.41501E+02 4.31056E-01
 2.00000E+01 6.37460E+02 4.33939E-01
 2.10000E+01 6.39706E+02 4.41317E-01
 2.20000E+01 6.51968E+02 4.55747E-01
 2.30000E+01 6.78068E+02 4.80059E-01
 2.40000E+01 7.08908E+02 5.08014E-01
 2.50000E+01 7.31002E+02 5.29961E-01
 2.60000E+01 7.49529E+02 5.49533E-01
 2.70000E+01 7.55767E+02 5.60238E-01
 2.80000E+01 7.56929E+02 5.67256E-01
 2.90000E+01 7.56837E+02 5.73392E-01
 3.00000E+01 7.56734E+02 5.79579E-01
 3.10000E+01 7.53925E+02 5.83719E-01
 3.20000E+01 7.57515E+02 5.92846E-01
 3.30000E+01 7.57136E+02 5.98891E-01
 3.40000E+01 7.61627E+02 6.08805E-01
 3.50000E+01 7.67519E+02 6.19877E-01
 3.60000E+01 7.72390E+02 6.30163E-01
 3.70000E+01 7.78851E+02 6.41774E-01
 3.80000E+01 7.85278E+02 6.53402E-01
 3.90000E+01 7.91330E+02 6.64754E-01
 4.00000E+01 7.93855E+02 6.73152E-01
