# n +  70Zn Total proton   production
# Q-value    =-5.80601E+00
# 
# # energies =    40
#    E         xs         Yield
 1.00000E+00 0.00000E+00 0.00000E+00
 2.00000E+00 0.00000E+00 0.00000E+00
 3.00000E+00 0.00000E+00 0.00000E+00
 4.00000E+00 0.00000E+00 0.00000E+00
 5.00000E+00 0.00000E+00 0.00000E+00
 6.00000E+00 0.00000E+00 0.00000E+00
 7.00000E+00 3.57054E-06 2.13995E-09
 8.00000E+00 3.88123E-03 2.37298E-06
 9.00000E+00 4.53751E-02 2.81308E-05
 1.00000E+01 1.74334E-01 1.09158E-04
 1.10000E+01 5.63156E-01 3.55683E-04
 1.20000E+01 1.32410E+00 8.43001E-04
 1.30000E+01 2.67133E+00 1.71170E-03
 1.40000E+01 4.72869E+00 3.04380E-03
 1.50000E+01 7.61189E+00 4.91899E-03
 1.60000E+01 1.12939E+01 7.33731E-03
 1.70000E+01 1.56278E+01 1.02345E-02
 1.80000E+01 2.06789E+01 1.36876E-02
 1.90000E+01 2.59546E+01 1.73935E-02
 2.00000E+01 3.17785E+01 2.15727E-02
 2.10000E+01 3.77077E+01 2.59186E-02
 2.20000E+01 4.39507E+01 3.05608E-02
 2.30000E+01 5.00560E+01 3.51757E-02
 2.40000E+01 5.75110E+01 4.08120E-02
 2.50000E+01 6.43391E+01 4.60875E-02
 2.60000E+01 7.14998E+01 5.16950E-02
 2.70000E+01 7.85695E+01 5.73462E-02
 2.80000E+01 8.56800E+01 6.31467E-02
 2.90000E+01 9.28200E+01 6.90939E-02
 3.00000E+01 9.98301E+01 7.50681E-02
 3.10000E+01 1.06899E+02 8.12047E-02
 3.20000E+01 1.13803E+02 8.73266E-02
 3.30000E+01 1.20696E+02 9.35410E-02
 3.40000E+01 1.27648E+02 9.98976E-02
 3.50000E+01 1.34365E+02 1.06160E-01
 3.60000E+01 1.41159E+02 1.12572E-01
 3.70000E+01 1.47919E+02 1.19044E-01
 3.80000E+01 1.54544E+02 1.25493E-01
 3.90000E+01 1.61062E+02 1.31942E-01
 4.00000E+01 1.67667E+02 1.38548E-01
