# n +  66Zn Reaction cross sections
# 
# 
# # energies =    40
#    E      Cross section
 1.00000E+00 2.18921E+03
 2.00000E+00 2.02555E+03
 3.00000E+00 1.95030E+03
 4.00000E+00 1.91936E+03
 5.00000E+00 1.85549E+03
 6.00000E+00 1.78513E+03
 7.00000E+00 1.72981E+03
 8.00000E+00 1.69179E+03
 9.00000E+00 1.66392E+03
 1.00000E+01 1.63975E+03
 1.10000E+01 1.61690E+03
 1.20000E+01 1.59601E+03
 1.30000E+01 1.57836E+03
 1.40000E+01 1.56400E+03
 1.50000E+01 1.55139E+03
 1.60000E+01 1.53845E+03
 1.70000E+01 1.52371E+03
 1.80000E+01 1.50667E+03
 1.90000E+01 1.48771E+03
 2.00000E+01 1.46775E+03
 2.10000E+01 1.44788E+03
 2.20000E+01 1.42890E+03
 2.30000E+01 1.41118E+03
 2.40000E+01 1.39469E+03
 2.50000E+01 1.37916E+03
 2.60000E+01 1.36427E+03
 2.70000E+01 1.34972E+03
 2.80000E+01 1.33535E+03
 2.90000E+01 1.32107E+03
 3.00000E+01 1.30690E+03
 3.10000E+01 1.29291E+03
 3.20000E+01 1.27917E+03
 3.30000E+01 1.26574E+03
 3.40000E+01 1.25268E+03
 3.50000E+01 1.24002E+03
 3.60000E+01 1.22775E+03
 3.70000E+01 1.21586E+03
 3.80000E+01 1.20433E+03
 3.90000E+01 1.19314E+03
 4.00000E+01 1.18227E+03
