# n +  66Zn: Production of  61Co - Total
# Q-value    =-1.34904E+01 mass=  60.932476
# E-threshold= 1.36968E+01
# # energies =    40
#     E          xs
 1.00000E+00 0.00000E+00
 2.00000E+00 0.00000E+00
 3.00000E+00 0.00000E+00
 4.00000E+00 0.00000E+00
 5.00000E+00 0.00000E+00
 6.00000E+00 0.00000E+00
 7.00000E+00 0.00000E+00
 8.00000E+00 0.00000E+00
 9.00000E+00 0.00000E+00
 1.00000E+01 0.00000E+00
 1.10000E+01 0.00000E+00
 1.20000E+01 0.00000E+00
 1.30000E+01 0.00000E+00
 1.40000E+01 0.00000E+00
 1.50000E+01 0.00000E+00
 1.60000E+01 0.00000E+00
 1.70000E+01 0.00000E+00
 1.80000E+01 0.00000E+00
 1.90000E+01 0.00000E+00
 2.00000E+01 0.00000E+00
 2.10000E+01 0.00000E+00
 2.20000E+01 0.00000E+00
 2.30000E+01 0.00000E+00
 2.40000E+01 0.00000E+00
 2.50000E+01 0.00000E+00
 2.60000E+01 4.98522E-03
 2.70000E+01 1.96923E-02
 2.80000E+01 8.20373E-02
 2.90000E+01 1.95873E-01
 3.00000E+01 4.11073E-01
 3.10000E+01 7.51747E-01
 3.20000E+01 1.13510E+00
 3.30000E+01 1.57618E+00
 3.40000E+01 2.15600E+00
 3.50000E+01 2.67650E+00
 3.60000E+01 3.20857E+00
 3.70000E+01 3.70639E+00
 3.80000E+01 4.21545E+00
 3.90000E+01 4.64276E+00
 4.00000E+01 5.01036E+00
