# n +  67Zn: Production of  65Cu - Total
# Q-value    =-7.49512E+00 mass=  64.927789
# E-threshold= 7.60808E+00
# # energies =    40
#     E          xs
 1.00000E+00 0.00000E+00
 2.00000E+00 0.00000E+00
 3.00000E+00 0.00000E+00
 4.00000E+00 0.00000E+00
 5.00000E+00 0.00000E+00
 6.00000E+00 0.00000E+00
 7.00000E+00 0.00000E+00
 8.00000E+00 0.00000E+00
 9.00000E+00 0.00000E+00
 1.00000E+01 0.00000E+00
 1.10000E+01 0.00000E+00
 1.20000E+01 4.31394E-03
 1.30000E+01 1.72265E-02
 1.40000E+01 6.99768E-02
 1.50000E+01 2.80677E-01
 1.60000E+01 7.44198E-01
 1.70000E+01 1.46324E+00
 1.80000E+01 2.49715E+00
 1.90000E+01 4.75872E+00
 2.00000E+01 8.77957E+00
 2.10000E+01 1.39378E+01
 2.20000E+01 2.36314E+01
 2.30000E+01 3.57305E+01
 2.40000E+01 4.90056E+01
 2.50000E+01 6.50664E+01
 2.60000E+01 8.00944E+01
 2.70000E+01 9.53417E+01
 2.80000E+01 1.09707E+02
 2.90000E+01 1.22518E+02
 3.00000E+01 1.34321E+02
 3.10000E+01 1.44837E+02
 3.20000E+01 1.52530E+02
 3.30000E+01 1.56116E+02
 3.40000E+01 1.59551E+02
 3.50000E+01 1.59874E+02
 3.60000E+01 1.58419E+02
 3.70000E+01 1.55611E+02
 3.80000E+01 1.52347E+02
 3.90000E+01 1.50841E+02
 4.00000E+01 1.48322E+02
