# n +  67Zn: Production of  60Fe - Total
# Q-value    =-3.24580E+00 mass=  59.934070
# E-threshold= 3.29471E+00
# # energies =    40
#     E          xs
 1.00000E+00 0.00000E+00
 2.00000E+00 0.00000E+00
 3.00000E+00 0.00000E+00
 4.00000E+00 0.00000E+00
 5.00000E+00 0.00000E+00
 6.00000E+00 0.00000E+00
 7.00000E+00 0.00000E+00
 8.00000E+00 0.00000E+00
 9.00000E+00 0.00000E+00
 1.00000E+01 0.00000E+00
 1.10000E+01 0.00000E+00
 1.20000E+01 0.00000E+00
 1.30000E+01 0.00000E+00
 1.40000E+01 0.00000E+00
 1.50000E+01 0.00000E+00
 1.60000E+01 0.00000E+00
 1.70000E+01 0.00000E+00
 1.80000E+01 0.00000E+00
 1.90000E+01 0.00000E+00
 2.00000E+01 0.00000E+00
 2.10000E+01 1.54307E-03
 2.20000E+01 2.76649E-03
 2.30000E+01 4.38648E-03
 2.40000E+01 6.35416E-03
 2.50000E+01 8.50311E-03
 2.60000E+01 1.09479E-02
 2.70000E+01 1.35862E-02
 2.80000E+01 1.63615E-02
 2.90000E+01 1.91599E-02
 3.00000E+01 2.11940E-02
 3.10000E+01 2.30997E-02
 3.20000E+01 2.44786E-02
 3.30000E+01 2.48921E-02
 3.40000E+01 2.52545E-02
 3.50000E+01 2.43815E-02
 3.60000E+01 2.35602E-02
 3.70000E+01 2.30094E-02
 3.80000E+01 2.24968E-02
 3.90000E+01 2.14555E-02
 4.00000E+01 2.06083E-02
