# n +  68Zn: Production of  68Cu - Total
# Q-value    =-3.65770E+00 mass=  67.929611
# E-threshold= 3.71202E+00
# # energies =    40
#     E          xs
 1.00000E+00 0.00000E+00
 2.00000E+00 0.00000E+00
 3.00000E+00 0.00000E+00
 4.00000E+00 0.00000E+00
 5.00000E+00 0.00000E+00
 6.00000E+00 6.10813E-02
 7.00000E+00 5.23110E-01
 8.00000E+00 1.74693E+00
 9.00000E+00 4.76398E+00
 1.00000E+01 9.57220E+00
 1.10000E+01 1.52971E+01
 1.20000E+01 2.18780E+01
 1.30000E+01 2.83675E+01
 1.40000E+01 3.29148E+01
 1.50000E+01 3.49880E+01
 1.60000E+01 3.49654E+01
 1.70000E+01 3.39813E+01
 1.80000E+01 3.25981E+01
 1.90000E+01 3.12441E+01
 2.00000E+01 3.02887E+01
 2.10000E+01 2.93009E+01
 2.20000E+01 2.81934E+01
 2.30000E+01 2.73653E+01
 2.40000E+01 2.65789E+01
 2.50000E+01 2.64704E+01
 2.60000E+01 2.62613E+01
 2.70000E+01 2.49497E+01
 2.80000E+01 2.40483E+01
 2.90000E+01 2.34589E+01
 3.00000E+01 2.22617E+01
 3.10000E+01 2.08834E+01
 3.20000E+01 2.01968E+01
 3.30000E+01 1.94331E+01
 3.40000E+01 1.82874E+01
 3.50000E+01 1.74382E+01
 3.60000E+01 1.68266E+01
 3.70000E+01 1.60926E+01
 3.80000E+01 1.53519E+01
 3.90000E+01 1.45918E+01
 4.00000E+01 1.39409E+01
