# n +  67Zn: Production of  67Cu - Total
# Q-value    = 2.21553E-01 mass=  66.927730
# E-threshold= 0.00000E+00
# # energies =    40
#     E          xs
 1.00000E+00 2.04702E-03
 2.00000E+00 3.01308E-01
 3.00000E+00 1.82326E+00
 4.00000E+00 4.38525E+00
 5.00000E+00 7.77410E+00
 6.00000E+00 1.27829E+01
 7.00000E+00 1.98700E+01
 8.00000E+00 2.66781E+01
 9.00000E+00 3.29934E+01
 1.00000E+01 3.94985E+01
 1.10000E+01 4.64010E+01
 1.20000E+01 5.29717E+01
 1.30000E+01 5.60427E+01
 1.40000E+01 5.52610E+01
 1.50000E+01 5.29172E+01
 1.60000E+01 5.11065E+01
 1.70000E+01 4.97942E+01
 1.80000E+01 4.85759E+01
 1.90000E+01 4.69387E+01
 2.00000E+01 4.49083E+01
 2.10000E+01 4.35305E+01
 2.20000E+01 4.14559E+01
 2.30000E+01 3.98488E+01
 2.40000E+01 3.79236E+01
 2.50000E+01 3.75700E+01
 2.60000E+01 3.55496E+01
 2.70000E+01 3.41169E+01
 2.80000E+01 3.28188E+01
 2.90000E+01 3.11050E+01
 3.00000E+01 2.97302E+01
 3.10000E+01 2.86851E+01
 3.20000E+01 2.69730E+01
 3.30000E+01 2.56787E+01
 3.40000E+01 2.45246E+01
 3.50000E+01 2.35797E+01
 3.60000E+01 2.22313E+01
 3.70000E+01 2.11042E+01
 3.80000E+01 2.01518E+01
 3.90000E+01 1.91873E+01
 4.00000E+01 1.84118E+01
