# n +  70Zn: Production of  67Cu - Total
# Q-value    =-1.71950E+01 mass=  66.927730
# E-threshold= 1.74431E+01
# # energies =    40
#     E          xs
 1.00000E+00 0.00000E+00
 2.00000E+00 0.00000E+00
 3.00000E+00 0.00000E+00
 4.00000E+00 0.00000E+00
 5.00000E+00 0.00000E+00
 6.00000E+00 0.00000E+00
 7.00000E+00 0.00000E+00
 8.00000E+00 0.00000E+00
 9.00000E+00 0.00000E+00
 1.00000E+01 0.00000E+00
 1.10000E+01 0.00000E+00
 1.20000E+01 0.00000E+00
 1.30000E+01 0.00000E+00
 1.40000E+01 0.00000E+00
 1.50000E+01 0.00000E+00
 1.60000E+01 0.00000E+00
 1.70000E+01 0.00000E+00
 1.80000E+01 0.00000E+00
 1.90000E+01 0.00000E+00
 2.00000E+01 0.00000E+00
 2.10000E+01 7.08523E-03
 2.20000E+01 6.40854E-02
 2.30000E+01 2.38504E-01
 2.40000E+01 5.68305E-01
 2.50000E+01 1.05049E+00
 2.60000E+01 1.64367E+00
 2.70000E+01 2.41193E+00
 2.80000E+01 3.20590E+00
 2.90000E+01 4.14389E+00
 3.00000E+01 5.24986E+00
 3.10000E+01 6.77861E+00
 3.20000E+01 8.68529E+00
 3.30000E+01 1.16927E+01
 3.40000E+01 1.54324E+01
 3.50000E+01 1.98143E+01
 3.60000E+01 2.56842E+01
 3.70000E+01 3.23457E+01
 3.80000E+01 3.94199E+01
 3.90000E+01 4.64722E+01
 4.00000E+01 5.45785E+01
