# n +  67Zn: Production of  66Cu - Total
# Q-value    =-6.68644E+00 mass=  65.928869
# E-threshold= 6.78721E+00
# # energies =    40
#     E          xs
 1.00000E+00 0.00000E+00
 2.00000E+00 0.00000E+00
 3.00000E+00 0.00000E+00
 4.00000E+00 0.00000E+00
 5.00000E+00 0.00000E+00
 6.00000E+00 0.00000E+00
 7.00000E+00 0.00000E+00
 8.00000E+00 0.00000E+00
 9.00000E+00 0.00000E+00
 1.00000E+01 7.14661E-03
 1.10000E+01 1.58898E-01
 1.20000E+01 2.13607E+00
 1.30000E+01 1.05276E+01
 1.40000E+01 2.61100E+01
 1.50000E+01 4.56202E+01
 1.60000E+01 6.42069E+01
 1.70000E+01 8.08271E+01
 1.80000E+01 9.54978E+01
 1.90000E+01 1.08477E+02
 2.00000E+01 1.21405E+02
 2.10000E+01 1.27230E+02
 2.20000E+01 1.32431E+02
 2.30000E+01 1.33115E+02
 2.40000E+01 1.33993E+02
 2.50000E+01 1.31796E+02
 2.60000E+01 1.30890E+02
 2.70000E+01 1.28802E+02
 2.80000E+01 1.27354E+02
 2.90000E+01 1.25853E+02
 3.00000E+01 1.24029E+02
 3.10000E+01 1.20958E+02
 3.20000E+01 1.19557E+02
 3.30000E+01 1.18609E+02
 3.40000E+01 1.15826E+02
 3.50000E+01 1.13084E+02
 3.60000E+01 1.11579E+02
 3.70000E+01 1.10491E+02
 3.80000E+01 1.08890E+02
 3.90000E+01 1.05483E+02
 4.00000E+01 1.03065E+02
