# n +  66Zn: Production of  62Co - Total
# Q-value    =-9.11744E+00 mass=  61.934058
# E-threshold= 9.25693E+00
# # energies =    40
#     E          xs
 1.00000E+00 0.00000E+00
 2.00000E+00 0.00000E+00
 3.00000E+00 0.00000E+00
 4.00000E+00 0.00000E+00
 5.00000E+00 0.00000E+00
 6.00000E+00 0.00000E+00
 7.00000E+00 0.00000E+00
 8.00000E+00 0.00000E+00
 9.00000E+00 0.00000E+00
 1.00000E+01 0.00000E+00
 1.10000E+01 0.00000E+00
 1.20000E+01 0.00000E+00
 1.30000E+01 0.00000E+00
 1.40000E+01 0.00000E+00
 1.50000E+01 0.00000E+00
 1.60000E+01 0.00000E+00
 1.70000E+01 0.00000E+00
 1.80000E+01 0.00000E+00
 1.90000E+01 0.00000E+00
 2.00000E+01 2.60641E-03
 2.10000E+01 9.47920E-03
 2.20000E+01 2.52304E-02
 2.30000E+01 5.30083E-02
 2.40000E+01 9.67217E-02
 2.50000E+01 1.61151E-01
 2.60000E+01 2.51774E-01
 2.70000E+01 3.71632E-01
 2.80000E+01 4.92339E-01
 2.90000E+01 6.24222E-01
 3.00000E+01 7.15933E-01
 3.10000E+01 7.25385E-01
 3.20000E+01 7.55140E-01
 3.30000E+01 7.65354E-01
 3.40000E+01 6.70160E-01
 3.50000E+01 6.47810E-01
 3.60000E+01 6.30000E-01
 3.70000E+01 6.12363E-01
 3.80000E+01 5.31189E-01
 3.90000E+01 5.06289E-01
 4.00000E+01 4.91105E-01
