# n +  64Zn: Production of  59Fe - Total
# Q-value    =-1.42707E+01 mass=  58.934874
# E-threshold= 1.44959E+01
# # energies =    40
#     E          xs
 1.00000E+00 0.00000E+00
 2.00000E+00 0.00000E+00
 3.00000E+00 0.00000E+00
 4.00000E+00 0.00000E+00
 5.00000E+00 0.00000E+00
 6.00000E+00 0.00000E+00
 7.00000E+00 0.00000E+00
 8.00000E+00 0.00000E+00
 9.00000E+00 0.00000E+00
 1.00000E+01 0.00000E+00
 1.10000E+01 0.00000E+00
 1.20000E+01 0.00000E+00
 1.30000E+01 0.00000E+00
 1.40000E+01 0.00000E+00
 1.50000E+01 0.00000E+00
 1.60000E+01 0.00000E+00
 1.70000E+01 0.00000E+00
 1.80000E+01 0.00000E+00
 1.90000E+01 0.00000E+00
 2.00000E+01 0.00000E+00
 2.10000E+01 0.00000E+00
 2.20000E+01 0.00000E+00
 2.30000E+01 0.00000E+00
 2.40000E+01 0.00000E+00
 2.50000E+01 0.00000E+00
 2.60000E+01 0.00000E+00
 2.70000E+01 0.00000E+00
 2.80000E+01 0.00000E+00
 2.90000E+01 0.00000E+00
 3.00000E+01 3.07178E-03
 3.10000E+01 8.45911E-03
 3.20000E+01 1.92662E-02
 3.30000E+01 3.59109E-02
 3.40000E+01 5.84036E-02
 3.50000E+01 8.48089E-02
 3.60000E+01 1.13866E-01
 3.70000E+01 1.43260E-01
 3.80000E+01 1.71798E-01
 3.90000E+01 1.99274E-01
 4.00000E+01 2.21802E-01
