# n +  64Zn: Production of  62Cu - Total
# Q-value    =-1.00951E+01 mass=  61.932595
# E-threshold= 1.02543E+01
# # energies =    40
#     E          xs
 1.00000E+00 0.00000E+00
 2.00000E+00 0.00000E+00
 3.00000E+00 0.00000E+00
 4.00000E+00 0.00000E+00
 5.00000E+00 0.00000E+00
 6.00000E+00 0.00000E+00
 7.00000E+00 0.00000E+00
 8.00000E+00 0.00000E+00
 9.00000E+00 0.00000E+00
 1.00000E+01 0.00000E+00
 1.10000E+01 0.00000E+00
 1.20000E+01 0.00000E+00
 1.30000E+01 0.00000E+00
 1.40000E+01 5.92963E-03
 1.50000E+01 6.41493E-02
 1.60000E+01 2.84216E-01
 1.70000E+01 7.61883E-01
 1.80000E+01 1.43875E+00
 1.90000E+01 2.30382E+00
 2.00000E+01 3.35255E+00
 2.10000E+01 5.02162E+00
 2.20000E+01 1.14627E+01
 2.30000E+01 2.94581E+01
 2.40000E+01 6.55005E+01
 2.50000E+01 1.12892E+02
 2.60000E+01 1.58502E+02
 2.70000E+01 2.05164E+02
 2.80000E+01 2.40038E+02
 2.90000E+01 2.68310E+02
 3.00000E+01 2.87429E+02
 3.10000E+01 3.04519E+02
 3.20000E+01 3.15824E+02
 3.30000E+01 3.23740E+02
 3.40000E+01 3.23139E+02
 3.50000E+01 3.17779E+02
 3.60000E+01 3.11122E+02
 3.70000E+01 3.01243E+02
 3.80000E+01 2.90114E+02
 3.90000E+01 2.79120E+02
 4.00000E+01 2.69994E+02
