# n +  64Zn: Production of  58Co - Ground state
# Q-value    =-1.54602E+01 mass=  57.935751
# E-threshold= 1.57042E+01
# # energies =    40
#     E          xs      Branching
 1.00000E+00 0.00000E+00 0.00000E+00
 2.00000E+00 0.00000E+00 0.00000E+00
 3.00000E+00 0.00000E+00 0.00000E+00
 4.00000E+00 0.00000E+00 0.00000E+00
 5.00000E+00 0.00000E+00 0.00000E+00
 6.00000E+00 0.00000E+00 0.00000E+00
 7.00000E+00 0.00000E+00 0.00000E+00
 8.00000E+00 0.00000E+00 0.00000E+00
 9.00000E+00 0.00000E+00 0.00000E+00
 1.00000E+01 0.00000E+00 0.00000E+00
 1.10000E+01 0.00000E+00 0.00000E+00
 1.20000E+01 0.00000E+00 0.00000E+00
 1.30000E+01 0.00000E+00 0.00000E+00
 1.40000E+01 0.00000E+00 0.00000E+00
 1.50000E+01 0.00000E+00 0.00000E+00
 1.60000E+01 0.00000E+00 0.00000E+00
 1.70000E+01 0.00000E+00 0.00000E+00
 1.80000E+01 0.00000E+00 0.00000E+00
 1.90000E+01 0.00000E+00 0.00000E+00
 2.00000E+01 0.00000E+00 0.00000E+00
 2.10000E+01 0.00000E+00 0.00000E+00
 2.20000E+01 0.00000E+00 0.00000E+00
 2.30000E+01 0.00000E+00 0.00000E+00
 2.40000E+01 0.00000E+00 0.00000E+00
 2.50000E+01 0.00000E+00 0.00000E+00
 2.60000E+01 0.00000E+00 0.00000E+00
 2.70000E+01 1.33948E-03 4.10722E-01
 2.80000E+01 4.52773E-03 4.44521E-01
 2.90000E+01 1.15845E-02 4.71629E-01
 3.00000E+01 2.46745E-02 4.93093E-01
 3.10000E+01 4.40230E-02 5.10137E-01
 3.20000E+01 6.98995E-02 5.19551E-01
 3.30000E+01 1.02936E-01 5.18242E-01
 3.40000E+01 1.51012E-01 5.04075E-01
 3.50000E+01 2.34061E-01 4.76173E-01
 3.60000E+01 4.08407E-01 4.43328E-01
 3.70000E+01 7.69714E-01 4.32674E-01
 3.80000E+01 1.31623E+00 4.35068E-01
 3.90000E+01 2.14836E+00 4.38788E-01
 4.00000E+01 3.50943E+00 4.48374E-01
