# n +  68Zn: Production of  64Ni - Total
# Q-value    =-5.33308E+00 mass=  63.927966
# E-threshold= 5.41228E+00
# # energies =    40
#     E          xs
 1.00000E+00 0.00000E+00
 2.00000E+00 0.00000E+00
 3.00000E+00 0.00000E+00
 4.00000E+00 0.00000E+00
 5.00000E+00 0.00000E+00
 6.00000E+00 0.00000E+00
 7.00000E+00 0.00000E+00
 8.00000E+00 0.00000E+00
 9.00000E+00 0.00000E+00
 1.00000E+01 1.56199E-02
 1.10000E+01 1.20696E-01
 1.20000E+01 1.72630E-01
 1.30000E+01 6.17911E-01
 1.40000E+01 2.06133E+00
 1.50000E+01 4.83999E+00
 1.60000E+01 8.75057E+00
 1.70000E+01 1.37228E+01
 1.80000E+01 1.88029E+01
 1.90000E+01 2.39675E+01
 2.00000E+01 2.84993E+01
 2.10000E+01 3.29599E+01
 2.20000E+01 3.68642E+01
 2.30000E+01 4.02987E+01
 2.40000E+01 4.26144E+01
 2.50000E+01 4.31506E+01
 2.60000E+01 4.22241E+01
 2.70000E+01 3.93004E+01
 2.80000E+01 3.65868E+01
 2.90000E+01 3.27564E+01
 3.00000E+01 2.95584E+01
 3.10000E+01 2.67823E+01
 3.20000E+01 2.39749E+01
 3.30000E+01 2.21110E+01
 3.40000E+01 2.01125E+01
 3.50000E+01 1.82025E+01
 3.60000E+01 1.69144E+01
 3.70000E+01 1.57884E+01
 3.80000E+01 1.43536E+01
 3.90000E+01 1.32989E+01
 4.00000E+01 1.26388E+01
