# n +  66Zn: Production of  65Cu - Total
# Q-value    =-6.69990E+00 mass=  64.927789
# E-threshold= 6.80241E+00
# # energies =    40
#     E          xs
 1.00000E+00 0.00000E+00
 2.00000E+00 0.00000E+00
 3.00000E+00 0.00000E+00
 4.00000E+00 0.00000E+00
 5.00000E+00 0.00000E+00
 6.00000E+00 0.00000E+00
 7.00000E+00 0.00000E+00
 8.00000E+00 0.00000E+00
 9.00000E+00 0.00000E+00
 1.00000E+01 1.57429E-02
 1.10000E+01 2.64953E+00
 1.20000E+01 1.11293E+01
 1.30000E+01 1.85607E+01
 1.40000E+01 3.07646E+01
 1.50000E+01 4.75293E+01
 1.60000E+01 6.92945E+01
 1.70000E+01 9.08017E+01
 1.80000E+01 1.09747E+02
 1.90000E+01 1.27518E+02
 2.00000E+01 1.44033E+02
 2.10000E+01 1.58619E+02
 2.20000E+01 1.73026E+02
 2.30000E+01 1.83493E+02
 2.40000E+01 1.88556E+02
 2.50000E+01 1.90409E+02
 2.60000E+01 1.84914E+02
 2.70000E+01 1.78830E+02
 2.80000E+01 1.73455E+02
 2.90000E+01 1.66116E+02
 3.00000E+01 1.60763E+02
 3.10000E+01 1.55825E+02
 3.20000E+01 1.52581E+02
 3.30000E+01 1.49338E+02
 3.40000E+01 1.45611E+02
 3.50000E+01 1.42826E+02
 3.60000E+01 1.40820E+02
 3.70000E+01 1.37969E+02
 3.80000E+01 1.35375E+02
 3.90000E+01 1.33033E+02
 4.00000E+01 1.30385E+02
