# n +  66Zn: Production of  62Co - Level  1     0.02200 MeV
# Q-value    =-9.13944E+00 mass=  61.934058
# E-threshold= 9.27927E+00
# # energies =    40
#     E          xs      Branching
 1.00000E+00 0.00000E+00 0.00000E+00
 2.00000E+00 0.00000E+00 0.00000E+00
 3.00000E+00 0.00000E+00 0.00000E+00
 4.00000E+00 0.00000E+00 0.00000E+00
 5.00000E+00 0.00000E+00 0.00000E+00
 6.00000E+00 0.00000E+00 0.00000E+00
 7.00000E+00 0.00000E+00 0.00000E+00
 8.00000E+00 0.00000E+00 0.00000E+00
 9.00000E+00 0.00000E+00 0.00000E+00
 1.00000E+01 0.00000E+00 0.00000E+00
 1.10000E+01 0.00000E+00 0.00000E+00
 1.20000E+01 0.00000E+00 0.00000E+00
 1.30000E+01 0.00000E+00 0.00000E+00
 1.40000E+01 0.00000E+00 0.00000E+00
 1.50000E+01 0.00000E+00 0.00000E+00
 1.60000E+01 0.00000E+00 0.00000E+00
 1.70000E+01 0.00000E+00 0.00000E+00
 1.80000E+01 0.00000E+00 0.00000E+00
 1.90000E+01 0.00000E+00 0.00000E+00
 2.00000E+01 1.54432E-03 5.92506E-01
 2.10000E+01 5.42077E-03 5.71859E-01
 2.20000E+01 1.39625E-02 5.53400E-01
 2.30000E+01 2.85427E-02 5.38457E-01
 2.40000E+01 5.11955E-02 5.29307E-01
 2.50000E+01 8.47206E-02 5.25722E-01
 2.60000E+01 1.32834E-01 5.27591E-01
 2.70000E+01 1.98180E-01 5.33270E-01
 2.80000E+01 2.67172E-01 5.42658E-01
 2.90000E+01 3.44335E-01 5.51624E-01
 3.00000E+01 4.02033E-01 5.61551E-01
 3.10000E+01 4.14650E-01 5.71628E-01
 3.20000E+01 4.35556E-01 5.76789E-01
 3.30000E+01 4.41706E-01 5.77126E-01
 3.40000E+01 3.96971E-01 5.92353E-01
 3.50000E+01 3.85739E-01 5.95450E-01
 3.60000E+01 3.74304E-01 5.94134E-01
 3.70000E+01 3.62218E-01 5.91509E-01
 3.80000E+01 3.23367E-01 6.08762E-01
 3.90000E+01 3.09899E-01 6.12100E-01
 4.00000E+01 3.00583E-01 6.12056E-01
