# n +  67Zn: Production of  63Co - Total
# Q-value    =-7.67143E+00 mass=  62.933600
# E-threshold= 7.78705E+00
# # energies =    40
#     E          xs
 1.00000E+00 0.00000E+00
 2.00000E+00 0.00000E+00
 3.00000E+00 0.00000E+00
 4.00000E+00 0.00000E+00
 5.00000E+00 0.00000E+00
 6.00000E+00 0.00000E+00
 7.00000E+00 0.00000E+00
 8.00000E+00 0.00000E+00
 9.00000E+00 0.00000E+00
 1.00000E+01 0.00000E+00
 1.10000E+01 0.00000E+00
 1.20000E+01 0.00000E+00
 1.30000E+01 0.00000E+00
 1.40000E+01 0.00000E+00
 1.50000E+01 0.00000E+00
 1.60000E+01 0.00000E+00
 1.70000E+01 0.00000E+00
 1.80000E+01 0.00000E+00
 1.90000E+01 1.21915E-03
 2.00000E+01 3.18508E-03
 2.10000E+01 6.49744E-03
 2.20000E+01 1.11012E-02
 2.30000E+01 1.71331E-02
 2.40000E+01 2.48766E-02
 2.50000E+01 3.48392E-02
 2.60000E+01 4.90484E-02
 2.70000E+01 6.74586E-02
 2.80000E+01 9.07456E-02
 2.90000E+01 1.10772E-01
 3.00000E+01 1.31204E-01
 3.10000E+01 1.36256E-01
 3.20000E+01 1.43220E-01
 3.30000E+01 1.50703E-01
 3.40000E+01 1.36373E-01
 3.50000E+01 1.34947E-01
 3.60000E+01 1.36180E-01
 3.70000E+01 1.30900E-01
 3.80000E+01 1.17244E-01
 3.90000E+01 1.16572E-01
 4.00000E+01 1.16014E-01
