# n +  70Zn: Production of  68Ni - Total
# Q-value    =-1.29608E+01 mass=  67.931869
# E-threshold= 1.31478E+01
# # energies =    40
#     E          xs
 1.00000E+00 0.00000E+00
 2.00000E+00 0.00000E+00
 3.00000E+00 0.00000E+00
 4.00000E+00 0.00000E+00
 5.00000E+00 0.00000E+00
 6.00000E+00 0.00000E+00
 7.00000E+00 0.00000E+00
 8.00000E+00 0.00000E+00
 9.00000E+00 0.00000E+00
 1.00000E+01 0.00000E+00
 1.10000E+01 0.00000E+00
 1.20000E+01 0.00000E+00
 1.30000E+01 0.00000E+00
 1.40000E+01 0.00000E+00
 1.50000E+01 0.00000E+00
 1.60000E+01 0.00000E+00
 1.70000E+01 0.00000E+00
 1.80000E+01 0.00000E+00
 1.90000E+01 0.00000E+00
 2.00000E+01 0.00000E+00
 2.10000E+01 0.00000E+00
 2.20000E+01 0.00000E+00
 2.30000E+01 1.14999E-03
 2.40000E+01 3.05652E-03
 2.50000E+01 9.16655E-03
 2.60000E+01 2.59956E-02
 2.70000E+01 6.14172E-02
 2.80000E+01 1.21669E-01
 2.90000E+01 2.07644E-01
 3.00000E+01 3.15116E-01
 3.10000E+01 4.27123E-01
 3.20000E+01 5.26176E-01
 3.30000E+01 6.07347E-01
 3.40000E+01 6.71873E-01
 3.50000E+01 7.17677E-01
 3.60000E+01 7.50478E-01
 3.70000E+01 8.31525E-01
 3.80000E+01 8.40980E-01
 3.90000E+01 8.56165E-01
 4.00000E+01 8.87756E-01
