# n +  68Zn: Production of  68Cu - Level  3     0.72126 MeV
# Q-value    =-4.37896E+00 mass=  67.929611
# E-threshold= 4.44399E+00
# # energies =    40
#     E          xs      Branching
 1.00000E+00 0.00000E+00 0.00000E+00
 2.00000E+00 0.00000E+00 0.00000E+00
 3.00000E+00 0.00000E+00 0.00000E+00
 4.00000E+00 0.00000E+00 0.00000E+00
 5.00000E+00 0.00000E+00 0.00000E+00
 6.00000E+00 3.43104E-04 5.61716E-03
 7.00000E+00 2.00088E-02 3.82498E-02
 8.00000E+00 1.05259E-01 6.02535E-02
 9.00000E+00 3.46693E-01 7.27739E-02
 1.00000E+01 8.23046E-01 8.59829E-02
 1.10000E+01 1.54071E+00 1.00719E-01
 1.20000E+01 2.58649E+00 1.18224E-01
 1.30000E+01 3.93323E+00 1.38653E-01
 1.40000E+01 5.52626E+00 1.67896E-01
 1.50000E+01 7.02622E+00 2.00818E-01
 1.60000E+01 7.84863E+00 2.24468E-01
 1.70000E+01 8.09410E+00 2.38192E-01
 1.80000E+01 8.04135E+00 2.46682E-01
 1.90000E+01 7.91432E+00 2.53306E-01
 2.00000E+01 7.82762E+00 2.58433E-01
 2.10000E+01 7.82534E+00 2.67068E-01
 2.20000E+01 7.70036E+00 2.73127E-01
 2.30000E+01 7.59697E+00 2.77613E-01
 2.40000E+01 7.59200E+00 2.85640E-01
 2.50000E+01 7.56202E+00 2.85678E-01
 2.60000E+01 7.50697E+00 2.85857E-01
 2.70000E+01 7.36756E+00 2.95297E-01
 2.80000E+01 7.18193E+00 2.98647E-01
 2.90000E+01 7.12482E+00 3.03716E-01
 3.00000E+01 6.85225E+00 3.07804E-01
 3.10000E+01 6.60532E+00 3.16296E-01
 3.20000E+01 6.48734E+00 3.21206E-01
 3.30000E+01 6.25509E+00 3.21878E-01
 3.40000E+01 5.96442E+00 3.26148E-01
 3.50000E+01 5.76210E+00 3.30429E-01
 3.60000E+01 5.60441E+00 3.33068E-01
 3.70000E+01 5.36135E+00 3.33156E-01
 3.80000E+01 5.05155E+00 3.29050E-01
 3.90000E+01 4.86454E+00 3.33375E-01
 4.00000E+01 4.72536E+00 3.38956E-01
