# n +  70Zn: Production of  70Cu - Level  1     0.10110 MeV
# Q-value    =-5.90711E+00 mass=  69.932392
# E-threshold= 5.99232E+00
# # energies =    40
#     E          xs      Branching
 1.00000E+00 0.00000E+00 0.00000E+00
 2.00000E+00 0.00000E+00 0.00000E+00
 3.00000E+00 0.00000E+00 0.00000E+00
 4.00000E+00 0.00000E+00 0.00000E+00
 5.00000E+00 0.00000E+00 0.00000E+00
 6.00000E+00 0.00000E+00 0.00000E+00
 7.00000E+00 0.00000E+00 0.00000E+00
 8.00000E+00 2.27367E-03 5.86785E-01
 9.00000E+00 2.47139E-02 5.44714E-01
 1.00000E+01 8.82094E-02 5.05986E-01
 1.10000E+01 2.59561E-01 4.60904E-01
 1.20000E+01 6.20399E-01 4.68543E-01
 1.30000E+01 1.28012E+00 4.79421E-01
 1.40000E+01 2.27538E+00 4.87156E-01
 1.50000E+01 3.52940E+00 4.91717E-01
 1.60000E+01 4.84407E+00 4.92347E-01
 1.70000E+01 6.01458E+00 4.91761E-01
 1.80000E+01 7.01889E+00 4.91159E-01
 1.90000E+01 7.62079E+00 4.89038E-01
 2.00000E+01 7.96836E+00 4.86966E-01
 2.10000E+01 8.19909E+00 4.81650E-01
 2.20000E+01 8.13170E+00 4.79807E-01
 2.30000E+01 8.00356E+00 4.79764E-01
 2.40000E+01 7.95590E+00 4.76233E-01
 2.50000E+01 7.82213E+00 4.74774E-01
 2.60000E+01 7.61608E+00 4.68625E-01
 2.70000E+01 7.31866E+00 4.65213E-01
 2.80000E+01 7.19226E+00 4.61953E-01
 2.90000E+01 6.87270E+00 4.58535E-01
 3.00000E+01 6.51540E+00 4.56989E-01
 3.10000E+01 6.38405E+00 4.57045E-01
 3.20000E+01 6.19068E+00 4.56011E-01
 3.30000E+01 5.78975E+00 4.53785E-01
 3.40000E+01 5.51411E+00 4.50424E-01
 3.50000E+01 5.36819E+00 4.50433E-01
 3.60000E+01 5.21864E+00 4.48660E-01
 3.70000E+01 4.90135E+00 4.46710E-01
 3.80000E+01 4.59587E+00 4.48057E-01
 3.90000E+01 4.39379E+00 4.48788E-01
 4.00000E+01 4.24978E+00 4.49730E-01
