# n +  66Zn: Production of  60Ni - Total
# Q-value    =-2.29936E+01 mass=  59.930785
# E-threshold= 2.33454E+01
# # energies =    40
#     E          xs
 1.00000E+00 0.00000E+00
 2.00000E+00 0.00000E+00
 3.00000E+00 0.00000E+00
 4.00000E+00 0.00000E+00
 5.00000E+00 0.00000E+00
 6.00000E+00 0.00000E+00
 7.00000E+00 0.00000E+00
 8.00000E+00 0.00000E+00
 9.00000E+00 0.00000E+00
 1.00000E+01 0.00000E+00
 1.10000E+01 0.00000E+00
 1.20000E+01 0.00000E+00
 1.30000E+01 0.00000E+00
 1.40000E+01 0.00000E+00
 1.50000E+01 0.00000E+00
 1.60000E+01 0.00000E+00
 1.70000E+01 0.00000E+00
 1.80000E+01 0.00000E+00
 1.90000E+01 0.00000E+00
 2.00000E+01 0.00000E+00
 2.10000E+01 0.00000E+00
 2.20000E+01 0.00000E+00
 2.30000E+01 0.00000E+00
 2.40000E+01 0.00000E+00
 2.50000E+01 0.00000E+00
 2.60000E+01 0.00000E+00
 2.70000E+01 0.00000E+00
 2.80000E+01 0.00000E+00
 2.90000E+01 1.17703E-02
 3.00000E+01 1.16012E-01
 3.10000E+01 5.33577E-01
 3.20000E+01 1.56796E+00
 3.30000E+01 3.39413E+00
 3.40000E+01 6.07304E+00
 3.50000E+01 9.35550E+00
 3.60000E+01 1.30868E+01
 3.70000E+01 1.72042E+01
 3.80000E+01 2.11130E+01
 3.90000E+01 2.49239E+01
 4.00000E+01 2.85594E+01
