# n +  67Zn: Production of  63Ni - Total
# Q-value    =-4.79245E+00 mass=  62.929669
# E-threshold= 4.86468E+00
# # energies =    40
#     E          xs
 1.00000E+00 0.00000E+00
 2.00000E+00 0.00000E+00
 3.00000E+00 0.00000E+00
 4.00000E+00 0.00000E+00
 5.00000E+00 0.00000E+00
 6.00000E+00 0.00000E+00
 7.00000E+00 0.00000E+00
 8.00000E+00 0.00000E+00
 9.00000E+00 0.00000E+00
 1.00000E+01 1.85824E-02
 1.10000E+01 1.41870E-01
 1.20000E+01 7.43871E-01
 1.30000E+01 2.97005E+00
 1.40000E+01 7.89802E+00
 1.50000E+01 1.43114E+01
 1.60000E+01 2.22222E+01
 1.70000E+01 2.99580E+01
 1.80000E+01 3.62266E+01
 1.90000E+01 4.25067E+01
 2.00000E+01 4.68904E+01
 2.10000E+01 5.08793E+01
 2.20000E+01 5.34131E+01
 2.30000E+01 5.38146E+01
 2.40000E+01 5.36372E+01
 2.50000E+01 5.14281E+01
 2.60000E+01 4.88585E+01
 2.70000E+01 4.58935E+01
 2.80000E+01 4.28295E+01
 2.90000E+01 3.99510E+01
 3.00000E+01 3.68125E+01
 3.10000E+01 3.38454E+01
 3.20000E+01 3.16133E+01
 3.30000E+01 2.93081E+01
 3.40000E+01 2.68030E+01
 3.50000E+01 2.46100E+01
 3.60000E+01 2.28451E+01
 3.70000E+01 2.14505E+01
 3.80000E+01 2.01448E+01
 3.90000E+01 1.90289E+01
 4.00000E+01 1.80811E+01
