# n +  67Zn: Production of  66Ni - Total
# Q-value    =-8.38064E+00 mass=  65.929139
# E-threshold= 8.50695E+00
# # energies =    40
#     E          xs
 1.00000E+00 0.00000E+00
 2.00000E+00 0.00000E+00
 3.00000E+00 0.00000E+00
 4.00000E+00 0.00000E+00
 5.00000E+00 0.00000E+00
 6.00000E+00 0.00000E+00
 7.00000E+00 0.00000E+00
 8.00000E+00 0.00000E+00
 9.00000E+00 0.00000E+00
 1.00000E+01 0.00000E+00
 1.10000E+01 0.00000E+00
 1.20000E+01 0.00000E+00
 1.30000E+01 0.00000E+00
 1.40000E+01 0.00000E+00
 1.50000E+01 1.27840E-03
 1.60000E+01 3.77540E-03
 1.70000E+01 7.94301E-03
 1.80000E+01 1.39438E-02
 1.90000E+01 2.26124E-02
 2.00000E+01 3.41060E-02
 2.10000E+01 5.11034E-02
 2.20000E+01 7.39656E-02
 2.30000E+01 1.05107E-01
 2.40000E+01 1.43654E-01
 2.50000E+01 1.85434E-01
 2.60000E+01 2.30556E-01
 2.70000E+01 2.74894E-01
 2.80000E+01 3.08054E-01
 2.90000E+01 3.33933E-01
 3.00000E+01 3.60169E-01
 3.10000E+01 3.63586E-01
 3.20000E+01 3.79609E-01
 3.30000E+01 3.78652E-01
 3.40000E+01 3.88847E-01
 3.50000E+01 4.07221E-01
 3.60000E+01 3.89577E-01
 3.70000E+01 4.02927E-01
 3.80000E+01 4.19462E-01
 3.90000E+01 4.00631E-01
 4.00000E+01 4.04586E-01
