# n +  70Zn: Production of  65Ni - Total
# Q-value    =-1.49353E+01 mass=  64.930085
# E-threshold= 1.51507E+01
# # energies =    40
#     E          xs
 1.00000E+00 0.00000E+00
 2.00000E+00 0.00000E+00
 3.00000E+00 0.00000E+00
 4.00000E+00 0.00000E+00
 5.00000E+00 0.00000E+00
 6.00000E+00 0.00000E+00
 7.00000E+00 0.00000E+00
 8.00000E+00 0.00000E+00
 9.00000E+00 0.00000E+00
 1.00000E+01 0.00000E+00
 1.10000E+01 0.00000E+00
 1.20000E+01 0.00000E+00
 1.30000E+01 0.00000E+00
 1.40000E+01 0.00000E+00
 1.50000E+01 0.00000E+00
 1.60000E+01 0.00000E+00
 1.70000E+01 0.00000E+00
 1.80000E+01 0.00000E+00
 1.90000E+01 0.00000E+00
 2.00000E+01 0.00000E+00
 2.10000E+01 0.00000E+00
 2.20000E+01 1.27748E-02
 2.30000E+01 8.48136E-02
 2.40000E+01 3.60020E-01
 2.50000E+01 1.11917E+00
 2.60000E+01 2.24949E+00
 2.70000E+01 3.93445E+00
 2.80000E+01 5.76049E+00
 2.90000E+01 7.88335E+00
 3.00000E+01 9.65485E+00
 3.10000E+01 1.19428E+01
 3.20000E+01 1.35493E+01
 3.30000E+01 1.49520E+01
 3.40000E+01 1.63039E+01
 3.50000E+01 1.69599E+01
 3.60000E+01 1.72953E+01
 3.70000E+01 1.73761E+01
 3.80000E+01 1.72943E+01
 3.90000E+01 1.69055E+01
 4.00000E+01 1.63145E+01
