# n +  66Zn: Production of  64Cu - Total
# Q-value    =-1.03531E+01 mass=  63.929764
# E-threshold= 1.05115E+01
# # energies =    40
#     E          xs
 1.00000E+00 0.00000E+00
 2.00000E+00 0.00000E+00
 3.00000E+00 0.00000E+00
 4.00000E+00 0.00000E+00
 5.00000E+00 0.00000E+00
 6.00000E+00 0.00000E+00
 7.00000E+00 0.00000E+00
 8.00000E+00 0.00000E+00
 9.00000E+00 0.00000E+00
 1.00000E+01 0.00000E+00
 1.10000E+01 0.00000E+00
 1.20000E+01 0.00000E+00
 1.30000E+01 0.00000E+00
 1.40000E+01 1.52589E-03
 1.50000E+01 3.06121E-02
 1.60000E+01 1.13046E-01
 1.70000E+01 3.98677E-01
 1.80000E+01 9.01169E-01
 1.90000E+01 1.59577E+00
 2.00000E+01 2.48154E+00
 2.10000E+01 3.59616E+00
 2.20000E+01 5.48470E+00
 2.30000E+01 1.02689E+01
 2.40000E+01 2.05217E+01
 2.50000E+01 3.54927E+01
 2.60000E+01 5.52606E+01
 2.70000E+01 7.57089E+01
 2.80000E+01 9.46959E+01
 2.90000E+01 1.14493E+02
 3.00000E+01 1.31262E+02
 3.10000E+01 1.47318E+02
 3.20000E+01 1.60323E+02
 3.30000E+01 1.69854E+02
 3.40000E+01 1.77307E+02
 3.50000E+01 1.81380E+02
 3.60000E+01 1.80342E+02
 3.70000E+01 1.78443E+02
 3.80000E+01 1.75808E+02
 3.90000E+01 1.71939E+02
 4.00000E+01 1.66122E+02
