# n +  64Zn: Production of  63Ni - Total
# Q-value    =-6.99786E+00 mass=  62.929669
# E-threshold= 7.10827E+00
# # energies =    40
#     E          xs
 1.00000E+00 0.00000E+00
 2.00000E+00 0.00000E+00
 3.00000E+00 0.00000E+00
 4.00000E+00 0.00000E+00
 5.00000E+00 0.00000E+00
 6.00000E+00 0.00000E+00
 7.00000E+00 0.00000E+00
 8.00000E+00 0.00000E+00
 9.00000E+00 0.00000E+00
 1.00000E+01 0.00000E+00
 1.10000E+01 0.00000E+00
 1.20000E+01 1.89323E-02
 1.30000E+01 1.39813E-01
 1.40000E+01 5.71796E-01
 1.50000E+01 1.50831E+00
 1.60000E+01 2.88848E+00
 1.70000E+01 4.41477E+00
 1.80000E+01 5.77896E+00
 1.90000E+01 6.86567E+00
 2.00000E+01 7.55848E+00
 2.10000E+01 8.17220E+00
 2.20000E+01 8.54540E+00
 2.30000E+01 8.58548E+00
 2.40000E+01 8.30332E+00
 2.50000E+01 7.73717E+00
 2.60000E+01 7.00231E+00
 2.70000E+01 6.26251E+00
 2.80000E+01 5.49649E+00
 2.90000E+01 4.88015E+00
 3.00000E+01 4.36660E+00
 3.10000E+01 3.97777E+00
 3.20000E+01 3.66973E+00
 3.30000E+01 3.36282E+00
 3.40000E+01 3.13411E+00
 3.50000E+01 2.97471E+00
 3.60000E+01 2.85285E+00
 3.70000E+01 2.73057E+00
 3.80000E+01 2.57479E+00
 3.90000E+01 2.46908E+00
 4.00000E+01 2.39806E+00
