# n +  66Zn: Production of  60Co - Total
# Q-value    =-1.65522E+01 mass=  59.933816
# E-threshold= 1.68055E+01
# # energies =    40
#     E          xs
 1.00000E+00 0.00000E+00
 2.00000E+00 0.00000E+00
 3.00000E+00 0.00000E+00
 4.00000E+00 0.00000E+00
 5.00000E+00 0.00000E+00
 6.00000E+00 0.00000E+00
 7.00000E+00 0.00000E+00
 8.00000E+00 0.00000E+00
 9.00000E+00 0.00000E+00
 1.00000E+01 0.00000E+00
 1.10000E+01 0.00000E+00
 1.20000E+01 0.00000E+00
 1.30000E+01 0.00000E+00
 1.40000E+01 0.00000E+00
 1.50000E+01 0.00000E+00
 1.60000E+01 0.00000E+00
 1.70000E+01 0.00000E+00
 1.80000E+01 0.00000E+00
 1.90000E+01 0.00000E+00
 2.00000E+01 0.00000E+00
 2.10000E+01 0.00000E+00
 2.20000E+01 0.00000E+00
 2.30000E+01 0.00000E+00
 2.40000E+01 0.00000E+00
 2.50000E+01 0.00000E+00
 2.60000E+01 0.00000E+00
 2.70000E+01 0.00000E+00
 2.80000E+01 0.00000E+00
 2.90000E+01 1.01260E-03
 3.00000E+01 2.68617E-03
 3.10000E+01 5.66545E-03
 3.20000E+01 1.01102E-02
 3.30000E+01 1.57180E-02
 3.40000E+01 2.29827E-02
 3.50000E+01 3.45989E-02
 3.60000E+01 5.44548E-02
 3.70000E+01 9.70543E-02
 3.80000E+01 2.12356E-01
 3.90000E+01 3.85802E-01
 4.00000E+01 6.48859E-01
