# n +  68Zn: Production of  67Cu - Total
# Q-value    =-7.75198E+00 mass=  66.927730
# E-threshold= 7.86709E+00
# # energies =    40
#     E          xs
 1.00000E+00 0.00000E+00
 2.00000E+00 0.00000E+00
 3.00000E+00 0.00000E+00
 4.00000E+00 0.00000E+00
 5.00000E+00 0.00000E+00
 6.00000E+00 0.00000E+00
 7.00000E+00 0.00000E+00
 8.00000E+00 0.00000E+00
 9.00000E+00 0.00000E+00
 1.00000E+01 0.00000E+00
 1.10000E+01 9.72522E-03
 1.20000E+01 1.39245E-01
 1.30000E+01 1.34699E+00
 1.40000E+01 6.16729E+00
 1.50000E+01 1.54195E+01
 1.60000E+01 2.82562E+01
 1.70000E+01 4.32241E+01
 1.80000E+01 5.89867E+01
 1.90000E+01 7.34661E+01
 2.00000E+01 8.84382E+01
 2.10000E+01 1.02574E+02
 2.20000E+01 1.16079E+02
 2.30000E+01 1.27538E+02
 2.40000E+01 1.35380E+02
 2.50000E+01 1.39580E+02
 2.60000E+01 1.38461E+02
 2.70000E+01 1.34580E+02
 2.80000E+01 1.29710E+02
 2.90000E+01 1.25024E+02
 3.00000E+01 1.20617E+02
 3.10000E+01 1.17060E+02
 3.20000E+01 1.13392E+02
 3.30000E+01 1.10980E+02
 3.40000E+01 1.09456E+02
 3.50000E+01 1.07246E+02
 3.60000E+01 1.05757E+02
 3.70000E+01 1.04350E+02
 3.80000E+01 1.02425E+02
 3.90000E+01 1.00902E+02
 4.00000E+01 9.99155E+01
