# n +  64Zn: Production of  58Co - Total
# Q-value    =-1.54602E+01 mass=  57.935751
# E-threshold= 1.57042E+01
# # energies =    40
#     E          xs
 1.00000E+00 0.00000E+00
 2.00000E+00 0.00000E+00
 3.00000E+00 0.00000E+00
 4.00000E+00 0.00000E+00
 5.00000E+00 0.00000E+00
 6.00000E+00 0.00000E+00
 7.00000E+00 0.00000E+00
 8.00000E+00 0.00000E+00
 9.00000E+00 0.00000E+00
 1.00000E+01 0.00000E+00
 1.10000E+01 0.00000E+00
 1.20000E+01 0.00000E+00
 1.30000E+01 0.00000E+00
 1.40000E+01 0.00000E+00
 1.50000E+01 0.00000E+00
 1.60000E+01 0.00000E+00
 1.70000E+01 0.00000E+00
 1.80000E+01 0.00000E+00
 1.90000E+01 0.00000E+00
 2.00000E+01 0.00000E+00
 2.10000E+01 0.00000E+00
 2.20000E+01 0.00000E+00
 2.30000E+01 0.00000E+00
 2.40000E+01 0.00000E+00
 2.50000E+01 0.00000E+00
 2.60000E+01 0.00000E+00
 2.70000E+01 3.26129E-03
 2.80000E+01 1.01856E-02
 2.90000E+01 2.45628E-02
 3.00000E+01 5.00403E-02
 3.10000E+01 8.62963E-02
 3.20000E+01 1.34538E-01
 3.30000E+01 1.98625E-01
 3.40000E+01 2.99582E-01
 3.50000E+01 4.91546E-01
 3.60000E+01 9.21230E-01
 3.70000E+01 1.77897E+00
 3.80000E+01 3.02534E+00
 3.90000E+01 4.89611E+00
 4.00000E+01 7.82701E+00
