# n +  64Zn: Production of  61Cu - Total
# Q-value    =-1.89697E+01 mass=  60.933457
# E-threshold= 1.92691E+01
# # energies =    40
#     E          xs
 1.00000E+00 0.00000E+00
 2.00000E+00 0.00000E+00
 3.00000E+00 0.00000E+00
 4.00000E+00 0.00000E+00
 5.00000E+00 0.00000E+00
 6.00000E+00 0.00000E+00
 7.00000E+00 0.00000E+00
 8.00000E+00 0.00000E+00
 9.00000E+00 0.00000E+00
 1.00000E+01 0.00000E+00
 1.10000E+01 0.00000E+00
 1.20000E+01 0.00000E+00
 1.30000E+01 0.00000E+00
 1.40000E+01 0.00000E+00
 1.50000E+01 0.00000E+00
 1.60000E+01 0.00000E+00
 1.70000E+01 0.00000E+00
 1.80000E+01 0.00000E+00
 1.90000E+01 0.00000E+00
 2.00000E+01 0.00000E+00
 2.10000E+01 0.00000E+00
 2.20000E+01 0.00000E+00
 2.30000E+01 9.47987E-03
 2.40000E+01 6.71063E-02
 2.50000E+01 2.59322E-01
 2.60000E+01 5.64933E-01
 2.70000E+01 1.01278E+00
 2.80000E+01 1.60372E+00
 2.90000E+01 2.20601E+00
 3.00000E+01 2.91554E+00
 3.10000E+01 3.81197E+00
 3.20000E+01 5.05688E+00
 3.30000E+01 7.90399E+00
 3.40000E+01 1.21531E+01
 3.50000E+01 1.76645E+01
 3.60000E+01 2.65813E+01
 3.70000E+01 3.62149E+01
 3.80000E+01 4.59201E+01
 3.90000E+01 5.48220E+01
 4.00000E+01 6.49510E+01
