# n +  70Zn: Production of  66Ni - Total
# Q-value    =-5.98336E+00 mass=  65.929139
# E-threshold= 6.06967E+00
# # energies =    40
#     E          xs
 1.00000E+00 0.00000E+00
 2.00000E+00 0.00000E+00
 3.00000E+00 0.00000E+00
 4.00000E+00 0.00000E+00
 5.00000E+00 0.00000E+00
 6.00000E+00 0.00000E+00
 7.00000E+00 0.00000E+00
 8.00000E+00 0.00000E+00
 9.00000E+00 0.00000E+00
 1.00000E+01 0.00000E+00
 1.10000E+01 0.00000E+00
 1.20000E+01 3.25805E-03
 1.30000E+01 3.47781E-02
 1.40000E+01 1.81970E-01
 1.50000E+01 5.90692E-01
 1.60000E+01 1.41892E+00
 1.70000E+01 2.63013E+00
 1.80000E+01 4.30605E+00
 1.90000E+01 6.11366E+00
 2.00000E+01 7.93752E+00
 2.10000E+01 9.92096E+00
 2.20000E+01 1.18317E+01
 2.30000E+01 1.36964E+01
 2.40000E+01 1.52659E+01
 2.50000E+01 1.63388E+01
 2.60000E+01 1.69275E+01
 2.70000E+01 1.68927E+01
 2.80000E+01 1.65931E+01
 2.90000E+01 1.58667E+01
 3.00000E+01 1.53820E+01
 3.10000E+01 1.42082E+01
 3.20000E+01 1.34651E+01
 3.30000E+01 1.26987E+01
 3.40000E+01 1.16291E+01
 3.50000E+01 1.08927E+01
 3.60000E+01 1.02140E+01
 3.70000E+01 9.41412E+00
 3.80000E+01 8.65191E+00
 3.90000E+01 8.09752E+00
 4.00000E+01 7.65049E+00
