# n +  66Zn: Production of  60Co - Ground state
# Q-value    =-1.65522E+01 mass=  59.933816
# E-threshold= 1.68055E+01
# # energies =    40
#     E          xs      Branching
 1.00000E+00 0.00000E+00 0.00000E+00
 2.00000E+00 0.00000E+00 0.00000E+00
 3.00000E+00 0.00000E+00 0.00000E+00
 4.00000E+00 0.00000E+00 0.00000E+00
 5.00000E+00 0.00000E+00 0.00000E+00
 6.00000E+00 0.00000E+00 0.00000E+00
 7.00000E+00 0.00000E+00 0.00000E+00
 8.00000E+00 0.00000E+00 0.00000E+00
 9.00000E+00 0.00000E+00 0.00000E+00
 1.00000E+01 0.00000E+00 0.00000E+00
 1.10000E+01 0.00000E+00 0.00000E+00
 1.20000E+01 0.00000E+00 0.00000E+00
 1.30000E+01 0.00000E+00 0.00000E+00
 1.40000E+01 0.00000E+00 0.00000E+00
 1.50000E+01 0.00000E+00 0.00000E+00
 1.60000E+01 0.00000E+00 0.00000E+00
 1.70000E+01 0.00000E+00 0.00000E+00
 1.80000E+01 0.00000E+00 0.00000E+00
 1.90000E+01 0.00000E+00 0.00000E+00
 2.00000E+01 0.00000E+00 0.00000E+00
 2.10000E+01 0.00000E+00 0.00000E+00
 2.20000E+01 0.00000E+00 0.00000E+00
 2.30000E+01 0.00000E+00 0.00000E+00
 2.40000E+01 0.00000E+00 0.00000E+00
 2.50000E+01 0.00000E+00 0.00000E+00
 2.60000E+01 0.00000E+00 0.00000E+00
 2.70000E+01 0.00000E+00 0.00000E+00
 2.80000E+01 0.00000E+00 0.00000E+00
 2.90000E+01 6.92306E-04 6.83690E-01
 3.00000E+01 1.71648E-03 6.39006E-01
 3.10000E+01 3.41878E-03 6.03443E-01
 3.20000E+01 5.86457E-03 5.80066E-01
 3.30000E+01 8.77275E-03 5.58135E-01
 3.40000E+01 1.26589E-02 5.50801E-01
 3.50000E+01 1.95223E-02 5.64248E-01
 3.60000E+01 3.20320E-02 5.88231E-01
 3.70000E+01 6.16322E-02 6.35028E-01
 3.80000E+01 1.39641E-01 6.57576E-01
 3.90000E+01 2.53631E-01 6.57414E-01
 4.00000E+01 4.23744E-01 6.53060E-01
