# n +  66Zn: Production of  59Fe - Total
# Q-value    =-5.01286E+00 mass=  58.934874
# E-threshold= 5.08955E+00
# # energies =    40
#     E          xs
 1.00000E+00 0.00000E+00
 2.00000E+00 0.00000E+00
 3.00000E+00 0.00000E+00
 4.00000E+00 0.00000E+00
 5.00000E+00 0.00000E+00
 6.00000E+00 0.00000E+00
 7.00000E+00 0.00000E+00
 8.00000E+00 0.00000E+00
 9.00000E+00 0.00000E+00
 1.00000E+01 0.00000E+00
 1.10000E+01 0.00000E+00
 1.20000E+01 0.00000E+00
 1.30000E+01 0.00000E+00
 1.40000E+01 0.00000E+00
 1.50000E+01 0.00000E+00
 1.60000E+01 0.00000E+00
 1.70000E+01 0.00000E+00
 1.80000E+01 0.00000E+00
 1.90000E+01 0.00000E+00
 2.00000E+01 0.00000E+00
 2.10000E+01 2.38905E-03
 2.20000E+01 6.91345E-03
 2.30000E+01 1.54566E-02
 2.40000E+01 2.86265E-02
 2.50000E+01 4.58242E-02
 2.60000E+01 6.65879E-02
 2.70000E+01 8.97647E-02
 2.80000E+01 1.13793E-01
 2.90000E+01 1.37854E-01
 3.00000E+01 1.58953E-01
 3.10000E+01 1.72204E-01
 3.20000E+01 1.79446E-01
 3.30000E+01 1.79287E-01
 3.40000E+01 1.68960E-01
 3.50000E+01 1.60391E-01
 3.60000E+01 1.52874E-01
 3.70000E+01 1.43808E-01
 3.80000E+01 1.37307E-01
 3.90000E+01 1.32117E-01
 4.00000E+01 1.24353E-01
