# n +  64Zn: Production of  61Ni - Total
# Q-value    = 3.86430E+00 mass=  60.931055
# E-threshold= 0.00000E+00
# # energies =    40
#     E          xs
 1.00000E+00 3.91350E-01
 2.00000E+00 3.67395E+00
 3.00000E+00 2.27735E+01
 4.00000E+00 3.20459E+01
 5.00000E+00 4.06924E+01
 6.00000E+00 4.76316E+01
 7.00000E+00 5.14958E+01
 8.00000E+00 5.52156E+01
 9.00000E+00 6.03185E+01
 1.00000E+01 6.69891E+01
 1.10000E+01 7.40630E+01
 1.20000E+01 7.94895E+01
 1.30000E+01 8.12710E+01
 1.40000E+01 7.65341E+01
 1.50000E+01 6.89731E+01
 1.60000E+01 6.04949E+01
 1.70000E+01 5.19674E+01
 1.80000E+01 4.49169E+01
 1.90000E+01 3.93764E+01
 2.00000E+01 3.45994E+01
 2.10000E+01 3.06047E+01
 2.20000E+01 2.75712E+01
 2.30000E+01 2.44476E+01
 2.40000E+01 2.19260E+01
 2.50000E+01 2.03767E+01
 2.60000E+01 1.85849E+01
 2.70000E+01 1.74889E+01
 2.80000E+01 1.69906E+01
 2.90000E+01 1.69660E+01
 3.00000E+01 1.71780E+01
 3.10000E+01 1.82734E+01
 3.20000E+01 2.11108E+01
 3.30000E+01 2.57655E+01
 3.40000E+01 3.24669E+01
 3.50000E+01 4.24499E+01
 3.60000E+01 5.19936E+01
 3.70000E+01 6.19045E+01
 3.80000E+01 7.21465E+01
 3.90000E+01 8.15674E+01
 4.00000E+01 8.83542E+01
