# n +  66Zn: Production of  58Fe - Total
# Q-value    =-1.15939E+01 mass=  57.933274
# E-threshold= 1.17713E+01
# # energies =    40
#     E          xs
 1.00000E+00 0.00000E+00
 2.00000E+00 0.00000E+00
 3.00000E+00 0.00000E+00
 4.00000E+00 0.00000E+00
 5.00000E+00 0.00000E+00
 6.00000E+00 0.00000E+00
 7.00000E+00 0.00000E+00
 8.00000E+00 0.00000E+00
 9.00000E+00 0.00000E+00
 1.00000E+01 0.00000E+00
 1.10000E+01 0.00000E+00
 1.20000E+01 0.00000E+00
 1.30000E+01 0.00000E+00
 1.40000E+01 0.00000E+00
 1.50000E+01 0.00000E+00
 1.60000E+01 0.00000E+00
 1.70000E+01 0.00000E+00
 1.80000E+01 0.00000E+00
 1.90000E+01 0.00000E+00
 2.00000E+01 0.00000E+00
 2.10000E+01 0.00000E+00
 2.20000E+01 0.00000E+00
 2.30000E+01 0.00000E+00
 2.40000E+01 0.00000E+00
 2.50000E+01 0.00000E+00
 2.60000E+01 0.00000E+00
 2.70000E+01 1.09932E-03
 2.80000E+01 4.99890E-03
 2.90000E+01 1.52015E-02
 3.00000E+01 3.53200E-02
 3.10000E+01 6.89262E-02
 3.20000E+01 1.19106E-01
 3.30000E+01 1.86122E-01
 3.40000E+01 2.73588E-01
 3.50000E+01 3.63936E-01
 3.60000E+01 4.55444E-01
 3.70000E+01 5.46501E-01
 3.80000E+01 6.33496E-01
 3.90000E+01 7.19949E-01
 4.00000E+01 7.97691E-01
