# n +  64Zn: Production of  61Co - Total
# Q-value    =-1.72548E+01 mass=  60.932476
# E-threshold= 1.75270E+01
# # energies =    40
#     E          xs
 1.00000E+00 0.00000E+00
 2.00000E+00 0.00000E+00
 3.00000E+00 0.00000E+00
 4.00000E+00 0.00000E+00
 5.00000E+00 0.00000E+00
 6.00000E+00 0.00000E+00
 7.00000E+00 0.00000E+00
 8.00000E+00 0.00000E+00
 9.00000E+00 0.00000E+00
 1.00000E+01 0.00000E+00
 1.10000E+01 0.00000E+00
 1.20000E+01 0.00000E+00
 1.30000E+01 0.00000E+00
 1.40000E+01 0.00000E+00
 1.50000E+01 0.00000E+00
 1.60000E+01 0.00000E+00
 1.70000E+01 0.00000E+00
 1.80000E+01 0.00000E+00
 1.90000E+01 0.00000E+00
 2.00000E+01 0.00000E+00
 2.10000E+01 0.00000E+00
 2.20000E+01 0.00000E+00
 2.30000E+01 0.00000E+00
 2.40000E+01 0.00000E+00
 2.50000E+01 0.00000E+00
 2.60000E+01 0.00000E+00
 2.70000E+01 0.00000E+00
 2.80000E+01 0.00000E+00
 2.90000E+01 0.00000E+00
 3.00000E+01 1.45658E-03
 3.10000E+01 4.11418E-03
 3.20000E+01 9.53194E-03
 3.30000E+01 1.90200E-02
 3.40000E+01 3.35589E-02
 3.50000E+01 5.33983E-02
 3.60000E+01 7.90403E-02
 3.70000E+01 1.11618E-01
 3.80000E+01 1.52030E-01
 3.90000E+01 2.05517E-01
 4.00000E+01 2.63972E-01
