# n +  64Zn: Production of  59Ni - Total
# Q-value    =-1.53435E+01 mass=  58.934346
# E-threshold= 1.55856E+01
# # energies =    40
#     E          xs
 1.00000E+00 0.00000E+00
 2.00000E+00 0.00000E+00
 3.00000E+00 0.00000E+00
 4.00000E+00 0.00000E+00
 5.00000E+00 0.00000E+00
 6.00000E+00 0.00000E+00
 7.00000E+00 0.00000E+00
 8.00000E+00 0.00000E+00
 9.00000E+00 0.00000E+00
 1.00000E+01 0.00000E+00
 1.10000E+01 0.00000E+00
 1.20000E+01 0.00000E+00
 1.30000E+01 0.00000E+00
 1.40000E+01 0.00000E+00
 1.50000E+01 0.00000E+00
 1.60000E+01 0.00000E+00
 1.70000E+01 0.00000E+00
 1.80000E+01 0.00000E+00
 1.90000E+01 0.00000E+00
 2.00000E+01 0.00000E+00
 2.10000E+01 4.01248E-02
 2.20000E+01 3.68872E-01
 2.30000E+01 1.24212E+00
 2.40000E+01 3.07119E+00
 2.50000E+01 6.64532E+00
 2.60000E+01 1.26290E+01
 2.70000E+01 1.94769E+01
 2.80000E+01 2.74995E+01
 2.90000E+01 3.42770E+01
 3.00000E+01 4.05074E+01
 3.10000E+01 4.46515E+01
 3.20000E+01 4.79977E+01
 3.30000E+01 5.04862E+01
 3.40000E+01 5.17967E+01
 3.50000E+01 5.27508E+01
 3.60000E+01 5.27816E+01
 3.70000E+01 5.20959E+01
 3.80000E+01 5.10821E+01
 3.90000E+01 4.94824E+01
 4.00000E+01 4.81465E+01
