# n +  64Zn: Production of  60Co - Ground state
# Q-value    =-5.99626E+00 mass=  59.933816
# E-threshold= 6.09087E+00
# # energies =    40
#     E          xs      Branching
 1.00000E+00 0.00000E+00 0.00000E+00
 2.00000E+00 0.00000E+00 0.00000E+00
 3.00000E+00 0.00000E+00 0.00000E+00
 4.00000E+00 0.00000E+00 0.00000E+00
 5.00000E+00 0.00000E+00 0.00000E+00
 6.00000E+00 0.00000E+00 0.00000E+00
 7.00000E+00 0.00000E+00 0.00000E+00
 8.00000E+00 0.00000E+00 0.00000E+00
 9.00000E+00 0.00000E+00 0.00000E+00
 1.00000E+01 0.00000E+00 0.00000E+00
 1.10000E+01 0.00000E+00 0.00000E+00
 1.20000E+01 0.00000E+00 0.00000E+00
 1.30000E+01 0.00000E+00 0.00000E+00
 1.40000E+01 0.00000E+00 0.00000E+00
 1.50000E+01 3.89627E-03 7.79628E-01
 1.60000E+01 2.68404E-02 7.38350E-01
 1.70000E+01 1.12301E-01 6.94568E-01
 1.80000E+01 3.23129E-01 6.54225E-01
 1.90000E+01 6.83669E-01 6.14146E-01
 2.00000E+01 1.13544E+00 5.79444E-01
 2.10000E+01 1.63993E+00 5.53753E-01
 2.20000E+01 2.17653E+00 5.37736E-01
 2.30000E+01 2.77570E+00 5.31101E-01
 2.40000E+01 3.44690E+00 5.31866E-01
 2.50000E+01 4.16027E+00 5.37576E-01
 2.60000E+01 4.77075E+00 5.47232E-01
 2.70000E+01 5.34803E+00 5.56221E-01
 2.80000E+01 5.47990E+00 5.70561E-01
 2.90000E+01 5.41056E+00 5.78160E-01
 3.00000E+01 5.32261E+00 5.83574E-01
 3.10000E+01 4.92592E+00 5.94305E-01
 3.20000E+01 4.55305E+00 6.02183E-01
 3.30000E+01 4.30230E+00 6.05415E-01
 3.40000E+01 4.04202E+00 6.04761E-01
 3.50000E+01 3.68897E+00 6.15020E-01
 3.60000E+01 3.41874E+00 6.21647E-01
 3.70000E+01 3.28095E+00 6.24668E-01
 3.80000E+01 3.13443E+00 6.25085E-01
 3.90000E+01 2.98004E+00 6.24133E-01
 4.00000E+01 2.77707E+00 6.34329E-01
