# n +  64Zn: Production of  57Fe - Total
# Q-value    =-2.60068E+00 mass=  56.935392
# E-threshold= 2.64171E+00
# # energies =    40
#     E          xs
 1.00000E+00 0.00000E+00
 2.00000E+00 0.00000E+00
 3.00000E+00 0.00000E+00
 4.00000E+00 0.00000E+00
 5.00000E+00 0.00000E+00
 6.00000E+00 0.00000E+00
 7.00000E+00 0.00000E+00
 8.00000E+00 0.00000E+00
 9.00000E+00 0.00000E+00
 1.00000E+01 0.00000E+00
 1.10000E+01 0.00000E+00
 1.20000E+01 0.00000E+00
 1.30000E+01 0.00000E+00
 1.40000E+01 0.00000E+00
 1.50000E+01 0.00000E+00
 1.60000E+01 1.33891E-03
 1.70000E+01 7.79147E-03
 1.80000E+01 2.54070E-02
 1.90000E+01 8.63928E-02
 2.00000E+01 1.82062E-01
 2.10000E+01 3.55294E-01
 2.20000E+01 5.56805E-01
 2.30000E+01 7.55823E-01
 2.40000E+01 9.69842E-01
 2.50000E+01 1.12706E+00
 2.60000E+01 1.31687E+00
 2.70000E+01 1.44869E+00
 2.80000E+01 1.51040E+00
 2.90000E+01 1.58383E+00
 3.00000E+01 1.59905E+00
 3.10000E+01 1.58063E+00
 3.20000E+01 1.48238E+00
 3.30000E+01 1.38101E+00
 3.40000E+01 1.29222E+00
 3.50000E+01 1.22011E+00
 3.60000E+01 1.15022E+00
 3.70000E+01 1.07770E+00
 3.80000E+01 1.02695E+00
 3.90000E+01 9.57993E-01
 4.00000E+01 8.73843E-01
