# n +  70Zn: Production of  69Ni - Total
# Q-value    =-1.60927E+01 mass=  68.935610
# E-threshold= 1.63248E+01
# # energies =    40
#     E          xs
 1.00000E+00 0.00000E+00
 2.00000E+00 0.00000E+00
 3.00000E+00 0.00000E+00
 4.00000E+00 0.00000E+00
 5.00000E+00 0.00000E+00
 6.00000E+00 0.00000E+00
 7.00000E+00 0.00000E+00
 8.00000E+00 0.00000E+00
 9.00000E+00 0.00000E+00
 1.00000E+01 0.00000E+00
 1.10000E+01 0.00000E+00
 1.20000E+01 0.00000E+00
 1.30000E+01 0.00000E+00
 1.40000E+01 0.00000E+00
 1.50000E+01 0.00000E+00
 1.60000E+01 0.00000E+00
 1.70000E+01 0.00000E+00
 1.80000E+01 0.00000E+00
 1.90000E+01 0.00000E+00
 2.00000E+01 0.00000E+00
 2.10000E+01 0.00000E+00
 2.20000E+01 0.00000E+00
 2.30000E+01 0.00000E+00
 2.40000E+01 0.00000E+00
 2.50000E+01 0.00000E+00
 2.60000E+01 0.00000E+00
 2.70000E+01 0.00000E+00
 2.80000E+01 0.00000E+00
 2.90000E+01 1.20371E-03
 3.00000E+01 2.24838E-03
 3.10000E+01 3.87463E-03
 3.20000E+01 5.81572E-03
 3.30000E+01 8.45311E-03
 3.40000E+01 1.12141E-02
 3.50000E+01 1.39599E-02
 3.60000E+01 1.74215E-02
 3.70000E+01 1.99957E-02
 3.80000E+01 2.31253E-02
 3.90000E+01 2.52425E-02
 4.00000E+01 2.81116E-02
