# n +  68Zn: Production of  68Cu - Ground state
# Q-value    =-3.65770E+00 mass=  67.929611
# E-threshold= 3.71202E+00
# # energies =    40
#     E          xs      Branching
 1.00000E+00 0.00000E+00 0.00000E+00
 2.00000E+00 0.00000E+00 0.00000E+00
 3.00000E+00 0.00000E+00 0.00000E+00
 4.00000E+00 0.00000E+00 0.00000E+00
 5.00000E+00 0.00000E+00 0.00000E+00
 6.00000E+00 6.07382E-02 9.94383E-01
 7.00000E+00 5.03101E-01 9.61750E-01
 8.00000E+00 1.64167E+00 9.39746E-01
 9.00000E+00 4.41728E+00 9.27226E-01
 1.00000E+01 8.74915E+00 9.14017E-01
 1.10000E+01 1.37564E+01 8.99281E-01
 1.20000E+01 1.92915E+01 8.81776E-01
 1.30000E+01 2.44343E+01 8.61347E-01
 1.40000E+01 2.73885E+01 8.32104E-01
 1.50000E+01 2.79618E+01 7.99182E-01
 1.60000E+01 2.71168E+01 7.75532E-01
 1.70000E+01 2.58872E+01 7.61808E-01
 1.80000E+01 2.45567E+01 7.53318E-01
 1.90000E+01 2.33298E+01 7.46694E-01
 2.00000E+01 2.24611E+01 7.41566E-01
 2.10000E+01 2.14756E+01 7.32932E-01
 2.20000E+01 2.04930E+01 7.26873E-01
 2.30000E+01 1.97684E+01 7.22387E-01
 2.40000E+01 1.89869E+01 7.14360E-01
 2.50000E+01 1.89084E+01 7.14322E-01
 2.60000E+01 1.87543E+01 7.14143E-01
 2.70000E+01 1.75821E+01 7.04703E-01
 2.80000E+01 1.68663E+01 7.01353E-01
 2.90000E+01 1.63340E+01 6.96284E-01
 3.00000E+01 1.54094E+01 6.92196E-01
 3.10000E+01 1.42780E+01 6.83704E-01
 3.20000E+01 1.37095E+01 6.78794E-01
 3.30000E+01 1.31780E+01 6.78122E-01
 3.40000E+01 1.23230E+01 6.73852E-01
 3.50000E+01 1.16761E+01 6.69571E-01
 3.60000E+01 1.12222E+01 6.66932E-01
 3.70000E+01 1.07313E+01 6.66844E-01
 3.80000E+01 1.03004E+01 6.70950E-01
 3.90000E+01 9.72727E+00 6.66625E-01
 4.00000E+01 9.21555E+00 6.61044E-01
