# n +  70Zn: Production of  70Cu - Level  3     0.24260 MeV
# Q-value    =-6.04861E+00 mass=  69.932392
# E-threshold= 6.13586E+00
# # energies =    40
#     E          xs      Branching
 1.00000E+00 0.00000E+00 0.00000E+00
 2.00000E+00 0.00000E+00 0.00000E+00
 3.00000E+00 0.00000E+00 0.00000E+00
 4.00000E+00 0.00000E+00 0.00000E+00
 5.00000E+00 0.00000E+00 0.00000E+00
 6.00000E+00 0.00000E+00 0.00000E+00
 7.00000E+00 0.00000E+00 0.00000E+00
 8.00000E+00 7.85611E-04 2.02749E-01
 9.00000E+00 1.51702E-02 3.34365E-01
 1.00000E+01 7.12390E-02 4.08640E-01
 1.10000E+01 2.61339E-01 4.64061E-01
 1.20000E+01 5.88767E-01 4.44654E-01
 1.30000E+01 1.11286E+00 4.16781E-01
 1.40000E+01 1.82048E+00 3.89762E-01
 1.50000E+01 2.60738E+00 3.63260E-01
 1.60000E+01 3.35791E+00 3.41294E-01
 1.70000E+01 3.95953E+00 3.23737E-01
 1.80000E+01 4.43477E+00 3.10330E-01
 1.90000E+01 4.64686E+00 2.98197E-01
 2.00000E+01 4.70919E+00 2.87790E-01
 2.10000E+01 4.81671E+00 2.82954E-01
 2.20000E+01 4.62192E+00 2.72714E-01
 2.30000E+01 4.43778E+00 2.66017E-01
 2.40000E+01 4.24826E+00 2.54297E-01
 2.50000E+01 4.23791E+00 2.57225E-01
 2.60000E+01 4.10971E+00 2.52875E-01
 2.70000E+01 3.99315E+00 2.53825E-01
 2.80000E+01 4.03127E+00 2.58925E-01
 2.90000E+01 3.71605E+00 2.47928E-01
 3.00000E+01 3.57479E+00 2.50735E-01
 3.10000E+01 3.50975E+00 2.51269E-01
 3.20000E+01 3.33230E+00 2.45461E-01
 3.30000E+01 3.10844E+00 2.43631E-01
 3.40000E+01 3.07761E+00 2.51397E-01
 3.50000E+01 2.99938E+00 2.51672E-01
 3.60000E+01 2.92548E+00 2.51511E-01
 3.70000E+01 2.76777E+00 2.52255E-01
 3.80000E+01 2.60946E+00 2.54399E-01
 3.90000E+01 2.50278E+00 2.55638E-01
 4.00000E+01 2.42192E+00 2.56297E-01
