# n +  66Zn: Production of  60Co - Level  1     0.05859 MeV
# Q-value    =-1.66108E+01 mass=  59.933816
# E-threshold= 1.68650E+01
# # energies =    40
#     E          xs      Branching
 1.00000E+00 0.00000E+00 0.00000E+00
 2.00000E+00 0.00000E+00 0.00000E+00
 3.00000E+00 0.00000E+00 0.00000E+00
 4.00000E+00 0.00000E+00 0.00000E+00
 5.00000E+00 0.00000E+00 0.00000E+00
 6.00000E+00 0.00000E+00 0.00000E+00
 7.00000E+00 0.00000E+00 0.00000E+00
 8.00000E+00 0.00000E+00 0.00000E+00
 9.00000E+00 0.00000E+00 0.00000E+00
 1.00000E+01 0.00000E+00 0.00000E+00
 1.10000E+01 0.00000E+00 0.00000E+00
 1.20000E+01 0.00000E+00 0.00000E+00
 1.30000E+01 0.00000E+00 0.00000E+00
 1.40000E+01 0.00000E+00 0.00000E+00
 1.50000E+01 0.00000E+00 0.00000E+00
 1.60000E+01 0.00000E+00 0.00000E+00
 1.70000E+01 0.00000E+00 0.00000E+00
 1.80000E+01 0.00000E+00 0.00000E+00
 1.90000E+01 0.00000E+00 0.00000E+00
 2.00000E+01 0.00000E+00 0.00000E+00
 2.10000E+01 0.00000E+00 0.00000E+00
 2.20000E+01 0.00000E+00 0.00000E+00
 2.30000E+01 0.00000E+00 0.00000E+00
 2.40000E+01 0.00000E+00 0.00000E+00
 2.50000E+01 0.00000E+00 0.00000E+00
 2.60000E+01 0.00000E+00 0.00000E+00
 2.70000E+01 0.00000E+00 0.00000E+00
 2.80000E+01 0.00000E+00 0.00000E+00
 2.90000E+01 3.20296E-04 3.16310E-01
 3.00000E+01 9.69690E-04 3.60994E-01
 3.10000E+01 2.24667E-03 3.96557E-01
 3.20000E+01 4.24561E-03 4.19934E-01
 3.30000E+01 6.94522E-03 4.41865E-01
 3.40000E+01 1.03238E-02 4.49199E-01
 3.50000E+01 1.50765E-02 4.35752E-01
 3.60000E+01 2.24228E-02 4.11769E-01
 3.70000E+01 3.54221E-02 3.64972E-01
 3.80000E+01 7.27159E-02 3.42424E-01
 3.90000E+01 1.32170E-01 3.42586E-01
 4.00000E+01 2.25115E-01 3.46940E-01
