# n +  70Zn: Production of  67Zn - Total
# Q-value    =-2.58984E+01 mass=  66.927127
# E-threshold= 2.62720E+01
# # energies =    40
#     E          xs
 1.00000E+00 0.00000E+00
 2.00000E+00 0.00000E+00
 3.00000E+00 0.00000E+00
 4.00000E+00 0.00000E+00
 5.00000E+00 0.00000E+00
 6.00000E+00 0.00000E+00
 7.00000E+00 0.00000E+00
 8.00000E+00 0.00000E+00
 9.00000E+00 0.00000E+00
 1.00000E+01 0.00000E+00
 1.10000E+01 0.00000E+00
 1.20000E+01 0.00000E+00
 1.30000E+01 0.00000E+00
 1.40000E+01 0.00000E+00
 1.50000E+01 0.00000E+00
 1.60000E+01 0.00000E+00
 1.70000E+01 0.00000E+00
 1.80000E+01 0.00000E+00
 1.90000E+01 0.00000E+00
 2.00000E+01 0.00000E+00
 2.10000E+01 0.00000E+00
 2.20000E+01 0.00000E+00
 2.30000E+01 0.00000E+00
 2.40000E+01 0.00000E+00
 2.50000E+01 0.00000E+00
 2.60000E+01 0.00000E+00
 2.70000E+01 7.07868E-01
 2.80000E+01 6.43761E+00
 2.90000E+01 2.23783E+01
 3.00000E+01 4.94858E+01
 3.10000E+01 8.83015E+01
 3.20000E+01 1.33000E+02
 3.30000E+01 1.77734E+02
 3.40000E+01 2.19686E+02
 3.50000E+01 2.54243E+02
 3.60000E+01 2.84238E+02
 3.70000E+01 3.08036E+02
 3.80000E+01 3.20288E+02
 3.90000E+01 3.28783E+02
 4.00000E+01 3.28639E+02
