# n +  68Zn: Production of  65Zn - Total
# Q-value    =-2.83090E+01 mass=  64.929241
# E-threshold= 2.87294E+01
# # energies =    40
#     E          xs
 1.00000E+00 0.00000E+00
 2.00000E+00 0.00000E+00
 3.00000E+00 0.00000E+00
 4.00000E+00 0.00000E+00
 5.00000E+00 0.00000E+00
 6.00000E+00 0.00000E+00
 7.00000E+00 0.00000E+00
 8.00000E+00 0.00000E+00
 9.00000E+00 0.00000E+00
 1.00000E+01 0.00000E+00
 1.10000E+01 0.00000E+00
 1.20000E+01 0.00000E+00
 1.30000E+01 0.00000E+00
 1.40000E+01 0.00000E+00
 1.50000E+01 0.00000E+00
 1.60000E+01 0.00000E+00
 1.70000E+01 0.00000E+00
 1.80000E+01 0.00000E+00
 1.90000E+01 0.00000E+00
 2.00000E+01 0.00000E+00
 2.10000E+01 0.00000E+00
 2.20000E+01 0.00000E+00
 2.30000E+01 0.00000E+00
 2.40000E+01 0.00000E+00
 2.50000E+01 0.00000E+00
 2.60000E+01 0.00000E+00
 2.70000E+01 0.00000E+00
 2.80000E+01 0.00000E+00
 2.90000E+01 7.15028E-02
 3.00000E+01 1.85049E+00
 3.10000E+01 8.00560E+00
 3.20000E+01 2.08907E+01
 3.30000E+01 3.93682E+01
 3.40000E+01 6.06128E+01
 3.50000E+01 8.49066E+01
 3.60000E+01 1.08005E+02
 3.70000E+01 1.30370E+02
 3.80000E+01 1.48770E+02
 3.90000E+01 1.61943E+02
 4.00000E+01 1.73271E+02
