# n +  66Zn: Production of  67Zn - Total
# Q-value    = 7.05247E+00 mass=  66.927127
# E-threshold= 0.00000E+00
# # energies =    40
#     E          xs
 1.00000E+00 2.23986E+01
 2.00000E+00 1.22727E+01
 3.00000E+00 9.73050E+00
 4.00000E+00 5.94249E+00
 5.00000E+00 4.45330E+00
 6.00000E+00 3.52266E+00
 7.00000E+00 2.82664E+00
 8.00000E+00 2.32257E+00
 9.00000E+00 1.96574E+00
 1.00000E+01 1.69898E+00
 1.10000E+01 1.58716E+00
 1.20000E+01 1.50286E+00
 1.30000E+01 1.45641E+00
 1.40000E+01 1.39488E+00
 1.50000E+01 1.32482E+00
 1.60000E+01 1.22531E+00
 1.70000E+01 1.12139E+00
 1.80000E+01 1.00246E+00
 1.90000E+01 8.50125E-01
 2.00000E+01 7.26773E-01
 2.10000E+01 6.25662E-01
 2.20000E+01 5.33399E-01
 2.30000E+01 4.61035E-01
 2.40000E+01 4.09191E-01
 2.50000E+01 3.68593E-01
 2.60000E+01 3.33895E-01
 2.70000E+01 3.04910E-01
 2.80000E+01 2.81946E-01
 2.90000E+01 2.63532E-01
 3.00000E+01 2.47846E-01
 3.10000E+01 2.33425E-01
 3.20000E+01 2.20496E-01
 3.30000E+01 2.08692E-01
 3.40000E+01 1.97770E-01
 3.50000E+01 1.83071E-01
 3.60000E+01 1.75310E-01
 3.70000E+01 1.67319E-01
 3.80000E+01 1.61924E-01
 3.90000E+01 1.54837E-01
 4.00000E+01 1.51555E-01
