# n +  70Zn: Production of  70Zn - Total
# Q-value    =-8.84900E-01 mass=  69.925319
# E-threshold= 8.97665E-01
# # energies =    40
#     E          xs
 1.00000E+00 3.13713E+02
 2.00000E+00 1.08003E+03
 3.00000E+00 1.46167E+03
 4.00000E+00 1.66309E+03
 5.00000E+00 1.72677E+03
 6.00000E+00 1.70531E+03
 7.00000E+00 1.66629E+03
 8.00000E+00 1.63396E+03
 9.00000E+00 1.61170E+03
 1.00000E+01 1.49478E+03
 1.10000E+01 1.04328E+03
 1.20000E+01 7.23563E+02
 1.30000E+01 5.30766E+02
 1.40000E+01 4.28458E+02
 1.50000E+01 3.65168E+02
 1.60000E+01 3.27507E+02
 1.70000E+01 3.01559E+02
 1.80000E+01 2.81384E+02
 1.90000E+01 2.64968E+02
 2.00000E+01 2.51679E+02
 2.10000E+01 2.39181E+02
 2.20000E+01 2.27750E+02
 2.30000E+01 2.19473E+02
 2.40000E+01 2.10830E+02
 2.50000E+01 2.02115E+02
 2.60000E+01 1.94071E+02
 2.70000E+01 1.86738E+02
 2.80000E+01 1.81858E+02
 2.90000E+01 1.74670E+02
 3.00000E+01 1.68831E+02
 3.10000E+01 1.64401E+02
 3.20000E+01 1.58953E+02
 3.30000E+01 1.52840E+02
 3.40000E+01 1.47859E+02
 3.50000E+01 1.43708E+02
 3.60000E+01 1.39108E+02
 3.70000E+01 1.34005E+02
 3.80000E+01 1.29406E+02
 3.90000E+01 1.25538E+02
 4.00000E+01 1.21955E+02
