# n +  68Zn: Production of  69Zn - Total
# Q-value    = 6.48208E+00 mass=  68.926550
# E-threshold= 0.00000E+00
# # energies =    40
#     E          xs
 1.00000E+00 1.81191E+01
 2.00000E+00 1.03911E+01
 3.00000E+00 7.58547E+00
 4.00000E+00 4.81210E+00
 5.00000E+00 3.93145E+00
 6.00000E+00 3.39617E+00
 7.00000E+00 2.91638E+00
 8.00000E+00 2.48380E+00
 9.00000E+00 2.08325E+00
 1.00000E+01 1.78976E+00
 1.10000E+01 1.63566E+00
 1.20000E+01 1.54821E+00
 1.30000E+01 1.50341E+00
 1.40000E+01 1.44702E+00
 1.50000E+01 1.38054E+00
 1.60000E+01 1.28385E+00
 1.70000E+01 1.15334E+00
 1.80000E+01 1.00871E+00
 1.90000E+01 8.60038E-01
 2.00000E+01 7.11903E-01
 2.10000E+01 5.93148E-01
 2.20000E+01 5.07364E-01
 2.30000E+01 4.38747E-01
 2.40000E+01 3.82415E-01
 2.50000E+01 3.42787E-01
 2.60000E+01 3.12375E-01
 2.70000E+01 2.88696E-01
 2.80000E+01 2.66273E-01
 2.90000E+01 2.46702E-01
 3.00000E+01 2.31104E-01
 3.10000E+01 2.18240E-01
 3.20000E+01 2.07572E-01
 3.30000E+01 1.98001E-01
 3.40000E+01 1.88064E-01
 3.50000E+01 1.77891E-01
 3.60000E+01 1.66673E-01
 3.70000E+01 1.57238E-01
 3.80000E+01 1.53622E-01
 3.90000E+01 1.47077E-01
 4.00000E+01 1.43843E-01
