# n +  70Zn: Production of  68Zn - Total
# Q-value    =-1.57003E+01 mass=  67.924844
# E-threshold= 1.59268E+01
# # energies =    40
#     E          xs
 1.00000E+00 0.00000E+00
 2.00000E+00 0.00000E+00
 3.00000E+00 0.00000E+00
 4.00000E+00 0.00000E+00
 5.00000E+00 0.00000E+00
 6.00000E+00 0.00000E+00
 7.00000E+00 0.00000E+00
 8.00000E+00 0.00000E+00
 9.00000E+00 0.00000E+00
 1.00000E+01 0.00000E+00
 1.10000E+01 0.00000E+00
 1.20000E+01 0.00000E+00
 1.30000E+01 0.00000E+00
 1.40000E+01 0.00000E+00
 1.50000E+01 0.00000E+00
 1.60000E+01 1.07508E-01
 1.70000E+01 9.47516E+00
 1.80000E+01 5.13363E+01
 1.90000E+01 1.31483E+02
 2.00000E+01 2.32003E+02
 2.10000E+01 3.47341E+02
 2.20000E+01 4.52198E+02
 2.30000E+01 5.37209E+02
 2.40000E+01 5.97224E+02
 2.50000E+01 6.44178E+02
 2.60000E+01 6.74403E+02
 2.70000E+01 6.90786E+02
 2.80000E+01 6.95635E+02
 2.90000E+01 6.81696E+02
 3.00000E+01 6.54113E+02
 3.10000E+01 6.11119E+02
 3.20000E+01 5.61764E+02
 3.30000E+01 5.10203E+02
 3.40000E+01 4.61281E+02
 3.50000E+01 4.18067E+02
 3.60000E+01 3.79087E+02
 3.70000E+01 3.45235E+02
 3.80000E+01 3.18877E+02
 3.90000E+01 2.93837E+02
 4.00000E+01 2.76507E+02
