# n +  67Zn: Production of  66Zn - Total
# Q-value    =-7.05247E+00 mass=  65.926034
# E-threshold= 7.15876E+00
# # energies =    40
#     E          xs
 1.00000E+00 0.00000E+00
 2.00000E+00 0.00000E+00
 3.00000E+00 0.00000E+00
 4.00000E+00 0.00000E+00
 5.00000E+00 0.00000E+00
 6.00000E+00 0.00000E+00
 7.00000E+00 0.00000E+00
 8.00000E+00 9.97565E+01
 9.00000E+00 3.50000E+02
 1.00000E+01 6.11779E+02
 1.10000E+01 8.17377E+02
 1.20000E+01 9.55690E+02
 1.30000E+01 1.03343E+03
 1.40000E+01 1.06876E+03
 1.50000E+01 1.07900E+03
 1.60000E+01 1.07486E+03
 1.70000E+01 1.06255E+03
 1.80000E+01 1.04486E+03
 1.90000E+01 1.01565E+03
 2.00000E+01 9.55964E+02
 2.10000E+01 8.66001E+02
 2.20000E+01 7.63855E+02
 2.30000E+01 6.63547E+02
 2.40000E+01 5.75396E+02
 2.50000E+01 5.08444E+02
 2.60000E+01 4.55636E+02
 2.70000E+01 4.16618E+02
 2.80000E+01 3.84816E+02
 2.90000E+01 3.59197E+02
 3.00000E+01 3.41492E+02
 3.10000E+01 3.22260E+02
 3.20000E+01 3.10630E+02
 3.30000E+01 2.97298E+02
 3.40000E+01 2.87889E+02
 3.50000E+01 2.75686E+02
 3.60000E+01 2.66003E+02
 3.70000E+01 2.59133E+02
 3.80000E+01 2.50207E+02
 3.90000E+01 2.42724E+02
 4.00000E+01 2.35745E+02
