# n +  67Zn: Production of  68Zn - Total
# Q-value    = 1.01981E+01 mass=  67.924844
# E-threshold= 0.00000E+00
# # energies =    40
#     E          xs
 1.00000E+00 1.03171E+01
 2.00000E+00 4.67230E+00
 3.00000E+00 3.33858E+00
 4.00000E+00 2.76411E+00
 5.00000E+00 2.25041E+00
 6.00000E+00 1.87634E+00
 7.00000E+00 1.66293E+00
 8.00000E+00 1.55924E+00
 9.00000E+00 1.52150E+00
 1.00000E+01 1.52070E+00
 1.10000E+01 1.50946E+00
 1.20000E+01 1.48316E+00
 1.30000E+01 1.44921E+00
 1.40000E+01 1.38607E+00
 1.50000E+01 1.32474E+00
 1.60000E+01 1.21863E+00
 1.70000E+01 1.08770E+00
 1.80000E+01 9.64125E-01
 1.90000E+01 8.00374E-01
 2.00000E+01 6.88497E-01
 2.10000E+01 6.07843E-01
 2.20000E+01 5.26256E-01
 2.30000E+01 4.66901E-01
 2.40000E+01 4.27068E-01
 2.50000E+01 3.97451E-01
 2.60000E+01 3.61581E-01
 2.70000E+01 3.33502E-01
 2.80000E+01 3.13868E-01
 2.90000E+01 2.98334E-01
 3.00000E+01 2.83014E-01
 3.10000E+01 2.65121E-01
 3.20000E+01 2.49520E-01
 3.30000E+01 2.37974E-01
 3.40000E+01 2.27169E-01
 3.50000E+01 2.16496E-01
 3.60000E+01 2.11189E-01
 3.70000E+01 1.99933E-01
 3.80000E+01 1.92929E-01
 3.90000E+01 1.84334E-01
 4.00000E+01 1.80558E-01
