# n +  70Zn: Production of  66Zn - Total
# Q-value    =-3.29509E+01 mass=  65.926034
# E-threshold= 3.34262E+01
# # energies =    40
#     E          xs
 1.00000E+00 0.00000E+00
 2.00000E+00 0.00000E+00
 3.00000E+00 0.00000E+00
 4.00000E+00 0.00000E+00
 5.00000E+00 0.00000E+00
 6.00000E+00 0.00000E+00
 7.00000E+00 0.00000E+00
 8.00000E+00 0.00000E+00
 9.00000E+00 0.00000E+00
 1.00000E+01 0.00000E+00
 1.10000E+01 0.00000E+00
 1.20000E+01 0.00000E+00
 1.30000E+01 0.00000E+00
 1.40000E+01 0.00000E+00
 1.50000E+01 0.00000E+00
 1.60000E+01 0.00000E+00
 1.70000E+01 0.00000E+00
 1.80000E+01 0.00000E+00
 1.90000E+01 0.00000E+00
 2.00000E+01 0.00000E+00
 2.10000E+01 0.00000E+00
 2.20000E+01 0.00000E+00
 2.30000E+01 0.00000E+00
 2.40000E+01 0.00000E+00
 2.50000E+01 0.00000E+00
 2.60000E+01 0.00000E+00
 2.70000E+01 0.00000E+00
 2.80000E+01 0.00000E+00
 2.90000E+01 0.00000E+00
 3.00000E+01 0.00000E+00
 3.10000E+01 0.00000E+00
 3.20000E+01 0.00000E+00
 3.30000E+01 0.00000E+00
 3.40000E+01 1.26909E-02
 3.50000E+01 1.93226E-01
 3.60000E+01 1.01292E+00
 3.70000E+01 3.09907E+00
 3.80000E+01 7.18652E+00
 3.90000E+01 1.37791E+01
 4.00000E+01 2.30603E+01
