# n +  64Zn: Production of  63Zn - Total
# Q-value    =-1.18619E+01 mass=  62.933211
# E-threshold= 1.20491E+01
# # energies =    40
#     E          xs
 1.00000E+00 0.00000E+00
 2.00000E+00 0.00000E+00
 3.00000E+00 0.00000E+00
 4.00000E+00 0.00000E+00
 5.00000E+00 0.00000E+00
 6.00000E+00 0.00000E+00
 7.00000E+00 0.00000E+00
 8.00000E+00 0.00000E+00
 9.00000E+00 0.00000E+00
 1.00000E+01 0.00000E+00
 1.10000E+01 0.00000E+00
 1.20000E+01 0.00000E+00
 1.30000E+01 3.70504E+01
 1.40000E+01 1.23662E+02
 1.50000E+01 2.12657E+02
 1.60000E+01 2.73079E+02
 1.70000E+01 3.06146E+02
 1.80000E+01 3.19523E+02
 1.90000E+01 3.21937E+02
 2.00000E+01 3.19614E+02
 2.10000E+01 3.15232E+02
 2.20000E+01 3.06388E+02
 2.30000E+01 2.89451E+02
 2.40000E+01 2.65330E+02
 2.50000E+01 2.39381E+02
 2.60000E+01 2.15753E+02
 2.70000E+01 1.96532E+02
 2.80000E+01 1.80348E+02
 2.90000E+01 1.68525E+02
 3.00000E+01 1.59211E+02
 3.10000E+01 1.51818E+02
 3.20000E+01 1.46426E+02
 3.30000E+01 1.41278E+02
 3.40000E+01 1.37227E+02
 3.50000E+01 1.33972E+02
 3.60000E+01 1.30433E+02
 3.70000E+01 1.27569E+02
 3.80000E+01 1.25067E+02
 3.90000E+01 1.22297E+02
 4.00000E+01 1.19393E+02
