# n +  68Zn: Production of  66Zn - Total
# Q-value    =-1.72506E+01 mass=  65.926034
# E-threshold= 1.75067E+01
# # energies =    40
#     E          xs
 1.00000E+00 0.00000E+00
 2.00000E+00 0.00000E+00
 3.00000E+00 0.00000E+00
 4.00000E+00 0.00000E+00
 5.00000E+00 0.00000E+00
 6.00000E+00 0.00000E+00
 7.00000E+00 0.00000E+00
 8.00000E+00 0.00000E+00
 9.00000E+00 0.00000E+00
 1.00000E+01 0.00000E+00
 1.10000E+01 0.00000E+00
 1.20000E+01 0.00000E+00
 1.30000E+01 0.00000E+00
 1.40000E+01 0.00000E+00
 1.50000E+01 0.00000E+00
 1.60000E+01 0.00000E+00
 1.70000E+01 0.00000E+00
 1.80000E+01 1.39352E+00
 1.90000E+01 1.61072E+01
 2.00000E+01 5.81698E+01
 2.10000E+01 1.23383E+02
 2.20000E+01 2.01513E+02
 2.30000E+01 2.78977E+02
 2.40000E+01 3.48146E+02
 2.50000E+01 3.98277E+02
 2.60000E+01 4.38040E+02
 2.70000E+01 4.63469E+02
 2.80000E+01 4.79206E+02
 2.90000E+01 4.88128E+02
 3.00000E+01 4.87810E+02
 3.10000E+01 4.83060E+02
 3.20000E+01 4.67262E+02
 3.30000E+01 4.43779E+02
 3.40000E+01 4.18808E+02
 3.50000E+01 3.87418E+02
 3.60000E+01 3.58515E+02
 3.70000E+01 3.30873E+02
 3.80000E+01 3.04650E+02
 3.90000E+01 2.83933E+02
 4.00000E+01 2.66347E+02
