# n +  67Zn: Production of  67Zn - Total
# Q-value    =-9.33120E-02 mass=  66.927127
# E-threshold= 9.47183E-02
# # energies =    40
#     E          xs
 1.00000E+00 1.03269E+03
 2.00000E+00 1.45935E+03
 3.00000E+00 1.60512E+03
 4.00000E+00 1.70551E+03
 5.00000E+00 1.72090E+03
 6.00000E+00 1.68362E+03
 7.00000E+00 1.63657E+03
 8.00000E+00 1.49738E+03
 9.00000E+00 1.21518E+03
 1.00000E+01 9.25637E+02
 1.10000E+01 6.93331E+02
 1.20000E+01 5.27085E+02
 1.30000E+01 4.19944E+02
 1.40000E+01 3.53755E+02
 1.50000E+01 3.12326E+02
 1.60000E+01 2.85727E+02
 1.70000E+01 2.67274E+02
 1.80000E+01 2.52337E+02
 1.90000E+01 2.40405E+02
 2.00000E+01 2.29800E+02
 2.10000E+01 2.20887E+02
 2.20000E+01 2.12275E+02
 2.30000E+01 2.02229E+02
 2.40000E+01 1.95591E+02
 2.50000E+01 1.90040E+02
 2.60000E+01 1.84397E+02
 2.70000E+01 1.78976E+02
 2.80000E+01 1.72660E+02
 2.90000E+01 1.67377E+02
 3.00000E+01 1.63062E+02
 3.10000E+01 1.59092E+02
 3.20000E+01 1.54112E+02
 3.30000E+01 1.49062E+02
 3.40000E+01 1.44394E+02
 3.50000E+01 1.40136E+02
 3.60000E+01 1.36387E+02
 3.70000E+01 1.31678E+02
 3.80000E+01 1.26798E+02
 3.90000E+01 1.22620E+02
 4.00000E+01 1.18884E+02
