# n +  64Zn: Production of  62Zn - Total
# Q-value    =-2.09787E+01 mass=  61.934333
# E-threshold= 2.13097E+01
# # energies =    40
#     E          xs
 1.00000E+00 0.00000E+00
 2.00000E+00 0.00000E+00
 3.00000E+00 0.00000E+00
 4.00000E+00 0.00000E+00
 5.00000E+00 0.00000E+00
 6.00000E+00 0.00000E+00
 7.00000E+00 0.00000E+00
 8.00000E+00 0.00000E+00
 9.00000E+00 0.00000E+00
 1.00000E+01 0.00000E+00
 1.10000E+01 0.00000E+00
 1.20000E+01 0.00000E+00
 1.30000E+01 0.00000E+00
 1.40000E+01 0.00000E+00
 1.50000E+01 0.00000E+00
 1.60000E+01 0.00000E+00
 1.70000E+01 0.00000E+00
 1.80000E+01 0.00000E+00
 1.90000E+01 0.00000E+00
 2.00000E+01 0.00000E+00
 2.10000E+01 0.00000E+00
 2.20000E+01 2.41207E-01
 2.30000E+01 1.31060E+00
 2.40000E+01 3.75920E+00
 2.50000E+01 6.85875E+00
 2.60000E+01 1.10360E+01
 2.70000E+01 1.54169E+01
 2.80000E+01 1.95486E+01
 2.90000E+01 2.32094E+01
 3.00000E+01 2.60005E+01
 3.10000E+01 2.81881E+01
 3.20000E+01 2.99081E+01
 3.30000E+01 3.04585E+01
 3.40000E+01 3.03233E+01
 3.50000E+01 2.97483E+01
 3.60000E+01 2.87098E+01
 3.70000E+01 2.74632E+01
 3.80000E+01 2.63058E+01
 3.90000E+01 2.51661E+01
 4.00000E+01 2.42821E+01
