# n +  68Zn Total cross sections
# 
# 
# # energies =    40
#    E      Cross section
 1.00000E+00 3.98564E+03
 2.00000E+00 3.18606E+03
 3.00000E+00 3.28946E+03
 4.00000E+00 3.59363E+03
 5.00000E+00 3.80052E+03
 6.00000E+00 3.87755E+03
 7.00000E+00 3.86670E+03
 8.00000E+00 3.80161E+03
 9.00000E+00 3.70428E+03
 1.00000E+01 3.58881E+03
 1.10000E+01 3.46380E+03
 1.20000E+01 3.33606E+03
 1.30000E+01 3.21243E+03
 1.40000E+01 3.09840E+03
 1.50000E+01 2.99619E+03
 1.60000E+01 2.90497E+03
 1.70000E+01 2.82272E+03
 1.80000E+01 2.74822E+03
 1.90000E+01 2.68161E+03
 2.00000E+01 2.62386E+03
 2.10000E+01 2.57599E+03
 2.20000E+01 2.53856E+03
 2.30000E+01 2.51144E+03
 2.40000E+01 2.49390E+03
 2.50000E+01 2.48480E+03
 2.60000E+01 2.48276E+03
 2.70000E+01 2.48639E+03
 2.80000E+01 2.49449E+03
 2.90000E+01 2.50600E+03
 3.00000E+01 2.52014E+03
 3.10000E+01 2.53630E+03
 3.20000E+01 2.55399E+03
 3.30000E+01 2.57281E+03
 3.40000E+01 2.59242E+03
 3.50000E+01 2.61248E+03
 3.60000E+01 2.63269E+03
 3.70000E+01 2.65275E+03
 3.80000E+01 2.67238E+03
 3.90000E+01 2.69133E+03
 4.00000E+01 2.70939E+03
