# n +  64Zn Total cross sections
# 
# 
# # energies =    40
#     E      Non-elastic    Elastic     Total     Comp. el.   Shape el.   Reaction   Comp. nonel   Direct    Pre-equil.  Dir. Capt.
 1.00000E+00 4.18757E+01 4.07433E+03 4.11622E+03 2.20496E+03 1.86937E+03 2.24684E+03 4.18757E+01 0.00000E+00 0.00000E+00 0.00000E+00
 2.00000E+00 1.10754E+03 2.39064E+03 3.49818E+03 9.61675E+02 1.42897E+03 2.06921E+03 1.04438E+03 6.31509E+01 0.00000E+00 0.00000E+00
 3.00000E+00 1.50335E+03 1.99260E+03 3.49595E+03 4.67021E+02 1.52558E+03 1.97037E+03 1.39594E+03 1.07413E+02 0.00000E+00 0.00000E+00
 4.00000E+00 1.83096E+03 1.81491E+03 3.64587E+03 9.36104E+01 1.72130E+03 1.92457E+03 1.67891E+03 1.44846E+02 6.59084E+00 0.00000E+00
 5.00000E+00 1.83393E+03 1.90488E+03 3.73881E+03 2.55180E+01 1.87936E+03 1.85945E+03 1.63893E+03 1.54051E+02 3.93548E+01 0.00000E+00
 6.00000E+00 1.78236E+03 1.97431E+03 3.75667E+03 9.12262E+00 1.96519E+03 1.79148E+03 1.55564E+03 1.51255E+02 7.34531E+01 0.00000E+00
 7.00000E+00 1.73419E+03 1.98900E+03 3.72319E+03 3.69833E+00 1.98530E+03 1.73789E+03 1.47838E+03 1.46521E+02 1.06963E+02 0.00000E+00
 8.00000E+00 1.69943E+03 1.95809E+03 3.65752E+03 1.60464E+00 1.95649E+03 1.70103E+03 1.41032E+03 1.42089E+02 1.40676E+02 0.00000E+00
 9.00000E+00 1.67286E+03 1.89491E+03 3.56778E+03 7.19393E-01 1.89419E+03 1.67358E+03 1.34111E+03 1.37884E+02 1.80605E+02 0.00000E+00
 1.00000E+01 1.64848E+03 1.81100E+03 3.45948E+03 3.27982E-01 1.81067E+03 1.64881E+03 1.27473E+03 1.34562E+02 2.23127E+02 0.00000E+00
 1.10000E+01 1.62459E+03 1.71610E+03 3.34069E+03 1.49833E-01 1.71595E+03 1.62474E+03 1.20764E+03 1.32238E+02 2.67647E+02 0.00000E+00
 1.20000E+01 1.60226E+03 1.61803E+03 3.22029E+03 3.21665E-02 1.61800E+03 1.60229E+03 1.14144E+03 1.30150E+02 3.12876E+02 0.00000E+00
 1.30000E+01 1.58267E+03 1.52253E+03 3.10520E+03 1.46424E-02 1.52252E+03 1.58268E+03 1.07711E+03 1.28097E+02 3.59148E+02 0.00000E+00
 1.40000E+01 1.56614E+03 1.43325E+03 2.99938E+03 6.68036E-03 1.43324E+03 1.56615E+03 1.01538E+03 1.26195E+02 4.06043E+02 0.00000E+00
 1.50000E+01 1.55167E+03 1.35256E+03 2.90423E+03 3.06205E-03 1.35256E+03 1.55167E+03 9.55985E+02 1.24626E+02 4.52510E+02 0.00000E+00
 1.60000E+01 1.53765E+03 1.28197E+03 2.81962E+03 1.41054E-03 1.28197E+03 1.53765E+03 8.98372E+02 1.23012E+02 4.97755E+02 0.00000E+00
 1.70000E+01 1.52277E+03 1.22215E+03 2.74492E+03 6.53301E-04 1.22215E+03 1.52277E+03 8.42933E+02 1.20864E+02 5.40140E+02 0.00000E+00
 1.80000E+01 1.50630E+03 1.17311E+03 2.67942E+03 3.03885E-04 1.17311E+03 1.50630E+03 7.87552E+02 1.19173E+02 5.79513E+02 0.00000E+00
 1.90000E+01 1.48821E+03 1.13436E+03 2.62257E+03 1.42411E-04 1.13436E+03 1.48821E+03 7.33954E+02 1.17310E+02 6.16144E+02 0.00000E+00
 2.00000E+01 1.46901E+03 1.10515E+03 2.57416E+03 6.74313E-05 1.10515E+03 1.46901E+03 6.82311E+02 1.15266E+02 6.49868E+02 0.00000E+00
 2.10000E+01 1.44954E+03 1.08477E+03 2.53431E+03 3.23525E-05 1.08477E+03 1.44954E+03 6.34457E+02 1.13174E+02 6.79396E+02 0.00000E+00
 2.20000E+01 1.43055E+03 1.07259E+03 2.50313E+03 1.56959E-05 1.07259E+03 1.43055E+03 5.87495E+02 1.11113E+02 7.08479E+02 0.00000E+00
 2.30000E+01 1.41247E+03 1.06803E+03 2.48051E+03 7.76235E-06 1.06803E+03 1.41247E+03 5.44744E+02 1.08921E+02 7.34520E+02 0.00000E+00
 2.40000E+01 1.39545E+03 1.07046E+03 2.46591E+03 3.93086E-06 1.07046E+03 1.39545E+03 5.06642E+02 1.06746E+02 7.57009E+02 0.00000E+00
 2.50000E+01 1.37935E+03 1.07918E+03 2.45853E+03 2.00932E-06 1.07918E+03 1.37935E+03 4.63502E+02 1.05075E+02 7.84879E+02 0.00000E+00
 2.60000E+01 1.36394E+03 1.09341E+03 2.45736E+03 1.07619E-06 1.09341E+03 1.36394E+03 4.29521E+02 1.03024E+02 8.04596E+02 0.00000E+00
 2.70000E+01 1.34901E+03 1.11235E+03 2.46136E+03 6.04591E-07 1.11235E+03 1.34901E+03 3.97396E+02 1.01083E+02 8.22898E+02 0.00000E+00
 2.80000E+01 1.33437E+03 1.13517E+03 2.46954E+03 3.61537E-07 1.13517E+03 1.33437E+03 3.65190E+02 1.00858E+02 8.40032E+02 0.00000E+00
 2.90000E+01 1.31993E+03 1.16109E+03 2.48102E+03 2.37723E-07 1.16109E+03 1.31993E+03 3.37650E+02 9.89395E+01 8.54590E+02 0.00000E+00
 3.00000E+01 1.30566E+03 1.18939E+03 2.49505E+03 1.73045E-07 1.18939E+03 1.30566E+03 3.11827E+02 9.70381E+01 8.67402E+02 0.00000E+00
 3.10000E+01 1.29159E+03 1.21941E+03 2.51100E+03 1.39036E-07 1.21941E+03 1.29159E+03 2.87773E+02 9.51123E+01 8.78529E+02 0.00000E+00
 3.20000E+01 1.27776E+03 1.25059E+03 2.52835E+03 1.21286E-07 1.25059E+03 1.27776E+03 2.68968E+02 9.17667E+01 8.86224E+02 0.00000E+00
 3.30000E+01 1.26423E+03 1.28243E+03 2.54666E+03 1.11524E-07 1.28243E+03 1.26423E+03 2.47597E+02 8.98746E+01 8.95297E+02 0.00000E+00
 3.40000E+01 1.25102E+03 1.31452E+03 2.56554E+03 1.06277E-07 1.31452E+03 1.25102E+03 2.27537E+02 8.80078E+01 9.03260E+02 0.00000E+00
 3.50000E+01 1.23818E+03 1.34648E+03 2.58466E+03 1.03440E-07 1.34648E+03 1.23818E+03 2.08647E+02 8.61770E+01 9.10369E+02 0.00000E+00
 3.60000E+01 1.22570E+03 1.37803E+03 2.60373E+03 1.01895E-07 1.37803E+03 1.22570E+03 1.90854E+02 8.44400E+01 9.16740E+02 0.00000E+00
 3.70000E+01 1.21359E+03 1.40889E+03 2.62248E+03 1.01050E-07 1.40889E+03 1.21359E+03 1.74259E+02 8.26492E+01 9.22467E+02 0.00000E+00
 3.80000E+01 1.20183E+03 1.43885E+03 2.64068E+03 1.00584E-07 1.43885E+03 1.20183E+03 1.58549E+02 8.08922E+01 9.27714E+02 0.00000E+00
 3.90000E+01 1.19041E+03 1.46771E+03 2.65812E+03 1.00326E-07 1.46771E+03 1.19041E+03 1.43665E+02 7.92786E+01 9.32387E+02 0.00000E+00
 4.00000E+01 1.17931E+03 1.49530E+03 2.67461E+03 1.00182E-07 1.49530E+03 1.17931E+03 1.29682E+02 7.75599E+01 9.36664E+02 0.00000E+00
